date,1. open,2. high,3. low,4. close,5. volume
2021-03-15,18.7,19.05,18.65,18.98,527313.0
2021-03-12,18.43,18.82,18.43,18.64,539839.0
2021-03-11,18.6,18.65,18.33,18.43,490369.0
2021-03-10,18.41,18.56,18.27,18.49,574253.0
2021-03-09,18.44,18.51,18.2,18.4,945982.0
2021-03-08,18.01,18.465,17.89,18.15,1036378.0
2021-03-05,18.46,18.54,17.3,17.76,2223535.0
2021-03-04,18.55,18.74,18.13,18.29,2578948.0
2021-03-03,19.21,19.529,19.13,19.13,482479.0
2021-03-02,19.03,19.274,18.905,19.19,263733.0
2021-03-01,19.13,19.395,18.89,19.03,319999.0
2021-02-26,18.72,19.04,18.59,18.82,408927.0
2021-02-25,18.99,19.24,18.58,18.69,391769.0
2021-02-24,18.82,19.09,18.7664,18.99,314947.0
2021-02-23,18.9,18.93,18.45,18.73,303806.0
2021-02-22,18.88,19.09,18.81,18.89,396874.0
2021-02-19,18.7,19.0,18.7,18.88,345125.0
2021-02-18,18.89,18.97,18.65,18.77,474663.0
2021-02-17,18.98,19.1,18.706,18.8,373309.0
2021-02-16,18.7,19.1526,18.64,18.97,754631.0
2021-02-12,18.57,18.72,18.44,18.58,374665.0
2021-02-11,18.41,18.68,18.3,18.51,244273.0
2021-02-10,18.49,18.6436,18.35,18.43,338629.0
2021-02-09,18.38,18.496,18.23,18.48,351395.0
2021-02-08,18.5,18.64,18.18,18.38,525118.0
2021-02-05,18.09,18.48,17.99,18.45,680980.0
2021-02-04,18.02,18.29,17.85,18.0,774316.0
2021-02-03,18.0,18.1267,17.78,17.81,635166.0
2021-02-02,17.9,18.02,17.71,18.02,510166.0
2021-02-01,18.14,18.14,17.52,17.78,1005085.0
2021-01-29,18.16,18.29,18.03,18.05,1872077.0
2021-01-28,18.52,18.93,18.45,18.75,602736.0
2021-01-27,18.45,18.61,18.17,18.45,422840.0
2021-01-26,18.59,18.68,18.4733,18.6,340073.0
2021-01-25,18.31,18.72,18.21,18.48,246340.0
2021-01-22,18.34,18.4635,18.17,18.43,386111.0
2021-01-21,18.45,18.725,18.36,18.6,415548.0
2021-01-20,18.07,18.46,18.0407,18.46,298378.0
2021-01-19,18.02,18.12,17.85,18.07,319612.0
2021-01-15,17.79,18.04,17.69,17.92,247022.0
2021-01-14,17.69,17.92,17.6,17.8,256924.0
2021-01-13,17.65,17.6667,17.49,17.59,153001.0
2021-01-12,17.57,17.63,17.45,17.6,222276.0
2021-01-11,17.68,17.8,17.49,17.53,246515.0
2021-01-08,17.67,17.68,17.45,17.68,203898.0
2021-01-07,17.56,17.78,17.41,17.64,237048.0
2021-01-06,17.49,17.71,17.39,17.52,345550.0
2021-01-05,17.55,17.67,17.28,17.35,434089.0
2021-01-04,17.86,17.9,17.42,17.58,413301.0
2020-12-31,17.58,17.82,17.53,17.8,190230.0
2020-12-30,17.5,17.78,17.42,17.56,225004.0
2020-12-29,17.67,17.74,17.415,17.5,232116.0
2020-12-28,17.82,18.02,17.64,17.65,221140.0
2020-12-24,17.82,17.88,17.58,17.72,91924.0
2020-12-23,17.66,18.0,17.59,17.81,219725.0
2020-12-22,17.76,17.76,17.51,17.62,315776.0
2020-12-21,17.9,17.987,17.58,17.75,412291.0
2020-12-18,17.93,18.1232,17.76,17.97,1328459.0
2020-12-17,18.13,18.21,18.04,18.15,362728.0
2020-12-16,18.4,18.4,18.04,18.1,335307.0
2020-12-15,18.3,18.41,18.18,18.35,302016.0
2020-12-14,18.16,18.23,18.0602,18.2,307235.0
2020-12-11,18.1,18.17,17.97,18.09,202355.0
2020-12-10,18.23,18.23,17.88,18.13,297794.0
2020-12-09,18.28,18.35,17.94,18.08,385848.0
2020-12-08,17.98,18.21,17.85,18.17,305416.0
2020-12-07,18.05,18.0603,17.75,17.83,291484.0
2020-12-04,17.85,18.04,17.83,18.03,297195.0
2020-12-03,17.8,17.87,17.68,17.83,193317.0
2020-12-02,17.7,17.89,17.65,17.75,247990.0
2020-12-01,17.82,18.03,17.62,17.7,307232.0
2020-11-30,17.9,17.9137,17.51,17.61,491386.0
2020-11-27,17.84,18.0,17.69,17.92,101711.0
2020-11-25,18.11,18.11,17.7,17.78,230979.0
2020-11-24,18.0,18.12,17.76,17.98,338658.0
2020-11-23,17.65,17.87,17.57,17.59,296340.0
2020-11-20,17.57,17.9,17.52,17.56,264049.0
2020-11-19,17.7,17.7,17.18,17.61,472004.0
2020-11-18,18.16,18.37,17.77,17.77,478039.0
2020-11-17,17.8,18.07,17.78,17.94,360404.0
2020-11-16,17.88,18.15,17.71,17.94,439723.0
2020-11-13,17.49,17.78,17.49,17.67,227352.0
2020-11-12,17.54,17.54,17.2,17.39,226074.0
2020-11-11,17.82,17.83,17.27,17.63,277173.0
2020-11-10,17.05,18.05,17.03,17.82,482904.0
2020-11-09,17.12,17.42,16.9,16.9,503277.0
2020-11-06,16.77,16.9,16.66,16.74,274300.0
2020-11-05,16.7,16.85,16.65,16.71,210760.0
2020-11-04,16.67,16.92,16.4,16.64,172924.0
2020-11-03,16.85,16.88,16.53,16.66,207858.0
2020-11-02,16.63,16.72,16.4301,16.71,207903.0
2020-10-30,16.8,16.9433,16.28,16.38,391213.0
2020-10-29,16.62,16.93,16.36,16.84,631658.0
2020-10-28,16.08,16.6619,16.0,16.54,721669.0
2020-10-27,15.84,16.12,15.75,16.0,294655.0
2020-10-26,15.9,15.915,15.49,15.77,291186.0
2020-10-23,15.97,16.18,15.85,16.02,272467.0
2020-10-22,15.87,15.99,15.76,15.89,204848.0
2020-10-21,15.95,16.05,15.78,15.93,243096.0
2020-10-20,16.04,16.15,15.9,15.92,261497.0
2020-10-19,16.2,16.2,15.93,15.94,304213.0
2020-10-16,15.94,16.11,15.86,16.01,156764.0
2020-10-15,16.03,16.12,15.91,15.98,176674.0
2020-10-14,16.0,16.16,15.96,16.11,308995.0
2020-10-13,15.98,16.1,15.94,16.02,132695.0
2020-10-12,16.08,16.14,15.92,16.07,157563.0
2020-10-09,16.39,16.4,16.03,16.09,226264.0
2020-10-08,15.88,16.35,15.86,16.27,336885.0
2020-10-07,15.8,15.87,15.65,15.78,237402.0
2020-10-06,15.75,16.06,15.64,15.67,258966.0
2020-10-05,15.64,15.78,15.59,15.72,189620.0
2020-10-02,14.98,15.65,14.98,15.6,309153.0
2020-10-01,15.24,15.29,15.03,15.29,250955.0
2020-09-30,15.2,15.43,15.13,15.21,187960.0
2020-09-29,15.62,15.655,15.08,15.2,267059.0
2020-09-28,15.32,15.79,15.32,15.61,313432.0
2020-09-25,15.06,15.31,14.99,15.27,244990.0
2020-09-24,15.29,15.355,14.52,15.13,869177.0
2020-09-23,15.74,15.875,15.35,15.36,630839.0
2020-09-22,15.94,16.0157,15.72,15.79,314300.0
2020-09-21,16.1,16.1001,15.69,15.83,467262.0
2020-09-18,16.1,16.32,15.94,16.28,934680.0
2020-09-17,15.97,16.23,15.78,15.98,401411.0
2020-09-16,15.84,16.15,15.79,16.06,248193.0
2020-09-15,15.78,15.925,15.7,15.76,164969.0
2020-09-14,15.4,15.77,15.23,15.74,369747.0
2020-09-11,15.5,15.5324,15.04,15.22,554484.0
2020-09-10,15.78,15.78,15.45,15.48,365470.0
2020-09-09,15.73,15.96,15.72,15.74,234631.0
2020-09-08,15.46,15.79,15.23,15.6,322341.0
2020-09-04,15.52,15.69,15.08,15.49,279246.0
2020-09-03,15.76,15.84,15.43,15.49,210140.0
2020-09-02,15.91,15.94,15.61,15.76,203441.0
2020-09-01,15.89,16.02,15.745,15.87,182130.0
2020-08-31,15.98,15.98,15.7,15.84,273279.0
2020-08-28,15.83,16.02,15.705,15.98,252803.0
2020-08-27,15.81,16.08,15.56,15.74,264370.0
2020-08-26,16.02,16.0202,15.85,15.92,236818.0
2020-08-25,16.2,16.29,15.68,15.99,340449.0
2020-08-24,15.85,16.25,15.7,16.14,285862.0
2020-08-21,15.93,15.96,15.7,15.76,248684.0
2020-08-20,15.83,16.1156,15.72,15.9,247186.0
2020-08-19,15.98,16.16,15.88,16.01,350311.0
2020-08-18,16.0,16.09,15.83,15.97,270235.0
2020-08-17,16.25,16.32,15.9421,16.0,393761.0
2020-08-14,15.68,16.0901,15.51,16.03,256021.0
2020-08-13,15.24,15.82,15.24,15.68,562606.0
2020-08-12,15.29,15.5,15.1375,15.28,261953.0
2020-08-11,15.73,15.95,15.18,15.29,290224.0
2020-08-10,15.41,15.84,15.34,15.58,307687.0
2020-08-07,15.05,15.34,14.94,15.34,228627.0
2020-08-06,15.26,15.43,15.065,15.1,166382.0
2020-08-05,15.03,15.29,15.03,15.16,244052.0
2020-08-04,15.17,15.23,14.67,14.96,321786.0
2020-08-03,15.4,15.417,15.07,15.26,425251.0
2020-07-31,15.4,15.6,15.1113,15.45,343578.0
2020-07-30,15.7,15.7,15.33,15.42,486703.0
2020-07-29,15.48,15.8,15.38,15.73,650123.0
2020-07-28,15.1,15.38,15.1,15.27,151825.0
2020-07-27,15.0,15.34,14.98,15.22,310495.0
2020-07-24,15.38,15.473,15.1,15.1,214288.0
2020-07-23,15.66,15.66,15.235,15.29,381794.0
2020-07-22,15.25,15.57,15.11,15.57,342447.0
2020-07-21,14.98,15.33,14.9,15.33,329586.0
2020-07-20,14.85,15.02,14.67,14.82,262561.0
2020-07-17,15.0,15.25,14.88,14.93,293092.0
2020-07-16,14.67,15.0,14.61,14.98,279109.0
2020-07-15,14.36,14.88,14.27,14.81,375518.0
2020-07-14,13.74,14.23,13.68,14.16,300710.0
2020-07-13,13.84,13.95,13.65,13.66,225829.0
2020-07-10,13.5,13.73,13.31,13.73,169856.0
2020-07-09,13.91,13.91,13.42,13.57,257404.0
2020-07-08,13.72,13.95,13.66,13.93,177303.0
2020-07-07,13.9,13.98,13.71,13.75,256237.0
2020-07-06,14.0,14.17,13.72,13.87,324526.0
2020-07-02,14.37,14.37,13.72,13.75,269272.0
2020-07-01,14.25,14.56,14.04,14.07,282090.0
2020-06-30,14.19,14.44,14.03,14.3,272709.0
2020-06-29,14.01,14.29,13.74,14.18,284459.0
2020-06-26,14.04,14.18,13.25,13.86,514576.0
2020-06-25,13.78,14.25,13.72,14.24,330603.0
2020-06-24,13.91,14.04,13.36,13.79,681355.0
2020-06-23,14.26,14.56,13.86,14.23,417681.0
2020-06-22,14.2,14.32,14.01,14.24,318220.0
2020-06-19,14.54,14.76,14.18,14.33,667260.0
2020-06-18,14.49,14.72,14.37,14.59,257852.0
2020-06-17,14.72,14.83,14.51,14.66,304191.0
2020-06-16,15.0,15.05,14.02,14.54,339892.0
2020-06-15,13.88,14.72,13.5,14.34,465937.0
2020-06-12,14.07,14.23,13.41,14.08,363678.0
2020-06-11,13.75,14.04,12.97,13.43,688543.0
2020-06-10,15.2,15.2,13.9,14.34,498069.0
2020-06-09,15.31,15.55,14.89,15.0,492533.0
2020-06-08,15.0,15.92,15.0,15.74,492532.0
2020-06-05,14.78,15.45,14.38,14.54,677218.0
2020-06-04,13.61,14.48,13.57,14.34,407617.0
2020-06-03,13.37,13.81,13.25,13.65,301393.0
2020-06-02,13.29,13.4,13.08,13.19,175922.0
2020-06-01,12.9,13.45,12.71,13.13,243401.0
2020-05-29,13.15,13.16,12.82,12.86,290454.0
2020-05-28,13.64,13.64,13.11,13.15,299831.0
2020-05-27,13.64,13.69,13.0,13.5,372740.0
2020-05-26,13.44,13.46,13.21,13.37,552482.0
2020-05-22,12.95,13.12,12.62,12.98,238207.0
2020-05-21,13.3,13.3,12.74,12.85,383769.0
2020-05-20,13.31,13.57,13.23,13.39,531402.0
2020-05-19,12.98,13.35,12.75,13.05,415748.0
2020-05-18,13.17,13.29,12.54,12.96,626824.0
2020-05-15,12.34,12.62,12.08,12.49,321283.0
2020-05-14,11.7,12.34,11.12,12.34,527758.0
2020-05-13,12.45,12.45,11.5,11.88,598683.0
2020-05-12,12.82,12.87,12.38,12.42,392914.0
2020-05-11,13.25,13.31,12.55,12.72,379589.0
2020-05-08,13.45,13.53,13.12,13.33,254259.0
2020-05-07,12.92,13.51,12.9,13.21,324278.0
2020-05-06,13.64,14.15,12.85,12.96,467720.0
2020-05-05,13.89,14.33,13.63,13.64,290888.0
2020-05-04,13.52,13.8,13.32,13.55,388854.0
2020-05-01,14.2,14.2,13.55,13.8,401867.0
2020-04-30,14.51,14.8,14.11,14.31,430701.0
2020-04-29,14.79,15.18,14.3,14.78,597729.0
2020-04-28,13.88,14.45,13.53,14.17,462305.0
2020-04-27,13.26,13.86,13.07,13.56,266630.0
2020-04-24,13.39,13.41,12.93,13.26,430346.0
2020-04-23,13.53,13.95,13.4,13.49,243473.0
2020-04-22,14.0,14.0,13.26,13.56,294832.0
2020-04-21,13.25,13.82,13.05,13.74,380670.0
2020-04-20,13.59,14.35,13.52,13.74,580502.0
2020-04-17,13.85,14.18,12.39,14.05,713019.0
2020-04-16,13.38,13.69,12.86,13.12,487969.0
2020-04-15,13.69,13.82,13.04,13.2,1022242.0
2020-04-14,14.5,14.82,13.16,13.88,571019.0
2020-04-13,14.15,14.19,13.0,13.95,463607.0
2020-04-09,13.71,15.25,13.23,14.0,990326.0
2020-04-08,12.16,13.09,12.0,12.97,1224654.0
2020-04-07,11.12,12.14,10.88,11.05,1009698.0
2020-04-06,10.01,11.24,9.79,10.26,619613.0
2020-04-03,9.79,9.79,8.59,9.22,726556.0
2020-04-02,9.34,10.0,9.33,9.94,502810.0
2020-04-01,9.72,10.0,8.76,9.3,525409.0
2020-03-31,10.71,11.19,10.38,10.44,526245.0
2020-03-30,11.85,11.93,10.5,10.8,389673.0
2020-03-27,12.75,13.15,11.63,11.96,562320.0
2020-03-26,10.39,15.11,10.39,13.19,1477753.0
2020-03-25,8.71,11.41,8.62,9.79,1024822.0
2020-03-24,11.2,11.28,8.53,8.54,936438.0
2020-03-23,12.1,12.46,10.14,10.87,529617.0
2020-03-20,11.07,12.91,11.05,11.84,896469.0
2020-03-19,9.7,12.84,9.16,11.08,1018102.0
2020-03-18,11.53,11.53,7.04,9.68,1057315.0
2020-03-17,12.12,12.25,10.8,12.03,935066.0
2020-03-16,11.46,14.07,11.27,11.99,1244157.0
2020-03-13,13.12,13.45,11.69,12.13,604235.0
2020-03-12,13.92,14.3,12.29,12.38,950933.0
2020-03-11,15.43,15.58,14.76,14.94,495811.0
2020-03-10,16.0,16.25,15.23,15.83,397591.0
2020-03-09,16.36,16.52,14.0,15.58,622927.0
2020-03-06,17.92,17.96,17.04,17.55,560675.0
2020-03-05,18.21,18.46,18.02,18.33,358279.0
2020-03-04,18.48,18.76,18.07,18.55,392041.0
2020-03-03,18.08,18.62,17.93,18.32,547671.0
2020-03-02,17.14,18.11,17.12,18.04,805299.0
2020-02-28,17.34,17.35,16.65,17.1,733762.0
2020-02-27,18.34,18.35,17.57,17.58,699929.0
2020-02-26,18.4,18.98,18.32,18.5,632781.0
2020-02-25,19.01,19.33,18.39,18.51,681649.0
2020-02-24,19.01,19.27,18.79,19.05,632686.0
2020-02-21,20.01,20.05,19.46,19.46,381042.0
2020-02-20,19.94,20.34,19.9,20.17,501290.0
2020-02-19,19.67,19.97,19.67,19.89,304100.0
2020-02-18,19.43,19.72,19.3,19.64,388253.0
2020-02-14,19.01,19.23,18.99,19.19,255733.0
2020-02-13,18.99,19.12,18.95,19.07,216543.0
2020-02-12,19.09,19.18,18.94,18.95,191289.0
2020-02-11,19.14,19.14,18.9,19.06,339162.0
2020-02-10,18.97,19.23,18.95,19.15,311288.0
2020-02-07,18.86,19.1,18.86,18.9,337989.0
2020-02-06,18.24,19.27,18.24,18.75,896427.0
2020-02-05,17.85,18.03,17.81,17.99,213030.0
2020-02-04,17.96,17.96,17.72,17.82,205666.0
2020-02-03,17.88,17.98,17.84,17.93,170193.0
2020-01-31,17.88,17.96,17.76,17.82,242437.0
2020-01-30,17.75,17.97,17.75,17.88,180142.0
2020-01-29,17.7,17.84,17.7,17.83,171600.0
2020-01-28,17.63,17.79,17.63,17.7,145810.0
2020-01-27,17.7,17.74,17.56,17.59,258877.0
2020-01-24,18.04,18.13,17.77,17.81,216175.0
2020-01-23,18.0,18.2,17.99,18.11,225271.0
2020-01-22,18.15,18.2,18.09,18.14,224760.0
2020-01-21,18.0,18.15,17.99,18.1,451440.0
2020-01-17,18.0,18.07,17.88,17.99,278057.0
2020-01-16,18.02,18.05,17.95,17.99,194134.0
2020-01-15,17.8,18.0,17.79,17.99,172559.0
2020-01-14,17.84,17.92,17.72,17.8,260288.0
2020-01-13,17.52,17.69,17.43,17.68,169070.0
2020-01-10,17.3,17.5,17.28,17.49,152023.0
2020-01-09,17.3,17.49,17.26,17.31,162381.0
2020-01-08,17.36,17.47,17.29,17.3,149945.0
2020-01-07,17.23,17.4,17.19,17.39,192413.0
2020-01-06,17.06,17.29,17.05,17.19,189301.0
2020-01-03,16.87,17.08,16.86,17.04,175246.0
2020-01-02,16.99,17.01,16.82,16.94,197215.0
2019-12-31,16.98,17.04,16.91,16.94,102199.0
2019-12-30,17.08,17.14,16.95,16.98,159850.0
2019-12-27,17.09,17.15,17.02,17.08,192922.0
2019-12-26,17.03,17.16,17.02,17.05,248339.0
2019-12-24,16.89,17.07,16.87,17.02,90620.0
2019-12-23,16.94,16.95,16.83,16.9,184208.0
2019-12-20,17.0,17.0,16.89,16.94,794817.0
2019-12-19,17.13,17.23,17.07,17.15,383344.0
2019-12-18,17.15,17.19,17.02,17.11,270186.0
2019-12-17,16.91,17.15,16.91,17.14,323729.0
2019-12-16,17.02,17.09,16.9,16.9,293550.0
2019-12-13,16.84,16.94,16.76,16.9,180295.0
2019-12-12,16.83,16.86,16.7,16.84,242543.0
2019-12-11,16.86,16.86,16.74,16.84,152688.0
2019-12-10,16.78,16.86,16.77,16.86,158055.0
2019-12-09,16.88,16.9,16.77,16.81,175490.0
2019-12-06,16.88,16.91,16.82,16.88,152838.0
2019-12-05,16.83,16.86,16.75,16.82,143721.0
2019-12-04,16.87,16.95,16.83,16.84,170765.0
2019-12-03,16.89,16.95,16.77,16.92,200578.0
2019-12-02,16.98,17.04,16.82,16.91,221996.0
2019-11-29,16.88,16.96,16.81,16.89,169305.0
2019-11-27,16.83,16.93,16.81,16.88,233122.0
2019-11-26,16.75,17.13,16.71,16.76,733598.0
2019-11-25,16.47,16.59,16.4,16.59,197864.0
2019-11-22,16.34,16.43,16.31,16.41,179706.0
2019-11-21,16.46,16.46,16.26,16.3,154563.0
2019-11-20,16.52,16.6,16.45,16.53,273417.0
2019-11-19,16.67,16.7,16.55,16.56,186414.0
2019-11-18,16.5,16.71,16.5,16.6,246398.0
2019-11-15,16.47,16.59,16.4,16.54,209540.0
2019-11-14,16.35,16.56,16.35,16.43,219597.0
2019-11-13,16.21,16.39,16.2,16.37,164687.0
2019-11-12,16.28,16.36,16.19,16.25,222228.0
2019-11-11,16.2,16.38,16.16,16.29,222193.0
2019-11-08,16.23,16.27,16.12,16.21,187526.0
2019-11-07,16.23,16.25,16.05,16.23,212437.0
2019-11-06,16.04,16.22,15.95,16.2,210333.0
2019-11-05,16.22,16.23,15.98,16.05,230560.0
2019-11-04,16.37,16.39,16.17,16.22,230878.0
2019-11-01,16.26,16.46,16.24,16.33,328839.0
2019-10-31,15.5,16.17,15.5,16.16,947296.0
2019-10-30,15.39,15.47,15.31,15.47,251830.0
2019-10-29,15.24,15.4,15.16,15.4,176267.0
2019-10-28,15.24,15.31,15.19,15.26,176895.0
2019-10-25,15.23,15.31,15.19,15.2,131201.0
2019-10-24,15.52,15.52,15.22,15.24,228586.0
2019-10-23,15.42,15.56,15.36,15.51,157684.0
2019-10-22,15.48,15.48,15.32,15.46,144035.0
2019-10-21,15.41,15.53,15.38,15.46,315593.0
2019-10-18,15.26,15.48,15.26,15.4,156594.0
2019-10-17,15.45,15.54,15.36,15.46,278102.0
2019-10-16,15.32,15.44,15.27,15.35,235192.0
2019-10-15,15.05,15.4,15.05,15.25,406880.0
2019-10-14,15.1,15.18,15.01,15.12,188658.0
2019-10-11,15.05,15.18,15.04,15.13,246605.0
2019-10-10,14.83,15.0,14.83,14.95,165033.0
2019-10-09,14.88,14.89,14.78,14.78,175343.0
2019-10-08,14.81,14.88,14.75,14.79,132044.0
2019-10-07,14.74,14.96,14.74,14.87,323071.0
2019-10-04,14.66,14.8,14.63,14.75,144246.0
2019-10-03,14.62,14.78,14.57,14.7,130193.0
2019-10-02,14.64,14.71,14.54,14.68,174666.0
2019-10-01,14.8,14.9,14.66,14.68,258096.0
2019-09-30,14.7,14.85,14.62,14.78,259629.0
2019-09-27,14.78,14.84,14.66,14.7,203658.0
2019-09-26,14.8,14.85,14.74,14.76,119386.0
2019-09-25,14.69,14.85,14.69,14.8,172984.0
2019-09-24,14.85,14.94,14.7,14.7,255022.0
2019-09-23,14.75,14.9,14.75,14.84,223477.0
2019-09-20,14.84,14.96,14.7,14.78,1414636.0
2019-09-19,14.99,15.11,14.95,15.02,292982.0
2019-09-18,14.99,15.0,14.87,14.96,270814.0
2019-09-17,15.06,15.06,14.86,14.95,332253.0
2019-09-16,15.25,15.25,15.01,15.07,423704.0
2019-09-13,15.22,15.39,15.2,15.27,320502.0
2019-09-12,15.2,15.28,15.09,15.16,375928.0
2019-09-11,14.97,15.2,14.94,15.18,511674.0
2019-09-10,14.61,14.97,14.52,14.93,531791.0
2019-09-09,14.34,14.64,14.33,14.61,448699.0
2019-09-06,14.44,14.51,14.29,14.34,368257.0
2019-09-05,14.28,14.59,14.28,14.44,465285.0
2019-09-04,14.25,14.39,14.23,14.28,320270.0
2019-09-03,14.02,14.23,13.84,14.18,448601.0
2019-08-30,14.16,14.19,14.02,14.12,497249.0
2019-08-29,14.3,14.3,14.1,14.16,378846.0
2019-08-28,14.3,14.3,14.14,14.22,389880.0
2019-08-27,14.67,14.7,14.22,14.35,729873.0
2019-08-26,14.73,14.73,14.53,14.66,292025.0
2019-08-23,14.89,14.95,14.67,14.68,403657.0
2019-08-22,14.86,14.99,14.7,14.9,400243.0
2019-08-21,15.11,15.2,14.86,14.86,473621.0
2019-08-20,15.15,15.43,15.15,15.3,427899.0
2019-08-19,15.22,15.29,15.11,15.15,420417.0
2019-08-16,14.8,15.05,14.77,15.0,334375.0
2019-08-15,14.8,14.84,14.63,14.75,304031.0
2019-08-14,15.48,15.49,14.74,14.76,676613.0
2019-08-13,15.51,15.64,15.45,15.5,297944.0
2019-08-12,15.62,15.64,15.42,15.51,287426.0
2019-08-09,15.87,15.9,15.6,15.62,304628.0
2019-08-08,15.56,15.93,15.36,15.87,469519.0
2019-08-07,15.63,15.68,15.32,15.55,502385.0
2019-08-06,15.9,15.94,15.56,15.65,456840.0
2019-08-05,16.09,16.14,15.67,15.9,526496.0
2019-08-02,16.26,16.34,16.04,16.15,416727.0
2019-08-01,16.21,16.45,16.19,16.34,558971.0
2019-07-31,16.62,16.63,15.78,16.3,1726030.0
2019-07-30,16.92,17.02,16.92,16.97,306528.0
2019-07-29,16.92,17.06,16.92,17.0,197503.0
2019-07-26,16.98,17.03,16.95,16.96,179458.0
2019-07-25,17.25,17.31,16.85,16.98,268056.0
2019-07-24,17.34,17.34,17.18,17.26,314729.0
2019-07-23,17.25,17.36,17.22,17.33,267526.0
2019-07-22,17.1,17.24,17.05,17.24,268847.0
2019-07-19,17.26,17.32,17.1,17.1,331724.0
2019-07-18,17.29,17.41,17.19,17.41,409641.0
2019-07-17,17.2,17.35,17.12,17.31,340495.0
2019-07-16,16.92,17.18,16.88,17.16,379723.0
2019-07-15,16.8,16.93,16.77,16.92,309363.0
2019-07-12,16.75,16.85,16.75,16.79,146838.0
2019-07-11,16.68,16.78,16.61,16.73,251222.0
2019-07-10,16.68,16.7,16.59,16.65,271630.0
2019-07-09,16.51,16.6,16.5,16.58,192513.0
2019-07-08,16.52,16.6702,16.465,16.53,334895.0
2019-07-05,16.5,16.62,16.43,16.6,172405.0
2019-07-03,16.44,16.58,16.43,16.53,147204.0
2019-07-02,16.6,16.63,16.4,16.43,219866.0
2019-07-01,16.8,16.84,16.58,16.62,266961.0
2019-06-28,16.49,16.78,16.49,16.75,982532.0
2019-06-27,16.48,16.52,16.37,16.49,350780.0
2019-06-26,16.74,16.74,16.46,16.47,323029.0
2019-06-25,16.74,16.77,16.5,16.74,486144.0
2019-06-24,17.04,17.29,16.96,16.96,922305.0
2019-06-21,16.8,16.95,16.61,16.83,1033596.0
2019-06-20,5.65,5.65,5.58,5.58,708530.0
2019-06-19,5.6,5.64,5.55,5.61,1099605.0
2019-06-18,5.66,5.72,5.64,5.65,739906.0
2019-06-17,5.8,5.81,5.65,5.66,1042824.0
2019-06-14,5.76,5.86,5.75,5.8,869655.0
2019-06-13,5.74,5.77,5.71,5.74,707219.0
2019-06-12,5.64,5.81,5.63,5.75,818160.0
2019-06-11,5.63,5.67,5.62,5.66,386329.0
2019-06-10,5.64,5.675,5.61,5.63,563127.0
2019-06-07,5.67,5.68,5.56,5.62,1286625.0
2019-06-06,5.63,5.68,5.58,5.66,692750.0
2019-06-05,5.66,5.69,5.56,5.61,691577.0
2019-06-04,5.66,5.695,5.61,5.65,493593.0
2019-06-03,5.54,5.66,5.54,5.63,816243.0
2019-05-31,5.47,5.51,5.41,5.5,1062472.0
2019-05-30,5.63,5.67,5.45,5.51,857357.0
2019-05-29,5.63,5.66,5.6,5.64,972815.0
2019-05-28,5.72,5.74,5.64,5.65,905769.0
2019-05-24,5.74,5.78,5.72,5.75,554577.0
2019-05-23,5.77,5.79,5.75,5.78,647376.0
2019-05-22,5.81,5.83,5.77,5.77,564864.0
2019-05-21,5.79,5.83,5.75,5.82,721179.0
2019-05-20,5.83,5.85,5.75,5.76,819933.0
2019-05-17,5.91,5.95,5.82,5.82,1121766.0
2019-05-16,5.89,5.93,5.89,5.93,469394.0
2019-05-15,5.91,5.93,5.89,5.89,886671.0
2019-05-14,5.91,5.93,5.9,5.91,555339.0
2019-05-13,5.9,5.95,5.9,5.9,808376.0
2019-05-10,5.95,5.96,5.9,5.95,492497.0
2019-05-09,5.95,5.97,5.9,5.96,738860.0
2019-05-08,5.99,6.0,5.95,5.96,471995.0
2019-05-07,5.97,5.99,5.94,5.95,967701.0
2019-05-06,5.97,6.02,5.95,5.98,803326.0
2019-05-03,6.01,6.03,5.99,6.0,789330.0
2019-05-02,6.05,6.06,5.99,6.01,1659313.0
2019-05-01,6.11,6.19,6.09,6.11,717978.0
2019-04-30,6.11,6.11,6.07,6.1,545312.0
2019-04-29,6.15,6.16,6.1,6.11,313205.0
2019-04-26,6.11,6.16,6.1056,6.14,274612.0
2019-04-25,6.19,6.19,6.08,6.11,636078.0
2019-04-24,6.13,6.2,6.12,6.2,449266.0
2019-04-23,6.14,6.14,6.09,6.12,585870.0
2019-04-22,6.09,6.16,6.07,6.16,690161.0
2019-04-18,6.07,6.11,6.06,6.09,528480.0
2019-04-17,6.15,6.16,6.12,6.13,854075.0
2019-04-16,6.14,6.15,6.12,6.13,795646.0
2019-04-15,6.18,6.18,6.11,6.13,843365.0
2019-04-12,6.18,6.2,6.15,6.16,515873.0
2019-04-11,6.15,6.17,6.14,6.16,499810.0
2019-04-10,6.15,6.17,6.15,6.15,685626.0
2019-04-09,6.19,6.23,6.15,6.15,681664.0
2019-04-08,6.11,6.21,6.11,6.19,1214043.0
2019-04-05,6.08,6.14,6.07,6.13,1517383.0
2019-04-04,6.07,6.07,6.05,6.06,768652.0
2019-04-03,6.05,6.08,6.02,6.06,698206.0
2019-04-02,6.08,6.09,6.04,6.04,541259.0
2019-04-01,6.1,6.11,6.05,6.07,839118.0
2019-03-29,6.08,6.09,6.04,6.09,1160479.0
2019-03-28,6.03,6.07,6.02,6.06,1356199.0
2019-03-27,6.01,6.03,5.97,6.01,1075806.0
2019-03-26,5.93,5.99,5.9,5.98,611714.0
2019-03-25,5.94,5.96,5.89,5.9,625777.0
2019-03-22,5.97,5.99,5.91,5.92,849023.0
2019-03-21,5.97,6.02,5.96,5.98,447195.0
2019-03-20,6.01,6.05,5.99,5.99,719366.0
2019-03-19,6.04,6.04,6.0,6.0,556001.0
2019-03-18,5.97,6.04,5.97,6.03,550755.0
2019-03-15,6.0,6.03,5.96,5.96,2492745.0
2019-03-14,6.0,6.05,6.0,6.02,774964.0
2019-03-13,6.04,6.07,6.02,6.02,755260.0
2019-03-12,6.06,6.08,6.03,6.04,269531.0
2019-03-11,6.03,6.06,6.0,6.05,516311.0
2019-03-08,5.98,6.02,5.98,6.0,764284.0
2019-03-07,6.03,6.05,5.99,6.0,620318.0
2019-03-06,6.07,6.07,6.01,6.02,398452.0
2019-03-05,6.05,6.06,6.03,6.06,297358.0
2019-03-04,6.12,6.12,6.04,6.05,600828.0
2019-03-01,6.11,6.12,6.06,6.12,970192.0
2019-02-28,6.1,6.12,6.07,6.1,407927.0
2019-02-27,6.09,6.15,6.06,6.11,903161.0
2019-02-26,6.1,6.11,6.07,6.11,619859.0
2019-02-25,6.08,6.12,6.08,6.1,945334.0
2019-02-22,6.04,6.09,6.04,6.07,442754.0
2019-02-21,6.03,6.05,6.01,6.04,452114.0
2019-02-20,6.05,6.05,6.01,6.03,470525.0
2019-02-19,6.07,6.085,6.04,6.06,641484.0
2019-02-15,6.09,6.1,6.05,6.07,646391.0
2019-02-14,6.07,6.09,6.05,6.08,506801.0
2019-02-13,6.1,6.12,6.05,6.08,718086.0
2019-02-12,6.17,6.18,6.15,6.15,868415.0
2019-02-11,6.11,6.18,6.11,6.18,991132.0
2019-02-08,6.15,6.2,6.1,6.1,1310892.0
2019-02-07,6.22,6.23,6.11,6.19,1552454.0
2019-02-06,6.21,6.26,6.19,6.26,768307.0
2019-02-05,6.19,6.22,6.19,6.21,643323.0
2019-02-04,6.12,6.21,6.12,6.19,990224.0
2019-02-01,6.07,6.12,6.06,6.11,2162217.0
2019-01-31,6.04,6.05,5.99,6.02,1637572.0
2019-01-30,6.0,6.08,5.99,6.0,2231198.0
2019-01-29,5.99,6.07,5.97,5.97,5736490.0
2019-01-28,6.19,6.21,6.14,6.15,796870.0
2019-01-25,6.21,6.26,6.19,6.21,326153.0
2019-01-24,6.19,6.22,6.16,6.21,594950.0
2019-01-23,6.19,6.21,6.16,6.2,401018.0
2019-01-22,6.18,6.19,6.12,6.18,363751.0
2019-01-18,6.21,6.24,6.16,6.19,332647.0
2019-01-17,6.22,6.25,6.17,6.21,518591.0
2019-01-16,6.24,6.26,6.22,6.26,553687.0
2019-01-15,6.26,6.26,6.2,6.22,292511.0
2019-01-14,6.24,6.32,6.23,6.25,561995.0
2019-01-11,6.27,6.28,6.22,6.24,410064.0
2019-01-10,6.2,6.28,6.18,6.26,538342.0
2019-01-09,6.18,6.21,6.12,6.2,431926.0
2019-01-08,6.16,6.19,6.11,6.16,507658.0
2019-01-07,6.06,6.19,6.02,6.15,523775.0
2019-01-04,5.96,6.05,5.93,6.04,401345.0
2019-01-03,5.82,5.95,5.82,5.93,405181.0
2019-01-02,5.71,5.86,5.65,5.84,583507.0
2018-12-31,5.84,5.855,5.69,5.72,770148.0
2018-12-28,5.72,5.8471,5.72,5.82,854219.0
2018-12-27,5.86,5.88,5.73,5.87,997753.0
2018-12-26,5.67,5.87,5.66,5.86,825399.0
2018-12-24,5.63,5.69,5.56,5.62,803651.0
2018-12-21,5.7,5.81,5.6,5.62,1968211.0
2018-12-20,5.88,5.88,5.63,5.71,822892.0
2018-12-19,5.97,6.0,5.88,5.89,572882.0
2018-12-18,5.96,6.02,5.92,5.95,628602.0
2018-12-17,6.15,6.18,5.91,5.92,795748.0
2018-12-14,6.13,6.2,6.12,6.15,426936.0
2018-12-13,6.2,6.2,6.11,6.14,392008.0
2018-12-12,6.24,6.28,6.17,6.2,561206.0
2018-12-11,5.97,6.27,5.97,6.22,1116788.0
2018-12-10,6.02,6.03,5.93,5.94,325690.0
2018-12-07,5.99,6.03,5.97,6.01,578748.0
2018-12-06,5.95,6.02,5.93,6.0,572229.0
2018-12-04,6.03,6.07,5.96,5.97,441781.0
2018-12-03,6.1,6.1,6.01,6.04,396855.0
2018-11-30,6.04,6.1,6.01,6.03,462894.0
2018-11-29,6.0,6.08,6.0,6.05,597976.0
2018-11-28,5.96,6.02,5.94,6.01,769770.0
2018-11-27,5.99,6.02,5.95,5.96,240660.0
2018-11-26,6.0,6.03,5.98,6.0,397665.0
2018-11-23,5.95,6.03,5.95,6.0,111479.0
2018-11-21,5.98,6.02,5.95,5.96,289797.0
2018-11-20,5.95,5.99,5.9,5.97,480678.0
2018-11-19,6.01,6.03,5.97,5.98,278140.0
2018-11-16,5.98,6.01,5.94,6.0,396653.0
2018-11-15,6.03,6.03,5.95,6.0,283465.0
2018-11-14,6.09,6.09,6.03,6.05,307288.0
2018-11-13,6.01,6.09,6.0,6.08,446256.0
2018-11-12,6.05,6.08,6.0,6.01,272614.0
2018-11-09,6.03,6.04,5.99,6.04,1013088.0
2018-11-08,6.04,6.04,5.99,6.02,229625.0
2018-11-07,6.01,6.04,5.95,6.04,429878.0
2018-11-06,5.98,6.02,5.96,5.99,567722.0
2018-11-05,5.95,5.99,5.93,5.98,421002.0
2018-11-02,5.95,5.99,5.91,5.95,458796.0
2018-11-01,5.8,5.94,5.8,5.92,531877.0
2018-10-31,6.0,6.0,5.78,5.79,684991.0
2018-10-30,5.86,5.95,5.84,5.92,245654.0
2018-10-29,5.85,5.95,5.85,5.88,285309.0
2018-10-26,5.85,5.87,5.77,5.84,320522.0
2018-10-25,5.85,5.91,5.81,5.87,415497.0
2018-10-24,5.8,5.88,5.8,5.85,260881.0
2018-10-23,5.81,5.86,5.76,5.8,322492.0
2018-10-22,5.83,5.9,5.81,5.84,311663.0
2018-10-19,5.88,5.92,5.8,5.83,480900.0
2018-10-18,5.94,5.95,5.86,5.89,315459.0
2018-10-17,5.96,5.99,5.91,5.93,287409.0
2018-10-16,5.9,5.97,5.88,5.96,441328.0
2018-10-15,5.88,5.96,5.87,5.9,469862.0
2018-10-12,5.98,6.0,5.86,5.88,554677.0
2018-10-11,6.05,6.09,5.96,5.96,515770.0
2018-10-10,6.1,6.17,6.06,6.06,417638.0
2018-10-09,6.1,6.14,6.08,6.1,417176.0
2018-10-08,6.02,6.12,6.02,6.1,256387.0
2018-10-05,6.04,6.08,6.01,6.02,394558.0
2018-10-04,6.15,6.18,6.04,6.04,596173.0
2018-10-03,6.18,6.22,6.15,6.16,413375.0
2018-10-02,6.24,6.25,6.18,6.18,636500.0
2018-10-01,6.43,6.43,6.38,6.39,847837.0
2018-09-28,6.35,6.39,6.34,6.38,570400.0
2018-09-27,6.34,6.37,6.33,6.34,233333.0
2018-09-26,6.33,6.35,6.32,6.33,305206.0
2018-09-25,6.39,6.4,6.33,6.33,326268.0
2018-09-24,6.4,6.42,6.36,6.37,317050.0
2018-09-21,6.39,6.44,6.37,6.39,1268913.0
2018-09-20,6.38,6.41,6.34,6.39,330212.0
2018-09-19,6.4,6.4,6.35,6.36,375073.0
2018-09-18,6.4,6.41,6.35,6.38,456120.0
2018-09-17,6.43,6.45,6.36,6.39,401256.0
2018-09-14,6.41,6.41,6.36,6.38,367540.0
2018-09-13,6.42,6.45,6.39,6.39,386033.0
2018-09-12,6.42,6.42,6.35,6.41,373585.0
2018-09-11,6.43,6.45,6.4,6.42,272966.0
2018-09-10,6.5,6.5,6.42,6.43,238571.0
2018-09-07,6.5,6.51,6.46,6.47,239573.0
2018-09-06,6.49,6.53,6.48,6.5,349496.0
2018-09-05,6.4,6.51,6.4,6.48,291057.0
2018-09-04,6.4,6.46,6.39,6.4,355176.0
2018-08-31,6.42,6.44,6.37,6.41,691571.0
2018-08-30,6.42,6.44,6.4,6.42,231254.0
2018-08-29,6.4,6.42,6.38,6.4,314502.0
2018-08-28,6.42,6.42,6.39,6.4,395791.0
2018-08-27,6.39,6.43,6.39,6.41,505067.0
2018-08-24,6.39,6.42,6.37,6.39,175003.0
2018-08-23,6.41,6.43,6.39,6.39,216995.0
2018-08-22,6.44,6.46,6.4,6.42,287672.0
2018-08-21,6.4,6.46,6.4,6.45,166479.0
2018-08-20,6.42,6.43,6.38,6.4,365109.0
2018-08-17,6.4,6.44,6.36,6.43,235135.0
2018-08-16,6.31,6.4,6.31,6.38,196169.0
2018-08-15,6.3,6.35,6.29,6.33,371263.0
2018-08-14,6.3,6.33,6.29,6.32,190889.0
2018-08-13,6.31,6.32,6.25,6.3,255551.0
2018-08-10,6.35,6.35,6.3,6.32,240355.0
2018-08-09,6.33,6.38,6.32,6.37,234491.0
2018-08-08,6.33,6.34,6.3,6.33,230218.0
2018-08-07,6.35,6.4,6.3,6.33,315848.0
2018-08-06,6.43,6.43,6.33,6.35,438271.0
2018-08-03,6.52,6.54,6.41,6.41,500777.0
2018-08-02,6.52,6.82,6.52,6.54,776471.0
2018-08-01,6.64,6.64,6.49,6.59,361267.0
2018-07-31,6.53,6.66,6.5,6.65,958463.0
2018-07-30,6.49,6.55,6.45,6.51,392704.0
2018-07-27,6.47,6.49,6.44,6.48,386327.0
2018-07-26,6.43,6.47,6.42,6.46,170632.0
2018-07-25,6.41,6.44,6.39,6.42,383929.0
2018-07-24,6.44,6.46,6.4,6.41,185485.0
2018-07-23,6.42,6.49,6.42,6.44,277920.0
2018-07-20,6.44,6.49,6.42,6.43,1109096.0
2018-07-19,6.4,6.47,6.4,6.46,446807.0
2018-07-18,6.39,6.42,6.37,6.38,305400.0
2018-07-17,6.41,6.43,6.38,6.39,316324.0
2018-07-16,6.39,6.42,6.38,6.41,315069.0
2018-07-13,6.4,6.43,6.39,6.39,277577.0
2018-07-12,6.44,6.44,6.39,6.41,175244.0
2018-07-11,6.41,6.44,6.39,6.42,301907.0
2018-07-10,6.44,6.45,6.4,6.4,224850.0
2018-07-09,6.43,6.45,6.4,6.43,386978.0
2018-07-06,6.44,6.46,6.42,6.43,235726.0
2018-07-05,6.46,6.46,6.42,6.44,227803.0
2018-07-03,6.38,6.51,6.38,6.46,337942.0
2018-07-02,6.56,6.6,6.52,6.57,753337.0
2018-06-29,6.51,6.55,6.46,6.53,446032.0
2018-06-28,6.43,6.5,6.41,6.5,463953.0
2018-06-27,6.51,6.51,6.42,6.42,436265.0
2018-06-26,6.56,6.56,6.49,6.51,324459.0
2018-06-25,6.53,6.57,6.52,6.55,233165.0
2018-06-22,6.52,6.54,6.48,6.53,786335.0
2018-06-21,6.56,6.56,6.48,6.51,337226.0
2018-06-20,6.53,6.6,6.49,6.57,299655.0
2018-06-19,6.49,6.56,6.48,6.54,205123.0
2018-06-18,6.48,6.52,6.47,6.49,224470.0
2018-06-15,6.45,6.48,6.44,6.48,298083.0
2018-06-14,6.45,6.49,6.44,6.48,196816.0
2018-06-13,6.47,6.5,6.41,6.42,325131.0
2018-06-12,6.51,6.52,6.47,6.49,259175.0
2018-06-11,6.47,6.52,6.46,6.49,305891.0
2018-06-08,6.48,6.53,6.46,6.46,350023.0
2018-06-07,6.47,6.52,6.45,6.46,265192.0
2018-06-06,6.48,6.5,6.46,6.47,156250.0
2018-06-05,6.51,6.51,6.46,6.49,287792.0
2018-06-04,6.48,6.52,6.47,6.49,208392.0
2018-06-01,6.48,6.49,6.43,6.48,199199.0
2018-05-31,6.52,6.55,6.43,6.48,407654.0
2018-05-30,6.52,6.54,6.49,6.53,303840.0
2018-05-29,6.47,6.53,6.45,6.51,295902.0
2018-05-25,6.47,6.51,6.46,6.47,197916.0
2018-05-24,6.52,6.53,6.4701,6.48,177829.0
2018-05-23,6.53,6.55,6.5,6.54,181248.0
2018-05-22,6.55,6.59,6.52,6.54,349522.0
2018-05-21,6.52,6.55,6.49,6.55,386499.0
2018-05-18,6.52,6.52,6.46,6.5,214271.0
2018-05-17,6.52,6.56,6.47,6.49,279670.0
2018-05-16,6.5,6.55,6.5,6.51,263022.0
2018-05-15,6.49,6.54,6.49,6.52,230762.0
2018-05-14,6.53,6.55,6.49,6.49,248878.0
2018-05-11,6.57,6.59,6.5,6.53,192638.0
2018-05-10,6.54,6.57,6.52,6.57,214643.0
2018-05-09,6.55,6.56,6.48,6.53,242093.0
2018-05-08,6.61,6.64,6.52,6.53,251116.0
2018-05-07,6.6,6.64,6.59,6.62,228034.0
2018-05-04,6.46,6.6,6.46,6.6,280445.0
2018-05-03,6.42,6.5,6.38,6.48,263064.0
2018-05-02,6.4,6.5,6.4,6.42,466903.0
2018-05-01,6.59,6.6,6.47,6.58,233434.0
2018-04-30,6.61,6.61,6.55,6.58,273141.0
2018-04-27,6.57,6.62,6.55,6.59,215666.0
2018-04-26,6.5,6.59,6.47,6.55,258437.0
2018-04-25,6.52,6.53,6.47,6.51,203796.0
2018-04-24,6.49,6.54,6.45,6.51,210689.0
2018-04-23,6.44,6.51,6.42,6.49,193444.0
2018-04-20,6.4,6.46,6.39,6.41,307871.0
2018-04-19,6.51,6.52,6.4,6.42,203606.0
2018-04-18,6.48,6.53,6.48,6.51,164743.0
2018-04-17,6.46,6.48,6.42,6.48,182731.0
2018-04-16,6.45,6.47,6.4,6.45,162754.0
2018-04-13,6.47,6.47,6.4,6.42,182520.0
2018-04-12,6.51,6.51,6.43,6.45,169111.0
2018-04-11,6.52,6.54,6.47,6.49,189452.0
2018-04-10,6.56,6.56,6.5,6.53,317202.0
2018-04-09,6.5,6.54,6.47,6.51,306513.0
2018-04-06,6.47,6.52,6.45,6.47,244567.0
2018-04-05,6.47,6.51,6.44,6.48,219820.0
2018-04-04,6.45,6.49,6.4,6.45,301031.0
2018-04-03,6.37,6.51,6.35,6.5,467943.0
2018-04-02,6.45,6.49,6.29,6.37,460310.0
2018-03-29,6.58,6.66,6.58,6.63,1096474.0
2018-03-28,6.47,6.55,6.42,6.55,525701.0
2018-03-27,6.46,6.52,6.41,6.49,305851.0
2018-03-26,6.4,6.45,6.36,6.44,312276.0
2018-03-23,6.46,6.46,6.36,6.36,258894.0
2018-03-22,6.42,6.5,6.41,6.43,315045.0
2018-03-21,6.46,6.49,6.39,6.44,262235.0
2018-03-20,6.52,6.52,6.44,6.45,198633.0
2018-03-19,6.56,6.57,6.45,6.51,306416.0
2018-03-16,6.51,6.59,6.48,6.58,981403.0
2018-03-15,6.57,6.57,6.47,6.49,255685.0
2018-03-14,6.53,6.6,6.53,6.57,354330.0
2018-03-13,6.46,6.54,6.46,6.51,309775.0
2018-03-12,6.38,6.48,6.38,6.45,277800.0
2018-03-09,6.34,6.36,6.29,6.36,280873.0
2018-03-08,6.29,6.34,6.27,6.32,353787.0
2018-03-07,6.22,6.29,6.22,6.28,259185.0
2018-03-06,6.14,6.25,6.11,6.24,324527.0
2018-03-05,6.13,6.23,6.13,6.15,246028.0
2018-03-02,6.04,6.13,6.02,6.13,253159.0
2018-03-01,6.05,6.11,6.02,6.08,426557.0
2018-02-28,6.2,6.22,6.02,6.02,628871.0
2018-02-27,6.37,6.41,6.2,6.2,223418.0
2018-02-26,6.35,6.39,6.3,6.39,276946.0
2018-02-23,6.29,6.37,6.28,6.33,230001.0
2018-02-22,6.32,6.35,6.23,6.24,222335.0
2018-02-21,6.26,6.49,6.26,6.31,386767.0
2018-02-20,6.39,6.44,6.26,6.28,421712.0
2018-02-16,6.37,6.44,6.33,6.38,385401.0
2018-02-15,6.28,6.41,6.25,6.37,414878.0
2018-02-14,6.16,6.24,6.16,6.23,400529.0
2018-02-13,6.16,6.25,6.1,6.19,350483.0
2018-02-12,6.14,6.19,6.07,6.18,328378.0
2018-02-09,6.14,6.19,6.03,6.13,503431.0
2018-02-08,6.18,6.24,6.11,6.12,367130.0
2018-02-07,6.22,6.34,6.16,6.17,359040.0
2018-02-06,6.08,6.28,6.03,6.22,627994.0
2018-02-05,6.35,6.37,6.04,6.14,794143.0
2018-02-02,6.45,6.46,6.35,6.38,441309.0
2018-02-01,6.5,6.57,6.45,6.46,354303.0
2018-01-31,6.64,6.67,6.44,6.5,778437.0
2018-01-30,6.52,6.68,6.5,6.59,349186.0
2018-01-29,6.72,6.72,6.51,6.56,727298.0
2018-01-26,6.84,6.87,6.73,6.73,510671.0
2018-01-25,6.92,6.96,6.84,6.86,406838.0
2018-01-24,6.95,6.98,6.92,6.93,204863.0
2018-01-23,6.9,6.96,6.9,6.94,217560.0
2018-01-22,6.92,6.96,6.9,6.9,287563.0
2018-01-19,6.88,6.95,6.88,6.93,293617.0
2018-01-18,6.97,6.97,6.88,6.88,236672.0
2018-01-17,6.93,7.01,6.93,6.98,262843.0
2018-01-16,7.0,7.03,6.9,6.91,322470.0
2018-01-12,7.01,7.03,6.94,6.98,238637.0
2018-01-11,6.9,7.03,6.9,7.01,478239.0
2018-01-10,6.89,6.94,6.84,6.93,443012.0
2018-01-09,6.94,6.96,6.88,6.9,247823.0
2018-01-08,6.91,6.96,6.88,6.95,376559.0
2018-01-05,6.93,6.95,6.89,6.92,237098.0
2018-01-04,6.89,6.96,6.89,6.93,334158.0
2018-01-03,6.99,7.02,6.87,6.89,385824.0
2018-01-02,7.0,7.02,6.92,6.96,527719.0
2017-12-29,7.12,7.14,7.01,7.01,462464.0
2017-12-28,7.04,7.12,7.0,7.1,397094.0
2017-12-27,7.2,7.26,7.17,7.19,389361.0
2017-12-26,7.15,7.2,7.15,7.18,340234.0
2017-12-22,7.15,7.19,7.13,7.14,428213.0
2017-12-21,7.14,7.18,7.13,7.14,437827.0
2017-12-20,7.08,7.15,7.06,7.1,335466.0
2017-12-19,7.23,7.23,7.06,7.06,778695.0
2017-12-18,7.26,7.34,7.21,7.21,705829.0
2017-12-15,7.19,7.32,7.19,7.26,3093446.0
2017-12-14,7.23,7.26,7.18,7.18,734489.0
2017-12-13,7.17,7.25,7.17,7.2,577781.0
2017-12-12,7.18,7.26,7.17,7.18,296198.0
2017-12-11,7.17,7.29,7.16,7.16,524974.0
2017-12-08,7.14,7.18,7.09,7.15,224109.0
2017-12-07,7.16,7.2,7.13,7.13,333466.0
2017-12-06,7.18,7.2,7.13,7.16,558255.0
2017-12-05,7.19,7.2,7.13,7.15,364048.0
2017-12-04,7.17,7.25,7.17,7.18,322737.0
2017-12-01,7.16,7.19,7.04,7.16,308586.0
2017-11-30,7.2,7.22,7.14,7.16,415689.0
2017-11-29,7.15,7.21,7.14,7.16,474101.0
2017-11-28,7.16,7.2,7.1,7.14,295322.0
2017-11-27,7.23,7.24,7.16,7.16,236963.0
2017-11-24,7.25,7.28,7.21,7.21,307331.0
2017-11-22,7.19,7.25,7.18,7.22,296308.0
2017-11-21,7.11,7.19,7.11,7.18,382461.0
2017-11-20,7.03,7.11,7.02,7.11,291610.0
2017-11-17,6.95,7.03,6.95,7.01,321962.0
2017-11-16,6.94,7.01,6.94,6.98,150416.0
2017-11-15,6.95,6.96,6.87,6.94,317260.0
2017-11-14,6.89,6.95,6.8799,6.94,212192.0
2017-11-13,6.91,6.92,6.86,6.9,222554.0
2017-11-10,6.99,7.01,6.92,6.92,232259.0
2017-11-09,6.94,7.0,6.94,6.98,308085.0
2017-11-08,6.94,6.98,6.9,6.98,258893.0
2017-11-07,6.91,6.9811,6.91,6.95,379699.0
2017-11-06,7.02,7.0201,6.91,6.92,509106.0
2017-11-03,7.0,7.05,6.9735,7.02,262889.0
2017-11-02,7.17,7.17,6.95,7.02,516665.0
2017-11-01,7.0,7.18,6.99,7.15,467325.0
2017-10-31,7.07,7.07,6.98,7.0,555044.0
2017-10-30,7.12,7.12,7.0201,7.04,265791.0
2017-10-27,7.09,7.12,6.97,7.11,448321.0
2017-10-26,7.2,7.2,7.05,7.05,273695.0
2017-10-25,7.24,7.24,7.13,7.18,325938.0
2017-10-24,7.27,7.29,7.23,7.25,498846.0
2017-10-23,7.35,7.36,7.23,7.27,288668.0
2017-10-20,7.4,7.4,7.3427,7.36,424855.0
2017-10-19,7.31,7.375,7.3,7.36,420919.0
2017-10-18,7.36,7.38,7.32,7.35,375231.0
2017-10-17,7.34,7.38,7.31,7.34,214039.0
2017-10-16,7.37,7.4,7.355,7.36,417480.0
2017-10-13,7.32,7.38,7.3,7.34,702074.0
2017-10-12,7.27,7.32,7.2434,7.31,333661.0
2017-10-11,7.21,7.33,7.2,7.28,657876.0
2017-10-10,7.2,7.23,7.15,7.2,446951.0
2017-10-09,7.1,7.15,7.1,7.15,314155.0
2017-10-06,7.17,7.17,7.1,7.1,210889.0
2017-10-05,7.17,7.2,7.16,7.17,228937.0
2017-10-04,7.16,7.179,7.13,7.15,270784.0
2017-10-03,7.15,7.2,7.14,7.15,284655.0
2017-10-02,7.08,7.16,7.04,7.14,694708.0
2017-09-29,7.29,7.4141,7.27,7.27,730888.0
2017-09-28,7.25,7.29,7.23,7.29,419743.0
2017-09-27,7.27,7.29,7.21,7.26,489382.0
2017-09-26,7.21,7.29,7.21,7.24,601435.0
2017-09-25,7.24,7.24,7.19,7.21,300361.0
2017-09-22,7.2,7.24,7.18,7.22,270711.0
2017-09-21,7.2,7.22,7.18,7.19,255354.0
2017-09-20,7.18,7.22,7.17,7.19,263942.0
2017-09-19,7.18,7.22,7.18,7.18,280884.0
2017-09-18,7.18,7.24,7.13,7.18,372526.0
2017-09-15,7.12,7.175,7.09,7.16,773237.0
2017-09-14,7.09,7.1299,7.07,7.11,177648.0
2017-09-13,7.15,7.17,7.09,7.1,219476.0
2017-09-12,7.12,7.19,7.12,7.14,303611.0
2017-09-11,7.1,7.15,7.09,7.14,249541.0
2017-09-08,7.05,7.1,7.05,7.08,227800.0
2017-09-07,7.06,7.1,7.04,7.08,204100.0
2017-09-06,7.07,7.11,7.02,7.05,274177.0
2017-09-05,7.21,7.21,7.04,7.07,405458.0
2017-09-01,7.15,7.2,7.14,7.2,254135.0
2017-08-31,7.1,7.165,7.1,7.15,274581.0
2017-08-30,7.08,7.14,7.071,7.1,172482.0
2017-08-29,7.15,7.165,7.09,7.09,205991.0
2017-08-28,7.15,7.17,7.14,7.15,253121.0
2017-08-25,7.17,7.2,7.14,7.16,131272.0
2017-08-24,7.19,7.19,7.15,7.18,130603.0
2017-08-23,7.15,7.225,7.15,7.17,270802.0
2017-08-22,7.14,7.195,7.14,7.17,312460.0
2017-08-21,7.09,7.15,7.08,7.14,217536.0
2017-08-18,7.06,7.125,7.06,7.12,286880.0
2017-08-17,7.16,7.22,7.12,7.12,421608.0
2017-08-16,7.16,7.184,7.14,7.16,220851.0
2017-08-15,7.1,7.17,7.09,7.17,350173.0
2017-08-14,7.12,7.16,7.09,7.11,264068.0
2017-08-11,7.02,7.13,7.02,7.09,368381.0
2017-08-10,7.13,7.15,7.09,7.11,322200.0
2017-08-09,7.11,7.15,7.1,7.14,359257.0
2017-08-08,7.12,7.16,7.08,7.12,324868.0
2017-08-07,7.11,7.17,7.05,7.12,345973.0
2017-08-04,7.15,7.15,7.06,7.11,375346.0
2017-08-03,7.2,7.21,7.1,7.14,705533.0
2017-08-02,6.96,7.21,6.9,7.2,962155.0
2017-08-01,6.92,6.93,6.88,6.92,295009.0
2017-07-31,6.84,6.925,6.8,6.91,460110.0
2017-07-28,6.89,6.91,6.8,6.83,410378.0
2017-07-27,6.87,6.91,6.839,6.9,258662.0
2017-07-26,6.81,6.87,6.81,6.87,249172.0
2017-07-25,6.85,6.89,6.8,6.81,283571.0
2017-07-24,6.9,6.91,6.82,6.84,222668.0
2017-07-21,6.89,6.91,6.82,6.88,313953.0
2017-07-20,6.83,6.87,6.8,6.84,177696.0
2017-07-19,6.79,6.85,6.76,6.83,241430.0
2017-07-18,6.87,6.8701,6.76,6.79,364405.0
2017-07-17,6.93,6.94,6.87,6.89,290262.0
2017-07-14,6.84,6.93,6.82,6.93,574309.0
2017-07-13,6.85,6.87,6.8,6.83,243027.0
2017-07-12,6.88,6.95,6.83,6.85,258418.0
2017-07-11,6.82,6.89,6.76,6.84,339341.0
2017-07-10,6.88,6.88,6.76,6.82,460751.0
2017-07-07,6.94,6.95,6.82,6.89,289083.0
2017-07-06,6.96,6.96,6.9,6.93,381322.0
2017-07-05,6.99,7.03,6.94,7.0,371099.0
2017-07-03,6.93,7.02,6.92,6.99,395934.0
2017-06-30,7.13,7.15,7.08,7.1,459498.0
2017-06-29,7.12,7.14,7.05,7.13,400099.0
2017-06-28,7.1,7.1399,7.03,7.12,427724.0
2017-06-27,7.17,7.18,7.08,7.08,425529.0
2017-06-26,7.14,7.19,7.08,7.16,354547.0
2017-06-23,7.1,7.14,7.06,7.14,479407.0
2017-06-22,7.06,7.125,7.06,7.08,215505.0
2017-06-21,7.15,7.19,7.07,7.07,255052.0
2017-06-20,7.18,7.2,7.11,7.14,240664.0
2017-06-19,7.2,7.2082,7.14,7.19,314846.0
2017-06-16,7.02,7.2,7.02,7.2,826607.0
2017-06-15,7.04,7.0752,7.02,7.06,200026.0
2017-06-14,7.05,7.07,6.971,7.05,252349.0
2017-06-13,7.02,7.07,6.985,7.03,288109.0
2017-06-12,6.98,7.11,6.98,7.04,514090.0
2017-06-09,6.88,7.005,6.88,6.99,445083.0
2017-06-08,6.8,6.9099,6.8,6.88,346683.0
2017-06-07,6.9,6.91,6.79,6.79,467546.0
2017-06-06,6.86,6.93,6.8,6.9,243686.0
2017-06-05,6.96,6.97,6.87,6.87,164938.0
2017-06-02,6.96,7.05,6.94,6.99,431661.0
2017-06-01,6.85,6.94,6.83,6.93,182389.0
2017-05-31,6.9,6.9,6.82,6.86,208123.0
2017-05-30,6.9,6.92,6.86,6.87,111122.0
2017-05-26,6.93,6.93,6.83,6.93,167774.0
2017-05-25,6.88,6.95,6.8479,6.91,255738.0
2017-05-24,6.84,6.92,6.84,6.87,221397.0
2017-05-23,6.77,6.85,6.74,6.84,217153.0
2017-05-22,6.72,6.78,6.71,6.75,272373.0
2017-05-19,6.71,6.775,6.7,6.73,229824.0
2017-05-18,6.73,6.7847,6.71,6.72,273124.0
2017-05-17,6.76,6.78,6.73,6.74,308881.0
2017-05-16,6.75,6.79,6.73,6.76,173461.0
2017-05-15,6.72,6.79,6.72,6.75,198394.0
2017-05-12,6.75,6.77,6.71,6.72,204353.0
2017-05-11,6.72,6.79,6.7,6.76,232761.0
2017-05-10,6.71,6.77,6.69,6.74,316097.0
2017-05-09,6.84,6.87,6.69,6.71,499147.0
2017-05-08,6.9,6.94,6.84,6.84,228193.0
2017-05-05,6.81,6.936,6.81,6.9,343286.0
2017-05-04,6.86,6.9,6.8,6.84,410710.0
2017-05-03,6.91,6.96,6.83,6.86,397677.0
2017-05-02,7.04,7.04,6.9,6.91,350587.0
2017-05-01,6.92,7.05,6.9,7.03,597991.0
2017-04-28,7.23,7.23,6.9,6.92,797795.0
2017-04-27,7.35,7.35,7.07,7.2,620702.0
2017-04-26,7.13,7.37,7.13,7.35,568823.0
2017-04-25,7.18,7.3,7.18,7.22,494390.0
2017-04-24,7.12,7.2,7.08,7.2,371378.0
2017-04-21,7.12,7.2,7.095,7.11,450733.0
2017-04-20,7.11,7.18,7.06,7.1,307732.0
2017-04-19,7.11,7.14,7.095,7.12,325791.0
2017-04-18,7.09,7.13,7.065,7.11,287931.0
2017-04-17,6.97,7.09,6.97,7.09,290626.0
2017-04-13,6.96,6.99,6.93,6.96,249171.0
2017-04-12,6.97,6.98,6.93,6.97,137543.0
2017-04-11,6.89,7.03,6.87,6.99,285319.0
2017-04-10,6.9,6.93,6.855,6.89,399512.0
2017-04-07,6.89,6.93,6.82,6.9,403409.0
2017-04-06,6.78,6.89,6.72,6.89,437555.0
2017-04-05,6.86,6.88,6.77,6.8,316917.0
2017-04-04,6.91,6.91,6.84,6.86,274185.0
2017-04-03,6.91,6.94,6.84,6.91,395744.0
2017-03-31,7.07,7.11,7.0,7.09,779989.0
2017-03-30,7.03,7.07,6.98,7.07,361531.0
2017-03-29,6.92,7.05,6.9,7.04,370826.0
2017-03-28,6.85,6.92,6.83,6.91,341226.0
2017-03-27,6.8,6.84,6.765,6.83,273089.0
2017-03-24,6.86,6.88,6.76,6.8,359923.0
2017-03-23,6.78,6.9,6.74,6.85,452616.0
2017-03-22,6.86,6.8799,6.78,6.86,274389.0
2017-03-21,6.9,6.9299,6.85,6.85,209986.0
2017-03-20,6.89,6.92,6.8,6.89,174354.0
2017-03-17,6.89,6.96,6.86,6.9,879471.0
2017-03-16,6.86,6.889,6.8301,6.86,198839.0
2017-03-15,6.79,6.88,6.77,6.86,326609.0
2017-03-14,6.75,6.78,6.71,6.74,295151.0
2017-03-13,6.72,6.79,6.71,6.73,133777.0
2017-03-10,6.73,6.78,6.69,6.72,224090.0
2017-03-09,6.72,6.78,6.68,6.68,206081.0
2017-03-08,6.87,6.87,6.7,6.71,288795.0
2017-03-07,6.92,6.93,6.87,6.88,163917.0
2017-03-06,6.92,6.93,6.86,6.9,183541.0
2017-03-03,6.95,6.95,6.8399,6.92,229606.0
2017-03-02,6.92,6.98,6.91,6.93,313265.0
2017-03-01,6.84,6.96,6.82,6.92,317457.0
2017-02-28,6.87,6.93,6.8218,6.86,346507.0
2017-02-27,6.9,6.93,6.87,6.87,244309.0
2017-02-24,6.96,6.96,6.865,6.89,208181.0
2017-02-23,6.9,6.95,6.9,6.94,263231.0
2017-02-22,6.88,6.93,6.85,6.91,238649.0
2017-02-21,6.8,6.91,6.78,6.88,352119.0
2017-02-17,6.8,6.8,6.74,6.78,388950.0
2017-02-16,6.71,6.8,6.69,6.77,579103.0
2017-02-15,6.67,6.72,6.64,6.69,554229.0
2017-02-14,6.74,6.75,6.65,6.68,341745.0
2017-02-13,6.67,6.73,6.67,6.72,224438.0
2017-02-10,6.67,6.7,6.64,6.66,486802.0
2017-02-09,6.65,6.69,6.63,6.64,119455.0
2017-02-08,6.73,6.73,6.63,6.65,194799.0
2017-02-07,6.73,6.74,6.63,6.68,246876.0
2017-02-06,6.71,6.75,6.69,6.7,222439.0
2017-02-03,6.7,6.72,6.66,6.7,224391.0
2017-02-02,6.65,6.71,6.63,6.65,119662.0
2017-02-01,6.7,6.77,6.63,6.64,306866.0
2017-01-31,6.73,6.74,6.58,6.68,333939.0
2017-01-30,6.7,6.77,6.67,6.69,392571.0
2017-01-27,6.82,6.82,6.7201,6.73,121922.0
2017-01-26,6.75,6.8,6.72,6.76,224604.0
2017-01-25,6.73,6.78,6.72,6.74,227732.0
2017-01-24,6.82,6.82,6.76,6.77,233549.0
2017-01-23,6.71,6.83,6.71,6.78,130592.0
2017-01-20,6.76,6.81,6.73,6.75,152058.0
2017-01-19,6.73,6.78,6.72,6.76,192481.0
2017-01-18,6.77,6.77,6.67,6.72,350672.0
2017-01-17,6.81,6.85,6.74,6.76,299546.0
2017-01-13,6.7,6.83,6.7,6.82,359532.0
2017-01-12,6.94,6.96,6.83,6.88,180830.0
2017-01-11,6.93,7.015,6.91,6.94,349079.0
2017-01-10,6.9,6.98,6.85,6.93,365518.0
2017-01-09,6.93,6.97,6.85,6.86,213606.0
2017-01-06,7.0,7.0,6.89,6.9,142862.0
2017-01-05,7.01,7.03,6.92,7.01,249813.0
2017-01-04,6.97,7.02,6.9697,7.0,233050.0
2017-01-03,6.84,6.97,6.8,6.97,395887.0
2016-12-30,6.85,6.89,6.8,6.82,281509.0
2016-12-29,6.84,6.96,6.84,6.89,359466.0
2016-12-28,6.86,6.895,6.78,6.86,317546.0
2016-12-27,7.03,7.09,7.03,7.03,318395.0
2016-12-23,7.05,7.1,7.0,7.06,209357.0
2016-12-22,7.05,7.08,6.98,7.04,205882.0
2016-12-21,7.08,7.1,7.01,7.04,187282.0
2016-12-20,7.08,7.13,7.02,7.07,236986.0
2016-12-19,7.0,7.11,6.99,7.09,460155.0
2016-12-16,6.82,7.04,6.82,7.02,2088139.0
2016-12-15,6.93,6.96,6.81,6.81,456029.0
2016-12-14,7.03,7.065,6.94,6.96,456362.0
2016-12-13,7.05,7.05,6.97,6.99,537975.0
2016-12-12,7.05,7.1,7.02,7.05,451693.0
2016-12-09,6.95,7.0597,6.95,7.04,429088.0
2016-12-08,6.93,6.985,6.9,6.97,222758.0
2016-12-07,6.89,6.98,6.88,6.93,341963.0
2016-12-06,6.87,6.92,6.87,6.89,191404.0
2016-12-05,6.7,6.88,6.69,6.88,191430.0
2016-12-02,6.75,6.77,6.68,6.7,216010.0
2016-12-01,6.88,6.94,6.665,6.7,366610.0
2016-11-30,7.03,7.04,6.89,6.91,201643.0
2016-11-29,7.0,7.07,6.9888,7.04,170401.0
2016-11-28,7.0,7.02,6.93,6.98,157495.0
2016-11-25,6.93,7.01,6.91,6.98,69010.0
2016-11-23,6.96,7.03,6.88,6.92,166083.0
2016-11-22,6.89,7.03,6.89,6.99,212346.0
2016-11-21,6.85,6.932,6.85,6.88,275312.0
2016-11-18,6.77,6.84,6.76,6.83,251208.0
2016-11-17,6.82,6.88,6.75,6.78,170113.0
2016-11-16,6.75,6.87,6.75,6.8,265892.0
2016-11-15,6.79,6.82,6.67,6.75,195931.0
2016-11-14,6.83,6.87,6.76,6.78,194820.0
2016-11-11,6.7,6.87,6.7,6.81,396222.0
2016-11-10,6.79,6.81,6.62,6.7,317532.0
2016-11-09,6.62,6.77,6.62,6.75,288096.0
2016-11-08,6.67,6.78,6.67,6.72,163971.0
2016-11-07,6.75,6.81,6.72,6.73,303279.0
2016-11-04,6.67,6.75,6.65,6.69,213685.0
2016-11-03,6.61,6.7,6.6,6.65,232124.0
2016-11-02,6.55,6.62,6.52,6.58,508583.0
2016-11-01,6.87,6.9,6.49,6.52,567360.0
2016-10-31,6.9,6.9,6.82,6.87,168883.0
2016-10-28,6.87,6.92,6.82,6.85,145463.0
2016-10-27,6.96,6.99,6.85,6.86,242212.0
2016-10-26,7.04,7.107,6.945,6.96,314157.0
2016-10-25,7.04,7.09,6.97,7.07,220914.0
2016-10-24,6.94,7.05,6.94,7.04,116145.0
2016-10-21,6.86,6.975,6.86,6.95,98924.0
2016-10-20,6.89,6.93,6.88,6.91,96630.0
2016-10-19,6.88,6.95,6.87,6.89,113333.0
2016-10-18,6.83,6.92,6.8,6.88,182948.0
2016-10-17,6.86,6.9,6.8,6.81,155617.0
2016-10-14,6.91,6.93,6.84,6.85,127422.0
2016-10-13,6.85,6.95,6.85,6.9,111212.0
2016-10-12,6.81,6.95,6.81,6.88,115555.0
2016-10-11,6.82,6.8899,6.79,6.82,152771.0
2016-10-10,6.77,6.89,6.77,6.85,159543.0
2016-10-07,6.8,6.825,6.72,6.79,167944.0
2016-10-06,6.82,6.84,6.71,6.76,232871.0
2016-10-05,6.97,6.99,6.82,6.82,230094.0
2016-10-04,7.1,7.115,6.91,6.94,332130.0
2016-10-03,7.15,7.21,7.08,7.1,368513.0
2016-09-30,7.36,7.44,7.355,7.42,363892.0
2016-09-29,7.4,7.43,7.3,7.36,156175.0
2016-09-28,7.38,7.45,7.31,7.38,204614.0
2016-09-27,7.36,7.44,7.36,7.37,532407.0
2016-09-26,7.45,7.5,7.38,7.38,163300.0
2016-09-23,7.44,7.51,7.43,7.44,125648.0
2016-09-22,7.43,7.51,7.43,7.49,208157.0
2016-09-21,7.41,7.431,7.32,7.41,185724.0
2016-09-20,7.41,7.44,7.35,7.37,111250.0
2016-09-19,7.25,7.4,7.25,7.36,143656.0
2016-09-16,7.33,7.33,7.21,7.25,382764.0
2016-09-15,7.31,7.3416,7.26,7.31,144604.0
2016-09-14,7.25,7.32,7.21,7.27,129474.0
2016-09-13,7.31,7.3398,7.225,7.23,178099.0
2016-09-12,7.25,7.36,7.17,7.32,260976.0
2016-09-09,7.55,7.58,7.25,7.26,225516.0
2016-09-08,7.57,7.61,7.54,7.58,164742.0
2016-09-07,7.53,7.6,7.51,7.58,231046.0
2016-09-06,7.4,7.55,7.38,7.51,288626.0
2016-09-02,7.38,7.48,7.376,7.43,225775.0
2016-09-01,7.35,7.36,7.25,7.36,144024.0
2016-08-31,7.36,7.38,7.3,7.35,234988.0
2016-08-30,7.38,7.38,7.32,7.36,149462.0
2016-08-29,7.29,7.42,7.29,7.36,128898.0
2016-08-26,7.5,7.5,7.31,7.32,240561.0
2016-08-25,7.49,7.51,7.46,7.48,139558.0
2016-08-24,7.5,7.5,7.42,7.47,166677.0
2016-08-23,7.49,7.56,7.45,7.5,201900.0
2016-08-22,7.43,7.46,7.3899,7.46,138334.0
2016-08-19,7.45,7.45,7.38,7.41,133840.0
2016-08-18,7.44,7.5,7.4,7.45,186550.0
2016-08-17,7.33,7.42,7.33,7.41,179768.0
2016-08-16,7.35,7.39,7.34,7.35,162741.0
2016-08-15,7.4,7.44,7.38,7.4,153058.0
2016-08-12,7.43,7.49,7.41,7.42,119025.0
2016-08-11,7.45,7.4646,7.41,7.44,117794.0
2016-08-10,7.5,7.5,7.44,7.47,125794.0
2016-08-09,7.39,7.48,7.39,7.47,169465.0
2016-08-08,7.42,7.45,7.4,7.41,133402.0
2016-08-05,7.26,7.4,7.23,7.39,343673.0
2016-08-04,7.16,7.27,7.16,7.24,260603.0
2016-08-03,7.08,7.19,7.06,7.19,290306.0
2016-08-02,7.15,7.16,7.075,7.1,280508.0
2016-08-01,7.05,7.15,7.03,7.13,322145.0
2016-07-29,6.99,7.08,6.96,7.02,470659.0
2016-07-28,6.85,6.99,6.8,6.96,370041.0
2016-07-27,6.8,6.895,6.781,6.81,181868.0
2016-07-26,6.82,6.84,6.79,6.82,131534.0
2016-07-25,6.79,6.82,6.76,6.79,123375.0
2016-07-22,6.78,6.83,6.77,6.8,153210.0
2016-07-21,6.75,6.8,6.74,6.76,157106.0
2016-07-20,6.71,6.8,6.71,6.76,238888.0
2016-07-19,6.75,6.79,6.7,6.76,172840.0
2016-07-18,6.65,6.75,6.65,6.75,167321.0
2016-07-15,6.7,6.71,6.64,6.68,265024.0
2016-07-14,6.67,6.71,6.66,6.68,282342.0
2016-07-13,6.68,6.7,6.642,6.68,356833.0
2016-07-12,6.7,6.71,6.64,6.67,556863.0
2016-07-11,6.64,6.7,6.572,6.68,297594.0
2016-07-08,6.58,6.65,6.58,6.63,252001.0
2016-07-07,6.66,6.69,6.56,6.6,218478.0
2016-07-06,6.64,6.72,6.62,6.69,235841.0
2016-07-05,6.7,6.73,6.65,6.67,237984.0
2016-07-01,6.74,6.81,6.69,6.73,391519.0
2016-06-30,6.82,6.95,6.8,6.94,500027.0
2016-06-29,6.75,6.85,6.722,6.84,294649.0
2016-06-28,6.69,6.796,6.623,6.72,631412.0
2016-06-27,6.72,6.77,6.605,6.66,229413.0
2016-06-24,6.57,6.824,6.502,6.77,725208.0
2016-06-23,6.81,6.81,6.76,6.77,233776.0
2016-06-22,6.83,6.875,6.77,6.77,249175.0
2016-06-21,6.96,6.9699,6.83,6.84,231119.0
2016-06-20,7.0,7.0,6.96,6.98,160560.0
2016-06-17,6.96,6.98,6.91,6.97,639909.0
2016-06-16,6.81,6.94,6.81,6.93,231872.0
2016-06-15,6.87,6.87,6.81,6.81,195146.0
2016-06-14,6.87,6.9062,6.82,6.85,166350.0
2016-06-13,6.96,6.96,6.89,6.89,172447.0
2016-06-10,6.94,6.99,6.92,6.95,182333.0
2016-06-09,6.87,6.97,6.87,6.95,216799.0
2016-06-08,6.8,6.9,6.7973,6.9,154113.0
2016-06-07,6.75,6.82,6.75,6.8,150216.0
2016-06-06,6.73,6.8,6.71,6.77,124907.0
2016-06-03,6.76,6.8,6.69,6.74,117567.0
2016-06-02,6.73,6.76,6.66,6.72,134343.0
2016-06-01,6.68,6.75,6.675,6.75,112909.0
2016-05-31,6.61,6.7,6.59,6.69,230046.0
2016-05-27,6.63,6.68,6.59,6.62,122529.0
2016-05-26,6.66,6.7,6.625,6.66,111752.0
2016-05-25,6.59,6.7,6.5767,6.67,98944.0
2016-05-24,6.57,6.67,6.52,6.6,210342.0
2016-05-23,6.57,6.58,6.5,6.52,151531.0
2016-05-20,6.48,6.51,6.45,6.5,201516.0
2016-05-19,6.47,6.52,6.42,6.46,250763.0
2016-05-18,6.6,6.69,6.48,6.53,242131.0
2016-05-17,6.78,6.79,6.6,6.65,201152.0
2016-05-16,6.75,6.8291,6.75,6.78,123683.0
2016-05-13,6.74,6.79,6.69,6.75,206713.0
2016-05-12,6.75,6.83,6.69,6.74,304015.0
2016-05-11,6.72,6.8,6.68,6.76,180025.0
2016-05-10,6.78,6.79,6.67,6.71,164063.0
2016-05-09,6.66,6.76,6.65,6.74,193137.0
2016-05-06,6.52,6.68,6.51,6.66,237591.0
2016-05-05,6.52,6.65,6.52,6.53,283361.0
2016-05-04,6.37,6.55,6.37,6.53,165832.0
2016-05-03,6.44,6.4799,6.33,6.42,267411.0
2016-05-02,6.5,6.55,6.4,6.47,272547.0
2016-04-29,6.53,6.57,6.43,6.5,416323.0
2016-04-28,6.57,6.67,6.48,6.49,531327.0
2016-04-27,6.72,6.76,6.65,6.71,273047.0
2016-04-26,6.74,6.85,6.69,6.85,276226.0
2016-04-25,6.74,6.74,6.65,6.73,189649.0
2016-04-22,6.71,6.7299,6.67,6.7,131680.0
2016-04-21,6.77,6.78,6.68,6.71,182864.0
2016-04-20,6.75,6.82,6.71,6.76,246883.0
2016-04-19,6.79,6.8399,6.75,6.78,197613.0
2016-04-18,6.77,6.8,6.71,6.79,198293.0
2016-04-15,6.81,6.84,6.76,6.77,144472.0
2016-04-14,6.81,6.865,6.75,6.82,290666.0
2016-04-13,6.77,6.8,6.74,6.8,127586.0
2016-04-12,6.74,6.8,6.71,6.76,150885.0
2016-04-11,6.72,6.78,6.69,6.75,206025.0
2016-04-08,6.75,6.78,6.68,6.68,105942.0
2016-04-07,6.68,6.73,6.66,6.73,160169.0
2016-04-06,6.72,6.74,6.65,6.71,151626.0
2016-04-05,6.63,6.7,6.61,6.7,275274.0
2016-04-04,6.68,6.69,6.63,6.65,161060.0
2016-04-01,6.61,6.7,6.58,6.68,195975.0
2016-03-31,6.64,6.72,6.64,6.65,540999.0
2016-03-30,6.65,6.73,6.6,6.65,213941.0
2016-03-29,6.73,6.89,6.68,6.86,295593.0
2016-03-28,6.76,6.77,6.654,6.74,155473.0
2016-03-24,6.63,6.74,6.6,6.73,167640.0
2016-03-23,6.83,6.84,6.65,6.65,219613.0
2016-03-22,6.8,6.88,6.76,6.84,134459.0
2016-03-21,6.87,6.9,6.76,6.85,362545.0
2016-03-18,6.89,6.92,6.82,6.92,501916.0
2016-03-17,6.65,6.87,6.6,6.84,305783.0
2016-03-16,6.57,6.67,6.52,6.67,126904.0
2016-03-15,6.67,6.69,6.56,6.57,139197.0
2016-03-14,6.72,6.74,6.62,6.7,158415.0
2016-03-11,6.6,6.73,6.56,6.72,187124.0
2016-03-10,6.54,6.5806,6.41,6.57,260173.0
2016-03-09,6.58,6.6199,6.49,6.54,150550.0
2016-03-08,6.67,6.69,6.49,6.53,219662.0
2016-03-07,6.63,6.69,6.58,6.69,173972.0
2016-03-04,6.59,6.7,6.56,6.62,351424.0
2016-03-03,6.44,6.62,6.39,6.61,338915.0
2016-03-02,6.37,6.43,6.33,6.42,194974.0
2016-03-01,6.38,6.4,6.29,6.38,196950.0
2016-02-29,6.29,6.43,6.29,6.35,253721.0
2016-02-26,6.3,6.43,6.26,6.29,179924.0
2016-02-25,6.16,6.29,6.14,6.29,226907.0
2016-02-24,6.09,6.16,5.9527,6.13,215758.0
2016-02-23,6.22,6.27,6.13,6.14,225341.0
2016-02-22,6.17,6.27,6.12,6.22,225948.0
2016-02-19,5.94,6.13,5.9,6.13,280710.0
2016-02-18,5.89,5.97,5.82,5.95,249829.0
2016-02-17,5.78,6.0,5.7,5.87,289825.0
2016-02-16,5.76,5.79,5.63,5.78,173322.0
2016-02-12,5.6,5.74,5.54,5.68,204389.0
2016-02-11,5.53,5.6,5.51,5.56,201721.0
2016-02-10,5.72,5.77,5.63,5.65,133225.0
2016-02-09,5.78,5.82,5.6,5.7,215296.0
2016-02-08,5.9,5.92,5.72,5.84,280113.0
2016-02-05,5.97,6.0617,5.9,5.92,228730.0
2016-02-04,6.0,6.14,5.91,5.98,190580.0
2016-02-03,5.91,6.06,5.88,6.03,267108.0
2016-02-02,5.89,5.93,5.8001,5.89,151073.0
2016-02-01,5.95,6.02,5.9,5.93,306788.0
2016-01-29,5.79,6.0,5.73,6.0,346701.0
2016-01-28,5.73,5.84,5.7,5.74,117499.0
2016-01-27,5.77,5.82,5.66,5.68,180319.0
2016-01-26,5.51,5.84,5.5,5.8,344472.0
2016-01-25,5.7,5.75,5.5,5.5,253828.0
2016-01-22,5.6,5.78,5.54,5.74,299289.0
2016-01-21,5.5,5.65,5.475,5.5,328366.0
2016-01-20,5.58,5.61,5.22,5.51,724943.0
2016-01-19,5.85,5.86,5.64,5.67,398687.0
2016-01-15,5.95,5.97,5.7,5.83,418974.0
2016-01-14,6.05,6.12,5.88,6.08,399025.0
2016-01-13,6.26,6.27,5.94,6.01,438348.0
2016-01-12,6.44,6.44,6.17,6.27,290156.0
2016-01-11,6.39,6.41,6.34,6.38,130353.0
2016-01-08,6.42,6.44,6.33,6.34,230844.0
2016-01-07,6.5,6.5225,6.4,6.41,249005.0
2016-01-06,6.46,6.6299,6.46,6.58,245100.0
2016-01-05,6.38,6.56,6.36,6.53,257819.0
2016-01-04,6.26,6.38,6.23,6.35,348190.0
2015-12-31,6.33,6.42,6.321,6.35,294837.0
2015-12-30,6.53,6.5301,6.38,6.38,256036.0
2015-12-29,6.63,6.65,6.47,6.51,353195.0
2015-12-28,6.92,6.95,6.81,6.89,336828.0
2015-12-24,6.94,6.965,6.91,6.92,161071.0
2015-12-23,6.93,6.95,6.87,6.92,256807.0
2015-12-22,6.82,6.94,6.8088,6.89,281818.0
2015-12-21,6.8,6.84,6.71,6.81,280479.0
2015-12-18,6.65,6.77,6.63,6.77,1069580.0
2015-12-17,6.6,6.72,6.5801,6.67,355241.0
2015-12-16,6.4,6.6,6.4,6.57,301487.0
2015-12-15,6.18,6.37,6.15,6.36,406571.0
2015-12-14,6.36,6.38,6.1,6.19,533181.0
2015-12-11,6.45,6.5099,6.27,6.35,341620.0
2015-12-10,6.45,6.55,6.45,6.51,193023.0
2015-12-09,6.5,6.5401,6.46,6.49,207182.0
2015-12-08,6.46,6.53,6.43,6.5,241119.0
2015-12-07,6.56,6.6,6.5,6.51,311515.0
2015-12-04,6.59,6.64,6.55,6.57,221095.0
2015-12-03,6.58,6.65,6.58,6.59,214108.0
2015-12-02,6.79,6.8,6.59,6.59,180288.0
2015-12-01,6.89,6.9,6.8,6.8,216538.0
2015-11-30,6.88,6.89,6.825,6.87,369124.0
2015-11-27,6.83,6.88,6.8,6.86,175698.0
2015-11-25,6.75,6.83,6.67,6.82,171305.0
2015-11-24,6.69,6.77,6.66,6.77,165478.0
2015-11-23,6.66,6.73,6.645,6.73,260465.0
2015-11-20,6.66,6.7,6.5999,6.69,476955.0
2015-11-19,6.67,6.74,6.63,6.64,320863.0
2015-11-18,6.6,6.71,6.585,6.7,140124.0
2015-11-17,6.64,6.675,6.58,6.6,248253.0
2015-11-16,6.57,6.65,6.53,6.63,336871.0
2015-11-13,6.58,6.66,6.55,6.62,370847.0
2015-11-12,6.7,6.73,6.616,6.62,246492.0
2015-11-11,6.72,6.7699,6.7,6.71,135040.0
2015-11-10,6.64,6.71,6.64,6.7,189220.0
2015-11-09,6.72,6.7399,6.62,6.63,315947.0
2015-11-06,6.73,6.75,6.62,6.75,286815.0
2015-11-05,6.81,6.82,6.71,6.77,154999.0
2015-11-04,6.9,6.91,6.8,6.83,314916.0
2015-11-03,6.73,6.9,6.7,6.88,272247.0
2015-11-02,6.61,6.76,6.61,6.76,363785.0
2015-10-30,6.7,6.71,6.5575,6.63,220174.0
2015-10-29,6.76,6.76,6.64,6.67,232536.0
2015-10-28,6.48,6.75,6.46,6.75,393782.0
2015-10-27,6.74,6.74,6.405,6.46,506937.0
2015-10-26,6.78,6.78,6.7,6.73,190781.0
2015-10-23,6.83,6.83,6.73,6.78,131093.0
2015-10-22,6.8,6.82,6.75,6.8,174695.0
2015-10-21,6.8,6.83,6.76,6.76,160160.0
2015-10-20,6.7,6.8,6.7,6.8,271263.0
2015-10-19,6.78,6.8,6.71,6.72,212658.0
2015-10-16,6.84,6.85,6.79,6.81,235267.0
2015-10-15,6.75,6.83,6.69,6.83,283838.0
2015-10-14,6.71,6.8,6.71,6.75,262967.0
2015-10-13,6.81,6.83,6.71,6.72,357670.0
2015-10-12,6.75,6.86,6.75,6.82,333990.0
2015-10-09,6.79,6.81,6.73,6.76,333991.0
2015-10-08,6.71,6.8,6.68,6.77,402597.0
2015-10-07,6.58,6.755,6.57,6.7,426860.0
2015-10-06,6.56,6.63,6.55,6.57,399359.0
2015-10-05,6.35,6.55,6.35,6.55,591362.0
2015-10-02,6.28,6.38,6.22,6.34,588897.0
2015-10-01,6.56,6.6299,6.465,6.5,558901.0
2015-09-30,6.62,6.64,6.5,6.56,567966.0
2015-09-29,6.53,6.61,6.51,6.61,917321.0
2015-09-28,6.7,6.71,6.52,6.53,447982.0
2015-09-25,6.82,6.9,6.705,6.71,557774.0
2015-09-24,6.8,6.87,6.775,6.83,311698.0
2015-09-23,6.8,6.855,6.79,6.8,331606.0
2015-09-22,6.8,6.84,6.76,6.8,383993.0
2015-09-21,6.57,6.85,6.57,6.8,625123.0
2015-09-18,6.51,6.63,6.51,6.58,1454834.0
2015-09-17,6.5,6.65,6.4,6.55,732236.0
2015-09-16,6.55,6.56,6.47,6.47,559793.0
2015-09-15,6.62,6.62,6.51,6.56,463313.0
2015-09-14,6.73,6.75,6.56,6.59,400732.0
2015-09-11,6.61,6.73,6.58,6.71,376966.0
2015-09-10,6.58,6.63,6.55,6.61,248272.0
2015-09-09,6.65,6.71,6.58,6.58,248509.0
2015-09-08,6.64,6.705,6.59,6.65,256497.0
2015-09-04,6.58,6.64,6.56,6.61,296111.0
2015-09-03,6.63,6.715,6.63,6.63,252305.0
2015-09-02,6.66,6.695,6.58,6.61,206792.0
2015-09-01,6.63,6.71,6.6,6.62,314807.0
2015-08-31,6.67,6.7601,6.66,6.7,338767.0
2015-08-28,6.68,6.7,6.64,6.68,240807.0
2015-08-27,6.68,6.8,6.64,6.7,331932.0
2015-08-26,6.62,6.69,6.55,6.67,391436.0
2015-08-25,6.67,6.67,6.52,6.53,260061.0
2015-08-24,6.6,6.7208,6.401,6.53,457506.0
2015-08-21,6.86,6.9801,6.81,6.81,892336.0
2015-08-20,6.95,7.06,6.91,6.97,253970.0
2015-08-19,6.9,7.04,6.89,6.98,237579.0
2015-08-18,6.91,6.99,6.91,6.94,168922.0
2015-08-17,6.92,6.995,6.84,6.99,229438.0
2015-08-14,6.9,6.96,6.88,6.95,184772.0
2015-08-13,6.82,6.96,6.79,6.9,274735.0
2015-08-12,6.7,6.85,6.7,6.8,311304.0
2015-08-11,6.53,6.77,6.53,6.73,332802.0
2015-08-10,6.47,6.56,6.45,6.56,519836.0
2015-08-07,6.7,6.71,6.41,6.44,639572.0
2015-08-06,7.0,7.0303,6.6,6.76,842850.0
2015-08-05,7.3,7.3,7.15,7.19,205514.0
2015-08-04,7.29,7.33,7.27,7.28,180081.0
2015-08-03,7.37,7.39,7.25,7.29,274774.0
2015-07-31,7.32,7.39,7.32,7.37,367171.0
2015-07-30,7.34,7.39,7.31,7.32,151066.0
2015-07-29,7.32,7.37,7.26,7.34,162318.0
2015-07-28,7.32,7.3965,7.29,7.33,188755.0
2015-07-27,7.25,7.33,7.25,7.32,225473.0
2015-07-24,7.39,7.42,7.25,7.26,236603.0
2015-07-23,7.49,7.5,7.39,7.4,195954.0
2015-07-22,7.5,7.54,7.48,7.48,226924.0
2015-07-21,7.5,7.55,7.48,7.49,322775.0
2015-07-20,7.5,7.54,7.47,7.48,382892.0
2015-07-17,7.52,7.52,7.48,7.51,263472.0
2015-07-16,7.51,7.56,7.51,7.52,112977.0
2015-07-15,7.51,7.52,7.44,7.51,363261.0
2015-07-14,7.52,7.56,7.4916,7.51,182040.0
2015-07-13,7.55,7.58,7.5,7.52,224055.0
2015-07-10,7.48,7.56,7.48,7.55,226830.0
2015-07-09,7.62,7.62,7.5,7.5,223065.0
2015-07-08,7.6,7.65,7.56,7.59,213678.0
2015-07-07,7.54,7.67,7.51,7.63,342612.0
2015-07-06,7.47,7.57,7.47,7.54,258119.0
2015-07-02,7.54,7.5799,7.49,7.5,221308.0
2015-07-01,7.48,7.54,7.37,7.52,531147.0
2015-06-30,7.64,7.7,7.62,7.62,602536.0
2015-06-29,7.78,7.79,7.64,7.64,446233.0
2015-06-26,7.8,7.8,7.71,7.79,606387.0
2015-06-25,7.8,7.85,7.8,7.8,181876.0
2015-06-24,7.88,7.88,7.82,7.83,269391.0
2015-06-23,7.93,7.93,7.86,7.87,165253.0
2015-06-22,7.93,7.97,7.9,7.93,169038.0
2015-06-19,7.86,7.93,7.8,7.92,668525.0
2015-06-18,7.73,7.84,7.72,7.82,261731.0
2015-06-17,7.69,7.77,7.64,7.73,464337.0
2015-06-16,7.8,7.8,7.74,7.78,310448.0
2015-06-15,7.77,7.8,7.7201,7.8,215821.0
2015-06-12,7.78,7.79,7.74,7.77,128161.0
2015-06-11,7.74,7.78,7.72,7.78,127863.0
2015-06-10,7.69,7.75,7.66,7.73,171841.0
2015-06-09,7.7,7.72,7.66,7.66,219988.0
2015-06-08,7.69,7.73,7.62,7.69,269288.0
2015-06-05,7.74,7.75,7.67,7.68,291367.0
2015-06-04,7.76,7.78,7.75,7.77,211475.0
2015-06-03,7.82,7.82,7.76,7.78,197003.0
2015-06-02,7.81,7.85,7.79,7.81,208554.0
2015-06-01,7.79,7.85,7.79,7.84,228022.0
2015-05-29,7.75,7.79,7.73,7.77,246839.0
2015-05-28,7.77,7.7762,7.75,7.75,107684.0
2015-05-27,7.7,7.78,7.7,7.77,117399.0
2015-05-26,7.65,7.74,7.65,7.72,349145.0
2015-05-22,7.74,7.74,7.66,7.68,368981.0
2015-05-21,7.75,7.79,7.71,7.72,152065.0
2015-05-20,7.77,7.8,7.72,7.74,177451.0
2015-05-19,7.75,7.78,7.74,7.75,175127.0
2015-05-18,7.72,7.79,7.7,7.76,253990.0
2015-05-15,7.75,7.78,7.71,7.77,152734.0
2015-05-14,7.77,7.8,7.74,7.74,177990.0
2015-05-13,7.77,7.78,7.73,7.74,247944.0
2015-05-12,7.7,7.77,7.67,7.74,306730.0
2015-05-11,7.73,7.76,7.72,7.73,262148.0
2015-05-08,7.85,7.85,7.73,7.76,344893.0
2015-05-07,7.84,7.87,7.68,7.78,625120.0
2015-05-06,7.84,7.84,7.75,7.83,402354.0
2015-05-05,7.93,7.95,7.81,7.83,457011.0
2015-05-04,8.0,8.0,7.89,7.97,421921.0
2015-05-01,8.03,8.07,7.97,8.02,382145.0
2015-04-30,8.1,8.13,8.0,8.0,539808.0
2015-04-29,8.16,8.19,8.09,8.13,379348.0
2015-04-28,8.23,8.2401,8.16,8.2,243604.0
2015-04-27,8.25,8.265,8.2,8.23,206175.0
2015-04-24,8.23,8.27,8.22,8.23,62520.0
2015-04-23,8.22,8.23,8.2,8.23,106576.0
2015-04-22,8.27,8.27,8.2,8.22,100309.0
2015-04-21,8.28,8.29,8.23,8.26,126486.0
2015-04-20,8.23,8.285,8.22,8.25,143080.0
2015-04-17,8.24,8.29,8.22,8.23,182056.0
2015-04-16,8.23,8.29,8.22,8.26,138247.0
2015-04-15,8.2,8.26,8.1799,8.23,161704.0
2015-04-14,8.19,8.2,8.17,8.18,137447.0
2015-04-13,8.14,8.22,8.14,8.16,246193.0
2015-04-10,8.17,8.21,8.15,8.17,151087.0
2015-04-09,8.19,8.24,8.12,8.14,160732.0
2015-04-08,8.2,8.225,8.16,8.2,159927.0
2015-04-07,8.27,8.27,8.17,8.17,196562.0
2015-04-06,8.2,8.26,8.19,8.25,183201.0
2015-04-02,8.23,8.28,8.184,8.2,189127.0
2015-04-01,8.21,8.25,8.16,8.24,313226.0
2015-03-31,8.41,8.47,8.4,8.47,248507.0
2015-03-30,8.36,8.47,8.33,8.45,264308.0
2015-03-27,8.4,8.425,8.34,8.36,215899.0
2015-03-26,8.39,8.44,8.35,8.38,156586.0
2015-03-25,8.49,8.5,8.37,8.38,193341.0
2015-03-24,8.5,8.5,8.45,8.46,124087.0
2015-03-23,8.46,8.5,8.46,8.5,205760.0
2015-03-20,8.3,8.49,8.29,8.49,480644.0
2015-03-19,8.32,8.39,8.3,8.31,152293.0
2015-03-18,8.25,8.4,8.22,8.36,364992.0
2015-03-17,8.2,8.28,8.2,8.24,111261.0
2015-03-16,8.2,8.28,8.2,8.23,132533.0
2015-03-13,8.22,8.27,8.16,8.18,53134.0
2015-03-12,8.2,8.24,8.19,8.21,76825.0
2015-03-11,8.12,8.18,8.0807,8.15,223947.0
2015-03-10,8.15,8.19,8.11,8.13,269912.0
2015-03-09,8.2,8.25,8.14,8.15,255066.0
2015-03-06,8.3,8.33,8.15,8.16,383862.0
2015-03-05,8.4,8.4,8.32,8.35,120117.0
2015-03-04,8.34,8.4,8.3,8.39,351613.0
2015-03-03,8.32,8.36,8.3,8.34,127464.0
2015-03-02,8.35,8.37,8.31,8.36,220363.0
2015-02-27,8.31,8.38,8.3,8.34,125636.0
2015-02-26,8.28,8.4,8.25,8.34,219106.0
2015-02-25,8.28,8.35,8.28,8.29,169820.0
2015-02-24,8.25,8.3,8.21,8.28,182618.0
2015-02-23,8.29,8.3,8.23,8.29,209109.0
2015-02-20,8.3,8.32,8.25,8.29,230924.0
2015-02-19,8.37,8.408,8.3,8.3,197405.0
2015-02-18,8.29,8.43,8.22,8.37,291412.0
2015-02-17,8.31,8.4,8.31,8.33,162865.0
2015-02-13,8.35,8.36,8.27,8.34,202458.0
2015-02-12,8.29,8.35,8.25,8.33,297538.0
2015-02-11,8.16,8.26,8.07,8.25,379324.0
2015-02-10,8.25,8.26,8.13,8.18,349964.0
2015-02-09,8.27,8.31,8.25,8.25,199227.0
2015-02-06,8.4,8.4,8.25,8.26,338499.0
2015-02-05,8.33,8.4229,8.3,8.42,203752.0
2015-02-04,8.37,8.39,8.3001,8.33,175324.0
2015-02-03,8.29,8.43,8.26,8.39,216967.0
2015-02-02,8.4,8.4,8.25,8.29,235688.0
2015-01-30,8.4,8.44,8.3399,8.37,290161.0
2015-01-29,8.33,8.42,8.27,8.4,273683.0
2015-01-28,8.47,8.48,8.38,8.38,278727.0
2015-01-27,8.45,8.49,8.43,8.43,159929.0
2015-01-26,8.4,8.48,8.37,8.47,96746.0
2015-01-23,8.48,8.49,8.38,8.41,207786.0
2015-01-22,8.4,8.47,8.35,8.47,317386.0
2015-01-21,8.43,8.45,8.38,8.38,202228.0
2015-01-20,8.52,8.52,8.41,8.43,319706.0
2015-01-16,8.42,8.5,8.42,8.5,205585.0
2015-01-15,8.39,8.47,8.35,8.45,267280.0
2015-01-14,8.35,8.42,8.35,8.39,151254.0
2015-01-13,8.48,8.5,8.36,8.41,185398.0
2015-01-12,8.43,8.47,8.36,8.47,147168.0
2015-01-09,8.49,8.5,8.42,8.44,113370.0
2015-01-08,8.55,8.56,8.46,8.5,184846.0
2015-01-07,8.45,8.54,8.42,8.54,251532.0
2015-01-06,8.45,8.51,8.41,8.42,238844.0
2015-01-05,8.33,8.46,8.33,8.43,224985.0
2015-01-02,8.27,8.4,8.235,8.39,207265.0
2014-12-31,8.42,8.47,8.23,8.25,375062.0
2014-12-30,8.44,8.46,8.38,8.4,231135.0
2014-12-29,8.35,8.46,8.34,8.43,326206.0
2014-12-26,8.56,8.59,8.5,8.55,286833.0
2014-12-24,8.55,8.58,8.46,8.53,263889.0
2014-12-23,8.6,8.61,8.535,8.56,256327.0
2014-12-22,8.55,8.595,8.51,8.58,349615.0
2014-12-19,8.44,8.64,8.44,8.53,915862.0
2014-12-18,8.5,8.5,8.42,8.45,477889.0
2014-12-17,8.33,8.45,8.32,8.44,383482.0
2014-12-16,8.34,8.41,8.3201,8.34,274636.0
2014-12-15,8.47,8.47,8.31,8.33,287862.0
2014-12-12,8.46,8.5,8.43,8.43,182081.0
2014-12-11,8.45,8.57,8.37,8.51,279052.0
2014-12-10,8.5,8.523,8.42,8.42,210456.0
2014-12-09,8.3,8.51,8.3,8.5,284832.0
2014-12-08,8.5,8.51,8.31,8.34,308853.0
2014-12-05,8.54,8.551,8.47,8.49,233981.0
2014-12-04,8.59,8.63,8.57,8.57,218638.0
2014-12-03,8.6,8.65,8.57,8.61,134031.0
2014-12-02,8.51,8.62,8.49,8.59,188867.0
2014-12-01,8.62,8.6299,8.48,8.49,168197.0
2014-11-28,8.63,8.67,8.59,8.6,135923.0
2014-11-26,8.54,8.63,8.51,8.61,183785.0
2014-11-25,8.5,8.53,8.48,8.52,144527.0
2014-11-24,8.45,8.49,8.45,8.48,172612.0
2014-11-21,8.53,8.56,8.44,8.46,214057.0
2014-11-20,8.46,8.5,8.44,8.48,110992.0
2014-11-19,8.5,8.5,8.44,8.45,114900.0
2014-11-18,8.49,8.55,8.47,8.51,189942.0
2014-11-17,8.47,8.52,8.43,8.46,180764.0
2014-11-14,8.44,8.49,8.44,8.47,184751.0
2014-11-13,8.5,8.55,8.45,8.45,116984.0
2014-11-12,8.46,8.51,8.43,8.5,230167.0
2014-11-11,8.47,8.5,8.44,8.47,172994.0
2014-11-10,8.46,8.5,8.44,8.5,129438.0
2014-11-07,8.45,8.48,8.41,8.47,40718.0
2014-11-06,8.48,8.49,8.42,8.44,48861.0
2014-11-05,8.45,8.5,8.42,8.47,315038.0
2014-11-04,8.38,8.44,8.38,8.44,224279.0
2014-11-03,8.41,8.45,8.36,8.39,295831.0
2014-10-31,8.47,8.49,8.36,8.42,353701.0
2014-10-30,8.35,8.42,8.31,8.42,222253.0
2014-10-29,8.43,8.44,8.275,8.33,270685.0
2014-10-28,8.34,8.44,8.32,8.44,306752.0
2014-10-27,8.29,8.33,8.25,8.32,127426.0
2014-10-24,8.27,8.31,8.25,8.3,138179.0
2014-10-23,8.35,8.35,8.27,8.29,414628.0
2014-10-22,8.36,8.39,8.32,8.34,191574.0
2014-10-21,8.34,8.38,8.29,8.36,161931.0
2014-10-20,8.28,8.34,8.27,8.34,144684.0
2014-10-17,8.36,8.38,8.26,8.28,287159.0
2014-10-16,8.27,8.38,8.25,8.31,401868.0
2014-10-15,8.23,8.39,8.2,8.33,680043.0
2014-10-14,8.22,8.279,8.19,8.23,236626.0
2014-10-13,8.08,8.27,8.08,8.19,304358.0
2014-10-10,8.03,8.16,8.01,8.08,247141.0
2014-10-09,8.12,8.22,8.07,8.08,289164.0
2014-10-08,7.94,8.14,7.93,8.13,382757.0
2014-10-07,7.9,8.0,7.9,7.94,285600.0
2014-10-06,7.9,7.96,7.9,7.91,298060.0
2014-10-03,7.97,7.97,7.9,7.91,341759.0
2014-10-02,7.96,8.0193,7.9,7.94,305797.0
2014-10-01,7.8,8.0,7.75,7.98,457792.0
2014-09-30,8.27,8.27,8.06,8.08,587963.0
2014-09-29,8.18,8.27,8.18,8.24,426627.0
2014-09-26,8.19,8.21,8.1,8.2,459622.0
2014-09-25,8.22,8.25,8.16,8.18,496328.0
2014-09-24,8.27,8.28,8.2,8.2,297741.0
2014-09-23,8.35,8.35,8.25,8.25,244631.0
2014-09-22,8.38,8.4,8.32,8.34,254950.0
2014-09-19,8.33,8.43,8.33,8.38,463600.0
2014-09-18,8.37,8.39,8.31,8.34,257700.0
2014-09-17,8.32,8.44,8.32,8.38,277600.0
2014-09-16,8.28,8.4,8.21,8.32,368800.0
2014-09-15,8.36,8.36,8.28,8.3,297800.0
2014-09-12,8.54,8.6,8.37,8.37,306600.0
2014-09-11,8.5,8.59,8.5,8.56,181600.0
2014-09-10,8.56,8.59,8.4801,8.51,193600.0
2014-09-09,8.61,8.66,8.55,8.56,171900.0
2014-09-08,8.64,8.67,8.6,8.61,265000.0
2014-09-05,8.53,8.64,8.53,8.63,201400.0
2014-09-04,8.62,8.63,8.53,8.54,253700.0
2014-09-03,8.64,8.66,8.6,8.61,189100.0
2014-09-02,8.75,8.76,8.64,8.65,266169.0
2014-08-29,8.65,8.75,8.65,8.75,131144.0
2014-08-28,8.68,8.7,8.65,8.66,162600.0
2014-08-27,8.68,8.71,8.67,8.69,163700.0
2014-08-26,8.63,8.7,8.63,8.7,210100.0
2014-08-25,8.63,8.66,8.62,8.63,180300.0
2014-08-22,8.64,8.64,8.59,8.61,136800.0
2014-08-21,8.57,8.66,8.57,8.63,142900.0
2014-08-20,8.58,8.6,8.56,8.57,104700.0
2014-08-19,8.6,8.65,8.6,8.6,233500.0
2014-08-18,8.66,8.66,8.59,8.61,259800.0
2014-08-15,8.68,8.68,8.6,8.61,268000.0
2014-08-14,8.61,8.62,8.55,8.62,110400.0
2014-08-13,8.57,8.61,8.55,8.6,196200.0
2014-08-12,8.63,8.64,8.53,8.54,163300.0
2014-08-11,8.6,8.6501,8.59,8.63,256900.0
2014-08-08,8.52,8.6,8.52,8.59,249800.0
2014-08-07,8.57,8.5901,8.49,8.53,238900.0
2014-08-06,8.38,8.535,8.38,8.52,417800.0
2014-08-05,8.3,8.38,8.3,8.37,493200.0
2014-08-04,8.31,8.36,8.24,8.33,388400.0
2014-08-01,8.35,8.39,8.25,8.3,600700.0
2014-07-31,8.37,8.38,8.27,8.3,593600.0
2014-07-30,8.44,8.46,8.35,8.36,355500.0
2014-07-29,8.45,8.45,8.4,8.44,192900.0
2014-07-28,8.33,8.47,8.33,8.44,365700.0
2014-07-25,8.37,8.39,8.32,8.32,372500.0
2014-07-24,8.45,8.46,8.36,8.37,232800.0
2014-07-23,8.47,8.48,8.43,8.44,117000.0
2014-07-22,8.44,8.475,8.43,8.46,162400.0
2014-07-21,8.45,8.47,8.41,8.42,116000.0
2014-07-18,8.39,8.48,8.39,8.45,200900.0
2014-07-17,8.41,8.45,8.4,8.42,239400.0
2014-07-16,8.47,8.48,8.43,8.44,115200.0
2014-07-15,8.48,8.54,8.43,8.47,234100.0
2014-07-14,8.47,8.52,8.45,8.5,225400.0
2014-07-11,8.51,8.51,8.42,8.45,204600.0
2014-07-10,8.47,8.53,8.45,8.49,272300.0
2014-07-09,8.5,8.52,8.45,8.51,206200.0
2014-07-08,8.38,8.49,8.38,8.49,235600.0
2014-07-07,8.43,8.44,8.38,8.4,303500.0
2014-07-03,8.5,8.5001,8.41,8.43,228700.0
2014-07-02,8.55,8.55,8.46,8.5,463000.0
2014-07-01,8.6,8.63,8.55,8.55,677000.0
2014-06-30,8.79,8.87,8.76,8.85,884300.0
2014-06-27,8.68,8.78,8.68,8.78,711400.0
2014-06-26,8.66,8.73,8.63,8.69,440000.0
2014-06-25,8.59,8.67,8.59,8.62,303900.0
2014-06-24,8.62,8.69,8.6,8.6,379600.0
2014-06-23,8.6,8.64,8.5801,8.62,236500.0
2014-06-20,8.61,8.63,8.55,8.56,591400.0
2014-06-19,8.55,8.61,8.55,8.58,204800.0
2014-06-18,8.55,8.58,8.51,8.57,177700.0
2014-06-17,8.59,8.59,8.51,8.52,222900.0
2014-06-16,8.58,8.64,8.55,8.58,178000.0
2014-06-13,8.64,8.64,8.57,8.59,156500.0
2014-06-12,8.58,8.655,8.535,8.63,270800.0
2014-06-11,8.59,8.62,8.53,8.57,176300.0
2014-06-10,8.63,8.63,8.6,8.62,72608.0
2014-06-09,8.6,8.65,8.58,8.63,59672.0
2014-06-06,8.6,8.62,8.57,8.6,182600.0
2014-06-05,8.45,8.59,8.45,8.59,305600.0
2014-06-04,8.49,8.49,8.43,8.46,177400.0
2014-06-03,8.61,8.61,8.46,8.48,303400.0
2014-06-02,8.64,8.6499,8.57,8.62,317700.0
2014-05-30,8.56,8.65,8.56,8.65,235500.0
2014-05-29,8.64,8.67,8.57,8.57,193100.0
2014-05-28,8.71,8.72,8.6,8.61,313200.0
2014-05-27,8.62,8.71,8.6,8.69,408000.0
2014-05-23,8.5,8.6,8.485,8.57,368000.0
2014-05-22,8.44,8.5,8.39,8.46,212600.0
2014-05-21,8.4,8.44,8.39,8.44,197300.0
2014-05-20,8.44,8.45,8.37,8.42,250100.0
2014-05-19,8.42,8.47,8.37,8.47,146100.0
2014-05-16,8.36,8.44,8.36,8.41,175300.0
2014-05-15,8.4,8.47,8.33,8.39,279300.0
2014-05-14,8.4,8.46,8.37,8.42,390100.0
2014-05-13,8.43,8.47,8.36,8.38,415200.0
2014-05-12,8.46,8.52,8.43,8.44,402600.0
2014-05-09,8.48,8.53,8.44,8.46,330500.0
2014-05-08,8.65,8.65,8.5,8.5,276600.0
2014-05-07,8.52,8.67,8.5,8.65,360700.0
2014-05-06,8.57,8.57,8.51,8.54,265500.0
2014-05-05,8.5,8.59,8.48,8.57,300800.0
2014-05-02,8.51,8.54,8.46,8.53,295000.0
2014-05-01,8.59,8.61,8.48,8.56,388900.0
2014-04-30,8.54,8.59,8.49,8.58,300500.0
2014-04-29,8.6,8.62,8.46,8.49,381100.0
2014-04-28,8.6,8.65,8.55,8.6,368600.0
2014-04-25,8.58,8.6385,8.56,8.6,227500.0
2014-04-24,8.65,8.7,8.56,8.57,177600.0
2014-04-23,8.67,8.69,8.63,8.64,209000.0
2014-04-22,8.57,8.67,8.56,8.66,271300.0
2014-04-21,8.57,8.6,8.53,8.56,283700.0
2014-04-17,8.57,8.6,8.5,8.58,307900.0
2014-04-16,8.6,8.61,8.54,8.56,359400.0
2014-04-15,8.65,8.7,8.56,8.58,528200.0
2014-04-14,8.62,8.73,8.58,8.67,323500.0
2014-04-11,8.65,8.74,8.62,8.62,488900.0
2014-04-10,8.71,8.8,8.67,8.67,427900.0
2014-04-09,8.7,8.73,8.62,8.69,187100.0
2014-04-08,8.68,8.74,8.68,8.71,331700.0
2014-04-07,8.56,8.77,8.56,8.7,594200.0
2014-04-04,8.6,8.68,8.57,8.63,318500.0
2014-04-03,8.6,8.62,8.53,8.58,299400.0
2014-04-02,8.7,8.74,8.62,8.62,461000.0
2014-04-01,8.95,8.98,8.91,8.97,595600.0
2014-03-31,8.86,8.98,8.828,8.95,606400.0
2014-03-28,8.8,8.88,8.79,8.82,284800.0
2014-03-27,8.69,8.81,8.68,8.78,463400.0
2014-03-26,8.83,8.85,8.71,8.71,357900.0
2014-03-25,8.95,8.99,8.78,8.78,470600.0
2014-03-24,9.06,9.0799,8.9299,8.93,462400.0
2014-03-21,8.92,9.14,8.9,9.06,1216800.0
2014-03-20,8.88,8.9,8.74,8.88,443400.0
2014-03-19,8.92,9.02,8.86,8.89,913100.0
2014-03-18,8.96,9.05,8.94,9.05,444500.0
2014-03-17,8.83,8.985,8.83,8.98,463200.0
2014-03-14,8.85,8.9,8.785,8.82,230200.0
2014-03-13,8.75,8.84,8.72,8.83,368100.0
2014-03-12,8.58,8.74,8.56,8.73,254300.0
2014-03-11,8.63,8.7,8.58,8.6,193500.0
2014-03-10,8.61,8.68,8.61,8.64,248700.0
2014-03-07,8.72,8.72,8.5,8.59,522700.0
2014-03-06,8.74,8.76,8.72,8.73,178200.0
2014-03-05,8.73,8.76,8.71,8.73,238100.0
2014-03-04,8.7,8.75,8.63,8.73,457900.0
2014-03-03,8.54,8.65,8.54,8.65,262900.0
2014-02-28,8.47,8.56,8.47,8.55,572300.0
2014-02-27,8.44,8.48,8.4,8.48,360800.0
2014-02-26,8.41,8.48,8.41,8.45,308000.0
2014-02-25,8.44,8.49,8.38,8.38,214900.0
2014-02-24,8.39,8.48,8.39,8.41,264000.0
2014-02-21,8.4,8.4,8.36,8.39,309900.0
2014-02-20,8.38,8.45,8.36,8.39,393100.0
2014-02-19,8.6,8.71,8.35,8.35,177326.0
2014-02-18,8.42,8.6,8.41,8.6,139253.0
2014-02-14,8.45,8.54,8.4001,8.43,339900.0
2014-02-13,8.13,8.46,8.13,8.46,574600.0
2014-02-12,8.17,8.21,8.11,8.14,518700.0
2014-02-11,8.11,8.16,8.06,8.14,322900.0
2014-02-10,7.99,8.07,7.95,8.05,422300.0
2014-02-07,8.01,8.09,7.94,7.96,598900.0
2014-02-06,7.99,8.05,7.95,7.99,433900.0
2014-02-05,8.0,8.08,7.98,7.99,329700.0
2014-02-04,8.05,8.06,7.99,7.99,315800.0
2014-02-03,8.09,8.13,8.03,8.04,395200.0
2014-01-31,8.04,8.12,8.04,8.06,604200.0
2014-01-30,8.03,8.12,8.02,8.06,262600.0
2014-01-29,8.03,8.06,7.98,8.01,245500.0
2014-01-28,8.05,8.09,7.98,8.06,269400.0
2014-01-27,8.14,8.17,7.98,8.01,361600.0
2014-01-24,8.1,8.19,8.1,8.14,348300.0
2014-01-23,8.07,8.19,8.07,8.17,489300.0
2014-01-22,8.05,8.09,8.03,8.08,214600.0
2014-01-21,7.99,8.08,7.97,8.07,316500.0
2014-01-17,8.01,8.02,7.95,7.98,248200.0
2014-01-16,8.03,8.09,7.99,8.0,238700.0
2014-01-15,8.1,8.1,8.04,8.06,285100.0
2014-01-14,8.21,8.24,8.08,8.1,363600.0
2014-01-13,8.21,8.24,8.17,8.2,337100.0
2014-01-10,8.2,8.25,8.18,8.2,243400.0
2014-01-09,8.14,8.18,8.055,8.16,407200.0
2014-01-08,8.12,8.14,8.06,8.14,418600.0
2014-01-07,8.1,8.135,8.05,8.12,279500.0
2014-01-06,8.03,8.14,8.0,8.07,378500.0
2014-01-03,7.94,8.02,7.94,8.01,273900.0
2014-01-02,7.95,8.0,7.88,7.95,493400.0
2013-12-31,7.94,8.04,7.94,8.0,350700.0
2013-12-30,8.07,8.11,7.93,7.95,585100.0
2013-12-27,8.15,8.21,8.01,8.08,391900.0
2013-12-26,8.44,8.52,8.4,8.4,495400.0
2013-12-24,8.43,8.47,8.38,8.44,211900.0
2013-12-23,8.38,8.45,8.36,8.4,460000.0
2013-12-20,8.22,8.3425,8.21,8.34,592800.0
2013-12-19,8.26,8.27,8.155,8.18,323900.0
2013-12-18,8.14,8.35,8.14,8.31,354600.0
2013-12-17,8.1,8.2,8.08,8.17,207300.0
2013-12-16,8.03,8.1,8.02,8.08,373700.0
2013-12-13,7.99,8.04,7.98,8.02,349500.0
2013-12-12,8.0,8.05,7.91,7.98,398400.0
2013-12-11,8.13,8.15,7.99,8.02,430500.0
2013-12-10,8.06,8.14,8.053,8.09,439000.0
2013-12-09,8.0,8.08,8.0,8.04,412900.0
2013-12-06,8.12,8.15,7.99,8.02,553600.0
2013-12-05,8.18,8.19,8.07,8.07,239800.0
2013-12-04,8.19,8.255,8.16,8.22,271000.0
2013-12-03,8.15,8.23,8.15,8.21,286400.0
2013-12-02,8.37,8.38,8.16,8.18,405200.0
2013-11-29,8.4,8.42,8.36,8.39,115200.0
2013-11-27,8.36,8.39,8.3,8.39,214100.0
2013-11-26,8.4,8.43,8.32,8.32,320800.0
2013-11-25,8.3,8.4,8.3,8.37,222700.0
2013-11-22,8.37,8.39,8.29,8.32,195000.0
2013-11-21,8.32,8.3999,8.25,8.35,254700.0
2013-11-20,8.31,8.36,8.26,8.29,276100.0
2013-11-19,8.36,8.38,8.28,8.3,319900.0
2013-11-18,8.38,8.43,8.36,8.39,236200.0
2013-11-15,8.36,8.45,8.36,8.4,194700.0
2013-11-14,8.29,8.44,8.26,8.36,478200.0
2013-11-13,8.15,8.28,8.15,8.27,289800.0
2013-11-12,8.16,8.2,8.13,8.16,363900.0
2013-11-11,8.14,8.2,8.13,8.15,363900.0
2013-11-08,8.27,8.27,8.15,8.21,388700.0
2013-11-07,8.17,8.36,8.15,8.34,484700.0
2013-11-06,8.01,8.19,8.01,8.19,534700.0
2013-11-05,8.26,8.34,7.98,8.0,1054400.0
2013-11-04,8.59,8.615,8.44,8.49,602200.0
2013-11-01,8.62,8.69,8.56,8.6,357500.0
2013-10-31,8.75,8.79,8.63,8.64,285800.0
2013-10-30,8.75,8.81,8.7,8.7,213800.0
2013-10-29,8.85,8.8505,8.74,8.77,359500.0
2013-10-28,8.92,8.94,8.84,8.91,241900.0
2013-10-25,8.91,8.94,8.85,8.91,150500.0
2013-10-24,8.88,8.9,8.8116,8.88,161300.0
2013-10-23,8.77,8.9,8.77,8.87,269200.0
2013-10-22,8.72,8.85,8.7,8.81,290100.0
2013-10-21,8.76,8.78,8.7,8.72,183800.0
2013-10-18,8.69,8.76,8.6,8.75,396200.0
2013-10-17,8.41,8.61,8.41,8.61,280300.0
2013-10-16,8.26,8.42,8.23,8.41,332300.0
2013-10-15,8.39,8.39,8.21,8.25,291500.0
2013-10-14,8.38,8.4,8.31,8.39,278000.0
2013-10-11,8.3,8.39,8.29,8.39,209600.0
2013-10-10,8.31,8.34,8.26,8.3,269600.0
2013-10-09,8.26,8.35,8.25,8.26,264800.0
2013-10-08,8.36,8.38,8.27,8.27,386300.0
2013-10-07,8.33,8.43,8.3,8.37,383000.0
2013-10-04,8.5,8.5261,8.34,8.36,422500.0
2013-10-03,8.59,8.66,8.49,8.52,646200.0
2013-10-02,8.92,9.0,8.84,8.89,785200.0
2013-10-01,8.8,8.93,8.77,8.93,609800.0
2013-09-30,8.76,8.84,8.71,8.77,446100.0
2013-09-27,8.77,8.8699,8.75,8.79,297200.0
2013-09-26,8.78,8.84,8.69,8.78,359500.0
2013-09-25,8.73,8.83,8.72,8.78,293400.0
2013-09-24,8.85,8.87,8.75,8.75,443600.0
2013-09-23,8.72,8.89,8.7,8.84,285300.0
2013-09-20,8.86,8.88,8.72,8.72,533000.0
2013-09-19,8.96,8.99,8.77,8.83,335300.0
2013-09-18,8.7,8.91,8.53,8.9,707500.0
2013-09-17,8.51,8.69,8.51,8.68,454600.0
2013-09-16,8.55,8.6,8.47,8.49,436100.0
2013-09-13,8.39,8.49,8.33,8.43,341600.0
2013-09-12,8.26,8.43,8.2599,8.34,361100.0
2013-09-11,8.21,8.26,8.17,8.23,149800.0
2013-09-10,8.25,8.28,8.12,8.2,333500.0
2013-09-09,8.15,8.24,8.1422,8.22,251200.0
2013-09-06,8.15,8.2,8.06,8.16,266100.0
2013-09-05,8.01,8.15,7.95,8.06,346000.0
2013-09-04,7.99,8.12,7.99,8.02,205900.0
2013-09-03,8.06,8.139,7.83,7.97,357600.0
2013-08-30,7.99,8.2,7.99,8.03,458000.0
2013-08-29,7.93,8.0201,7.8816,7.97,596200.0
2013-08-28,8.04,8.04,7.81,7.93,550800.0
2013-08-27,8.0,8.05,7.98,8.02,333900.0
2013-08-26,8.05,8.1299,8.01,8.03,237500.0
2013-08-23,8.02,8.19,8.02,8.06,388000.0
2013-08-22,7.98,8.04,7.94,8.02,208400.0
2013-08-21,7.87,8.0,7.81,7.97,562800.0
2013-08-20,7.71,8.02,7.71,7.89,604600.0
2013-08-19,8.14,8.15,7.72,7.73,1184400.0
2013-08-16,8.3,8.3,8.15,8.17,323400.0
2013-08-15,8.4,8.41,8.32,8.32,274700.0
2013-08-14,8.43,8.48,8.38,8.44,233800.0
2013-08-13,8.5,8.5,8.37,8.4,387500.0
2013-08-12,8.42,8.55,8.4,8.51,287600.0
2013-08-09,8.44,8.45,8.36,8.45,257200.0
2013-08-08,8.36,8.46,8.35,8.44,283000.0
2013-08-07,8.36,8.47,8.3,8.36,559800.0
2013-08-06,8.5,8.57,8.37,8.45,720800.0
2013-08-05,8.75,8.77,8.51,8.53,942500.0
2013-08-02,8.77,8.81,8.65,8.78,771800.0
2013-08-01,8.64,8.86,8.48,8.76,2160500.0
2013-07-31,9.82,9.82,9.6,9.61,695100.0
2013-07-30,9.73,9.82,9.71,9.76,365700.0
2013-07-29,9.71,9.78,9.65,9.67,448300.0
2013-07-26,9.8,9.85,9.72,9.74,432900.0
2013-07-25,9.84,9.879,9.76,9.82,339400.0
2013-07-24,10.08,10.08,9.72,9.85,589200.0
2013-07-23,10.1,10.17,10.05,10.1,303000.0
2013-07-22,10.02,10.17,9.99,10.11,274700.0
2013-07-19,9.88,10.03,9.88,10.02,255100.0
2013-07-18,10.15,10.16,9.84,9.9,543100.0
2013-07-17,10.1,10.24,10.08,10.12,268700.0
2013-07-16,10.08,10.16,10.06,10.1,211900.0
2013-07-15,10.04,10.1599,10.0,10.11,443600.0
2013-07-12,10.18,10.18,10.02,10.04,265200.0
2013-07-11,9.89,10.18,9.87,10.17,477900.0
2013-07-10,9.88,9.9,9.81,9.82,382700.0
2013-07-09,9.76,9.88,9.71,9.87,418900.0
2013-07-08,9.7,9.89,9.64,9.75,561700.0
2013-07-05,10.0,10.04,9.5726,9.76,1046300.0
2013-07-03,10.08,10.11,9.94,9.99,400600.0
2013-07-02,10.2,10.24,10.08,10.12,423700.0
2013-07-01,10.25,10.25,10.16,10.2,249200.0
2013-06-28,10.18,10.23,10.1,10.19,399100.0
2013-06-27,10.08,10.2,10.05,10.2,267700.0
2013-06-26,9.99,10.1199,9.95,10.0,548300.0
2013-06-25,10.11,10.3,10.0801,10.19,789200.0
2013-06-24,10.16,10.24,9.9,10.11,883600.0
2013-06-21,10.07,10.22,10.01,10.21,789400.0
2013-06-20,10.12,10.19,9.98,10.06,756400.0
2013-06-19,10.52,10.55,10.25,10.28,373000.0
2013-06-18,10.46,10.54,10.32,10.5,447800.0
2013-06-17,10.55,10.64,10.4,10.46,294000.0
2013-06-14,10.53,10.75,10.48,10.52,491300.0
2013-06-13,10.02,10.52,10.0,10.48,452200.0
2013-06-12,10.33,10.36,10.02,10.05,516100.0
2013-06-11,10.32,10.39,10.252,10.32,399200.0
2013-06-10,10.47,10.47,10.34,10.38,301700.0
2013-06-07,10.44,10.47,10.3,10.42,442400.0
2013-06-06,10.3,10.47,10.3,10.45,325600.0
2013-06-05,10.22,10.39,10.21,10.34,504300.0
2013-06-04,10.09,10.27,10.05,10.22,424200.0
2013-06-03,10.16,10.24,10.0,10.07,737800.0
2013-05-31,10.3,10.37,10.17,10.17,808100.0
2013-05-30,10.23,10.38,10.23,10.34,462200.0
2013-05-29,10.1,10.28,9.79,10.21,1534000.0
2013-05-28,10.69,10.78,10.1,10.17,1145900.0
2013-05-24,10.55,10.65,10.51,10.63,233500.0
2013-05-23,10.48,10.65,10.3,10.62,474600.0
2013-05-22,10.71,10.91,10.5,10.53,494100.0
2013-05-21,10.9,10.91,10.72,10.73,288000.0
2013-05-20,10.99,11.0,10.84,10.91,271500.0
2013-05-17,10.98,11.0,10.9,10.99,280800.0
2013-05-16,10.87,10.99,10.82,10.95,272700.0
2013-05-15,10.93,10.95,10.771,10.86,509200.0
2013-05-14,10.77,10.99,10.71,10.99,817400.0
2013-05-13,10.83,10.88,10.57,10.71,466500.0
2013-05-10,10.91,10.96,10.82,10.85,410500.0
2013-05-09,10.99,10.99,10.87,10.92,270600.0
2013-05-08,10.98,11.0,10.91,10.97,558500.0
2013-05-07,10.84,10.97,10.78,10.97,605700.0
2013-05-06,10.69,10.81,10.69,10.8,294500.0
2013-05-03,10.78,10.8,10.56,10.66,711200.0
2013-05-02,10.74,10.7899,10.66,10.73,458400.0
2013-05-01,10.93,10.93,10.52,10.53,439000.0
2013-04-30,10.74,10.76,10.65,10.75,343200.0
2013-04-29,10.58,10.72,10.5,10.7,348900.0
2013-04-26,10.43,10.56,10.43,10.53,273600.0
2013-04-25,10.62,10.65,10.4,10.42,635700.0
2013-04-24,10.57,10.58,10.45,10.57,231500.0
2013-04-23,10.43,10.52,10.4,10.52,333900.0
2013-04-22,10.25,10.4,10.15,10.34,556300.0
2013-04-19,10.2,10.26,10.14,10.2,366200.0
2013-04-18,10.29,10.29,10.15,10.19,390400.0
2013-04-17,10.39,10.4,10.15,10.25,601000.0
2013-04-16,10.32,10.43,10.27,10.42,363900.0
2013-04-15,10.45,10.49,10.08,10.25,676000.0
2013-04-12,10.5,10.57,10.4,10.5,409800.0
2013-04-11,10.53,10.58,10.51,10.54,281400.0
2013-04-10,10.46,10.52,10.4301,10.51,374400.0
2013-04-09,10.65,10.65,10.46,10.46,283100.0
2013-04-08,10.56,10.62,10.43,10.61,373900.0
2013-04-05,10.39,10.53,10.33,10.52,329900.0
2013-04-04,10.4,10.45,10.32,10.44,358200.0
2013-04-03,10.6,10.6,10.34,10.37,598100.0
2013-04-02,10.71,10.72,10.55,10.55,493700.0
2013-04-01,10.73,10.81,10.62,10.7,433000.0
2013-03-28,10.69,10.74,10.65,10.68,456000.0
2013-03-27,10.65,10.71,10.58,10.67,665800.0
2013-03-26,10.92,11.03,10.92,10.94,786800.0
2013-03-25,11.0,11.04,10.91,10.91,1208100.0
2013-03-22,10.92,10.93,10.875,10.93,517400.0
2013-03-21,10.87,10.94,10.87,10.87,287500.0
2013-03-20,10.98,10.98,10.85,10.9,393200.0
2013-03-19,11.04,11.04,10.9,10.92,433300.0
2013-03-18,11.0,11.04,10.96,10.99,626300.0
2013-03-15,11.03,11.06,10.965,11.03,800600.0
2013-03-14,10.92,11.0,10.9,11.0,476200.0
2013-03-13,10.85,10.95,10.8,10.9,301600.0
2013-03-12,10.76,10.86,10.76,10.83,315900.0
2013-03-11,10.7,10.82,10.68,10.79,291200.0
2013-03-08,10.84,10.84,10.65,10.71,158928.0
2013-03-07,10.75,10.8,10.72,10.76,110216.0
2013-03-06,10.86,10.9,10.7,10.74,412500.0
2013-03-05,10.87,10.93,10.83,10.84,415200.0
2013-03-04,10.83,10.87,10.78,10.85,322600.0
2013-03-01,10.81,10.85,10.75,10.83,368900.0
2013-02-28,10.66,10.88,10.64,10.83,495700.0
2013-02-27,10.58,10.73,10.58,10.66,359400.0
2013-02-26,10.55,10.63,10.5,10.58,373000.0
2013-02-25,10.5,10.62,10.47,10.51,479800.0
2013-02-22,10.36,10.49,10.27,10.48,458900.0
2013-02-21,10.42,10.44,10.2641,10.29,504100.0
2013-02-20,10.45,10.49,10.35,10.4,760700.0
2013-02-19,10.29,10.38,10.28,10.37,625000.0
2013-02-15,10.26,10.27,10.21,10.26,228100.0
2013-02-14,10.29,10.29,10.16,10.23,215200.0
2013-02-13,10.17,10.3,10.15,10.3,242000.0
2013-02-12,10.14,10.19,10.07,10.19,197400.0
2013-02-11,9.96,10.15,9.96,10.15,301200.0
2013-02-08,10.03,10.03,9.9,9.91,237600.0
2013-02-07,10.05,10.09,9.94,9.98,316100.0
2013-02-06,10.05,10.07,10.0,10.06,175900.0
2013-02-05,10.05,10.12,10.01,10.07,216300.0
2013-02-04,10.18,10.18,10.01,10.05,277800.0
2013-02-01,10.14,10.38,10.08,10.17,328600.0
2013-01-31,10.01,10.14,9.95,10.11,447400.0
2013-01-30,9.97,9.98,9.895,9.97,416700.0
2013-01-29,9.89,9.96,9.85,9.96,304600.0
2013-01-28,9.85,9.895,9.81,9.89,390000.0
2013-01-25,9.82,9.85,9.74,9.81,480900.0
2013-01-24,9.91,9.93,9.82,9.82,378800.0
2013-01-23,9.93,9.95,9.87,9.93,371800.0
2013-01-22,9.93,9.94,9.815,9.9,686300.0
2013-01-18,9.85,9.88,9.81,9.88,287700.0
2013-01-17,9.85,9.88,9.8,9.85,334700.0
2013-01-16,9.8,9.87,9.8,9.8,249400.0
2013-01-15,9.82,9.86,9.8,9.81,252300.0
2013-01-14,9.91,9.93,9.82,9.87,233900.0
2013-01-11,9.89,9.92,9.81,9.9,233800.0
2013-01-10,9.86,9.91,9.8,9.86,259100.0
2013-01-09,9.79,9.87,9.78,9.84,456100.0
2013-01-08,9.79,9.85,9.77,9.78,214210.0
2013-01-07,9.83,9.83,9.78,9.79,65395.0
2013-01-04,9.86,9.88,9.7803,9.84,368300.0
2013-01-03,9.76,9.84,9.7229,9.79,245700.0
2013-01-02,9.55,9.78,9.5305,9.76,477300.0
2012-12-31,9.2,9.47,9.2,9.44,432300.0
2012-12-28,9.34,9.48,9.25,9.25,414300.0
2012-12-27,9.42,9.57,9.33,9.4,354400.0
2012-12-26,9.81,9.85,9.75,9.75,301200.0
2012-12-24,9.8,9.88,9.75,9.8,268800.0
2012-12-21,9.75,9.84,9.72,9.78,586500.0
2012-12-20,9.78,9.86,9.77,9.8,327900.0
2012-12-19,9.82,9.86,9.78,9.79,428000.0
2012-12-18,9.76,9.85,9.73,9.81,317400.0
2012-12-17,9.65,9.76,9.65,9.76,282300.0
2012-12-14,9.7,9.7198,9.6,9.64,275300.0
2012-12-13,9.8,9.8,9.67,9.69,366100.0
2012-12-12,9.88,9.89,9.79,9.8,231300.0
2012-12-11,9.9,9.95,9.77,9.88,566100.0
2012-12-10,9.85,9.87,9.81,9.84,552700.0
2012-12-07,9.83,9.85,9.78,9.85,386200.0
2012-12-06,9.78,9.82,9.74,9.82,317200.0
2012-12-05,9.77,9.79,9.68,9.75,363400.0
2012-12-04,9.76,9.8,9.68,9.75,184600.0
2012-12-03,9.8,9.81,9.75,9.77,189100.0
2012-11-30,9.81,9.81,9.72,9.8,363600.0
2012-11-29,9.79,9.81,9.72,9.8,216400.0
2012-11-28,9.72,9.79,9.64,9.76,246000.0
2012-11-27,9.75,9.82,9.67,9.72,291200.0
2012-11-26,9.62,9.75,9.56,9.75,335400.0
2012-11-23,9.56,9.65,9.53,9.65,168200.0
2012-11-21,9.53,9.57,9.445,9.55,277800.0
2012-11-20,9.61,9.61,9.45,9.54,284700.0
2012-11-19,9.55,9.64,9.47,9.59,449400.0
2012-11-16,9.11,9.46,9.07,9.46,616000.0
2012-11-15,8.74,9.195,8.66,9.08,693600.0
2012-11-14,9.11,9.17,8.7,8.91,1236600.0
2012-11-13,9.31,9.4,9.09,9.14,775900.0
2012-11-12,9.51,9.57,9.43,9.43,451900.0
2012-11-09,9.47,9.56,9.37,9.48,313800.0
2012-11-08,9.6,9.73,9.54,9.54,374000.0
2012-11-07,9.65,9.68,9.33,9.56,754500.0
2012-11-06,9.85,9.85,9.72,9.75,285900.0
2012-11-05,9.8,9.87,9.68,9.79,293800.0
2012-11-02,10.01,10.02,9.82,9.83,385300.0
2012-11-01,10.07,10.09,9.92,10.0,479400.0
2012-10-31,9.78,9.95,9.76,9.92,385700.0
2012-10-26,9.82,9.85,9.66,9.73,310400.0
2012-10-25,9.84,9.89,9.74,9.81,217000.0
2012-10-24,9.8,9.9,9.75,9.82,255100.0
2012-10-23,9.77,9.78,9.7,9.77,325700.0
2012-10-22,9.78,9.83,9.695,9.82,361300.0
2012-10-19,9.91,9.96,9.75,9.82,530200.0
2012-10-18,9.95,10.05,9.93,9.93,407400.0
2012-10-17,9.86,9.98,9.85,9.96,398000.0
2012-10-16,9.66,9.87,9.6,9.87,745200.0
2012-10-15,9.55,9.63,9.23,9.62,1571000.0
2012-10-12,9.86,9.87,9.561,9.6,1227500.0
2012-10-11,9.87,9.97,9.87,9.87,402600.0
2012-10-10,10.19,10.2,9.8,9.87,1573000.0
2012-10-09,10.3,10.35,10.2,10.2,455000.0
2012-10-08,10.3,10.31,10.24,10.31,459700.0
2012-10-05,10.39,10.45,10.29,10.33,502600.0
2012-10-04,10.48,10.48,10.23,10.35,891200.0
2012-10-03,10.53,10.57,10.41,10.42,1051400.0
2012-10-02,10.89,10.9,10.81,10.85,1058500.0
2012-10-01,10.78,10.9,10.75,10.82,790200.0
2012-09-28,10.73,10.84,10.65,10.75,642600.0
2012-09-27,10.8,10.84,10.63,10.73,660200.0
2012-09-26,10.89,10.98,10.79,10.8,454700.0
2012-09-25,10.94,10.98,10.86,10.87,510800.0
2012-09-24,10.85,10.95,10.83,10.89,479100.0
2012-09-21,10.96,10.97,10.85,10.85,719400.0
2012-09-20,10.84,10.94,10.8,10.93,435300.0
2012-09-19,10.73,10.85,10.71,10.8,331300.0
2012-09-18,10.82,10.82,10.69,10.74,270500.0
2012-09-17,10.8,10.87,10.75,10.79,307900.0
2012-09-14,10.76,10.84,10.76,10.8,397100.0
2012-09-13,10.84,10.9,10.76,10.76,529500.0
2012-09-12,10.89,10.9,10.81,10.84,268900.0
2012-09-11,10.8,10.87,10.77,10.85,424200.0
2012-09-10,10.66,10.76,10.6,10.71,401600.0
2012-09-07,10.57,10.75,10.55,10.7,300300.0
2012-09-06,10.57,10.62,10.51,10.56,305400.0
2012-09-05,10.69,10.7,10.57,10.57,400000.0
2012-09-04,10.45,10.68,10.43,10.66,711100.0
2012-08-31,10.43,10.46,10.37,10.45,227400.0
2012-08-30,10.46,10.46,10.38,10.41,144100.0
2012-08-29,10.43,10.46,10.4,10.46,270600.0
2012-08-28,10.4,10.44,10.35,10.4,225600.0
2012-08-27,10.4,10.44,10.31,10.41,241300.0
2012-08-24,10.23,10.38,10.23,10.37,272500.0
2012-08-23,10.31,10.315,10.22,10.24,191100.0
2012-08-22,10.38,10.388,10.27,10.3,189900.0
2012-08-21,10.42,10.45,10.35,10.36,301900.0
2012-08-20,10.38,10.42,10.31,10.42,192500.0
2012-08-17,10.3,10.39,10.28,10.38,275000.0
2012-08-16,10.34,10.34,10.27,10.32,230800.0
2012-08-15,10.25,10.31,10.21,10.31,238600.0
2012-08-14,10.32,10.37,10.28,10.29,295700.0
2012-08-13,10.2,10.35,10.2,10.3,315900.0
2012-08-10,10.23,10.24,10.15,10.22,144800.0
2012-08-09,10.07,10.25,10.03,10.24,286200.0
2012-08-08,10.02,10.07,10.0,10.06,270900.0
2012-08-07,10.22,10.22,10.0,10.06,523200.0
2012-08-06,10.33,10.35,10.17,10.19,391600.0
2012-08-03,10.3,10.37,10.25,10.29,345700.0
2012-08-02,10.25,10.28,10.1,10.27,596500.0
2012-08-01,10.39,10.39,10.39,10.39,332700.0
2012-07-31,10.3,10.44,10.29,10.39,565300.0
2012-07-30,10.3,10.34,10.26,10.28,376400.0
2012-07-27,10.19,10.3,10.15,10.23,376500.0
2012-07-26,10.33,10.34,10.06,10.19,361800.0
2012-07-25,10.12,10.2,10.06,10.18,293500.0
2012-07-24,10.09,10.13,10.02,10.07,308700.0
2012-07-23,10.06,10.13,10.01,10.07,353000.0
2012-07-20,10.1,10.18,10.1,10.14,217300.0
2012-07-19,10.15,10.165,10.03,10.13,378600.0
2012-07-18,10.14,10.17,10.08,10.1,344900.0
2012-07-17,10.21,10.24,10.12,10.14,481300.0
2012-07-16,10.1,10.17,10.04,10.15,406000.0
2012-07-13,10.03,10.11,9.98,10.07,480600.0
2012-07-12,10.09,10.12,9.92,10.0,617200.0
2012-07-11,10.2,10.25,10.0,10.11,709900.0
2012-07-10,10.3,10.3,10.2,10.21,510800.0
2012-07-09,10.34,10.34,10.23,10.3,463000.0
2012-07-06,10.26,10.35,10.23,10.31,469700.0
2012-07-05,10.27,10.32,10.2,10.3,637600.0
2012-07-03,10.25,10.29,10.24,10.27,406200.0
2012-07-02,10.41,10.54,10.38,10.53,1325000.0
2012-06-29,10.44,10.49,10.29,10.38,923700.0
2012-06-28,10.15,10.3,10.1,10.3,566500.0
2012-06-27,10.06,10.2,10.06,10.18,434200.0
2012-06-26,10.07,10.1,10.0,10.04,344900.0
2012-06-25,10.0,10.14,10.0,10.07,513300.0
2012-06-22,9.93,10.05,9.93,10.04,548400.0
2012-06-21,9.96,9.97,9.87,9.92,573300.0
2012-06-20,9.92,9.94,9.88,9.93,369600.0
2012-06-19,9.85,9.91,9.82,9.88,379100.0
2012-06-18,9.81,9.86,9.78,9.82,404000.0
2012-06-15,9.84,9.84,9.78,9.79,443100.0
2012-06-14,9.75,9.81,9.74,9.81,348600.0
2012-06-13,9.75,9.81,9.67,9.75,393300.0
2012-06-12,9.69,9.75,9.63,9.72,373700.0
2012-06-11,9.78,9.81,9.68,9.69,686600.0
2012-06-08,9.56,9.75,9.5299,9.73,635800.0
2012-06-07,9.65,9.66,9.53,9.57,415700.0
2012-06-06,9.46,9.62,9.46,9.62,572300.0
2012-06-05,9.19,9.43,9.16,9.42,548000.0
2012-06-04,9.21,9.265,9.15,9.16,326200.0
2012-06-01,9.26,9.27,9.2,9.2,508400.0
2012-05-31,9.28,9.34,9.25,9.29,516200.0
2012-05-30,9.32,9.34,9.23,9.27,328200.0
2012-05-29,9.39,9.4,9.33,9.37,266500.0
2012-05-25,9.33,9.38,9.31,9.35,273600.0
2012-05-24,9.3,9.37,9.24,9.32,316000.0
2012-05-23,9.24,9.31,9.17,9.28,271000.0
2012-05-22,9.3,9.4,9.22,9.25,299000.0
2012-05-21,9.15,9.35,9.08,9.31,363300.0
2012-05-18,9.2,9.25,9.09,9.09,566900.0
2012-05-17,9.46,9.47,9.21,9.21,756400.0
2012-05-16,9.44,9.5,9.44,9.46,231000.0
2012-05-15,9.52,9.55,9.41,9.42,346200.0
2012-05-14,9.54,9.59,9.5,9.52,310300.0
2012-05-11,9.49,9.59,9.48,9.59,362000.0
2012-05-10,9.5,9.54,9.47,9.51,347500.0
2012-05-09,9.45,9.52,9.44,9.45,135443.0
2012-05-08,9.45,9.5,9.45,9.45,111356.0
2012-05-07,9.44,9.52,9.4,9.47,422400.0
2012-05-04,9.46,9.5,9.44,9.44,420100.0
2012-05-03,9.43,9.54,9.43,9.47,648700.0
2012-05-02,9.39,9.39,9.3,9.34,504100.0
2012-05-01,9.4,9.47,9.35,9.4,845500.0
2012-04-30,9.43,9.49,9.401,9.43,424600.0
2012-04-27,9.49,9.49,9.34,9.42,296400.0
2012-04-26,9.38,9.48,9.34,9.47,245100.0
2012-04-25,9.34,9.38,9.27,9.37,293300.0
2012-04-24,9.22,9.35,9.22,9.32,279100.0
2012-04-23,9.16,9.24,9.13,9.23,337400.0
2012-04-20,9.25,9.27,9.19,9.22,221700.0
2012-04-19,9.2,9.23,9.16,9.19,221200.0
2012-04-18,9.25,9.27,9.15,9.2,380200.0
2012-04-17,9.27,9.29,9.245,9.26,302400.0
2012-04-16,9.24,9.3,9.22,9.25,321900.0
2012-04-13,9.2,9.3,9.18,9.23,327300.0
2012-04-12,9.09,9.3,9.08,9.26,420600.0
2012-04-11,9.02,9.1,8.94,9.09,496400.0
2012-04-10,9.11,9.14,8.99,8.99,571700.0
2012-04-09,9.08,9.18,9.05,9.09,514700.0
2012-04-05,9.2,9.22,9.13,9.14,341300.0
2012-04-04,9.27,9.29,9.2,9.22,375200.0
2012-04-03,9.34,9.37,9.29,9.3,650900.0
2012-04-02,9.55,9.63,9.53,9.62,928100.0
2012-03-30,9.55,9.57,9.52,9.55,561800.0
2012-03-29,9.43,9.54,9.4,9.52,282700.0
2012-03-28,9.44,9.46,9.4,9.44,350900.0
2012-03-27,9.57,9.6,9.44,9.44,450600.0
2012-03-26,9.57,9.63,9.53,9.58,494100.0
2012-03-23,9.48,9.52,9.45,9.52,311000.0
2012-03-22,9.46,9.5,9.43,9.45,266600.0
2012-03-21,9.58,9.58,9.47,9.51,326200.0
2012-03-20,9.44,9.59,9.41,9.54,535900.0
2012-03-19,9.3,9.5,9.29,9.46,711700.0
2012-03-16,9.3,9.33,9.24,9.25,624500.0
2012-03-15,9.23,9.29,9.2,9.28,343900.0
2012-03-14,9.37,9.37,9.2,9.2,542100.0
2012-03-13,9.33,9.37,9.32,9.37,407300.0
2012-03-12,9.33,9.35,9.29,9.31,440500.0
2012-03-09,9.33,9.35,9.27,9.33,355000.0
2012-03-08,9.41,9.42,9.27,9.32,460800.0
2012-03-07,9.33,9.4,9.3,9.4,463700.0
2012-03-06,9.42,9.44,9.27,9.29,508700.0
2012-03-05,9.34,9.48,9.33,9.45,396600.0
2012-03-02,9.47,9.5,9.32,9.34,582300.0
2012-03-01,9.53,9.565,9.43,9.47,425200.0
2012-02-29,9.6,9.64,9.49,9.51,1651300.0
2012-02-28,9.55,9.64,9.48,9.61,839700.0
2012-02-27,9.42,9.58,9.4,9.54,687500.0
2012-02-24,9.35,9.44,9.32,9.42,480500.0
2012-02-23,9.24,9.35,9.2,9.35,516000.0
2012-02-22,9.26,9.26,9.16,9.23,945300.0
2012-02-21,9.17,9.2,9.15,9.16,721300.0
2012-02-17,9.15,9.17,9.14,9.15,501800.0
2012-02-16,9.15,9.16,9.12,9.15,544500.0
2012-02-15,9.16,9.2,9.12,9.15,465200.0
2012-02-14,9.16,9.17,9.12,9.14,407300.0
2012-02-13,9.15,9.2,9.12,9.15,709200.0
2012-02-10,9.06,9.11,9.04,9.1,379900.0
2012-02-09,9.15,9.17,9.09,9.09,354300.0
2012-02-08,9.15,9.18,9.1,9.11,409800.0
2012-02-07,9.17,9.18,9.13,9.14,659600.0
2012-02-06,9.2,9.22,9.15,9.16,349000.0
2012-02-03,9.31,9.32,9.18,9.19,499300.0
2012-02-02,9.3,9.32,9.22,9.28,599400.0
2012-02-01,9.3,9.33,9.25,9.29,785700.0
2012-01-31,9.2,9.29,9.15,9.26,766200.0
2012-01-30,9.1,9.19,9.1,9.17,1724800.0
2012-01-27,9.09,9.16,9.07,9.13,5231200.0
2012-01-26,9.46,9.6,9.45,9.49,273200.0
2012-01-25,9.41,9.44,9.37,9.42,186400.0
2012-01-24,9.36,9.4204,9.35,9.4,226400.0
2012-01-23,9.39,9.46,9.39,9.4,148100.0
2012-01-20,9.38,9.4,9.35,9.4,211100.0
2012-01-19,9.37,9.42,9.28,9.37,236000.0
2012-01-18,9.28,9.34,9.25,9.34,143900.0
2012-01-17,9.23,9.3,9.22,9.25,167100.0
2012-01-13,9.19,9.23,9.1495,9.19,132200.0
2012-01-12,9.23,9.25,9.19,9.19,138500.0
2012-01-11,9.26,9.27,9.19,9.22,192000.0
2012-01-10,9.29,9.32,9.23,9.27,152100.0
2012-01-09,9.28,9.32,9.23,9.23,246200.0
2012-01-06,9.11,9.28,9.09,9.24,175300.0
2012-01-05,9.1,9.17,9.05,9.1,152800.0
2012-01-04,9.14,9.19,9.11,9.12,132800.0
2012-01-03,9.25,9.3,9.15,9.18,189300.0
2011-12-30,9.19,9.28,9.13,9.13,156800.0
2011-12-29,9.22,9.25,9.15,9.19,137900.0
2011-12-28,9.43,9.43,9.19,9.21,171600.0
2011-12-27,9.62,9.65,9.6,9.6,313300.0
2011-12-23,9.59,9.62,9.56,9.61,176400.0
2011-12-22,9.53,9.6,9.52,9.54,168700.0
2011-12-21,9.45,9.52,9.43,9.49,190400.0
2011-12-20,9.43,9.47,9.4,9.44,253300.0
2011-12-19,9.51,9.57,9.32,9.34,296900.0
2011-12-16,9.36,9.52,9.33,9.5,534800.0
2011-12-15,9.38,9.39,9.26,9.34,196800.0
2011-12-14,9.26,9.32,9.21,9.32,274000.0
2011-12-13,9.34,9.38,9.25,9.26,202300.0
2011-12-12,9.27,9.365,9.251,9.34,214400.0
2011-12-09,9.18,9.33,9.17,9.3,248400.0
2011-12-08,9.27,9.27,9.1,9.12,186600.0
2011-12-07,9.25,9.33,9.19,9.3,251400.0
2011-12-06,9.18,9.32,9.1,9.29,255300.0
2011-12-05,9.02,9.21,9.01,9.16,255700.0
2011-12-02,8.97,9.04,8.92,8.97,139400.0
2011-12-01,8.87,8.96,8.8,8.92,267400.0
2011-11-30,8.75,8.9,8.64,8.9,1193100.0
2011-11-29,8.66,8.665,8.58,8.6,273500.0
2011-11-28,8.57,8.66,8.5,8.66,238100.0
2011-11-25,8.42,8.59,8.35,8.37,116400.0
2011-11-23,8.62,8.65,8.41,8.41,239100.0
2011-11-22,8.76,8.9,8.63,8.65,244200.0
2011-11-21,8.81,8.82,8.7,8.79,222500.0
2011-11-18,8.75,8.9,8.71,8.89,239900.0
2011-11-17,8.74,8.835,8.665,8.75,183800.0
2011-11-16,8.85,8.9,8.71,8.72,198800.0
2011-11-15,8.71,8.86,8.63,8.85,200000.0
2011-11-14,8.77,8.84,8.65,8.74,218900.0
2011-11-11,8.73,8.85,8.72,8.85,231300.0
2011-11-10,8.76,8.76,8.6,8.69,183200.0
2011-11-09,8.65,8.78,8.58,8.58,225200.0
2011-11-08,8.74,8.79,8.6,8.74,232800.0
2011-11-07,8.6,8.7082,8.5,8.62,191200.0
2011-11-04,8.6,8.66,8.5,8.53,136800.0
2011-11-03,8.52,8.69,8.47,8.64,187900.0
2011-11-02,8.55,8.57,8.45,8.5,213400.0
2011-11-01,8.5,8.79,8.5,8.57,214100.0
2011-10-31,8.8,8.95,8.76,8.76,264300.0
2011-10-28,8.93,8.98,8.8,8.96,183000.0
2011-10-27,8.93,8.98,8.73,8.84,363000.0
2011-10-26,8.66,8.91,8.61,8.84,415300.0
2011-10-25,8.56,8.58,8.43,8.51,180300.0
2011-10-24,8.19,8.57,8.18,8.56,297000.0
2011-10-21,8.14,8.2,8.11,8.18,221700.0
2011-10-20,7.96,8.08,7.9099,8.08,140700.0
2011-10-19,8.05,8.08,7.9,7.91,175800.0
2011-10-18,7.99,8.08,7.95,8.03,229600.0
2011-10-17,7.96,8.14,7.95,7.97,141300.0
2011-10-14,8.05,8.08,7.93,8.02,188200.0
2011-10-13,8.12,8.15,7.95,8.0,212200.0
2011-10-12,8.2,8.2,8.11,8.18,185700.0
2011-10-11,8.11,8.22,8.04,8.18,163100.0
2011-10-10,8.1,8.21,8.03,8.15,190300.0
2011-10-07,8.15,8.22,8.0,8.01,228900.0
2011-10-06,7.88,8.17,7.88,8.15,314300.0
2011-10-05,7.92,7.99,7.75,7.89,231400.0
2011-10-04,7.45,7.99,7.25,7.92,714300.0
2011-10-03,8.03,8.11,7.43,7.51,763800.0
2011-09-30,8.18,8.285,8.06,8.06,223600.0
2011-09-29,8.22,8.3,8.11,8.25,162500.0
2011-09-28,8.33,8.36,8.1,8.11,289800.0
2011-09-27,8.6,8.62,8.45,8.52,458100.0
2011-09-26,8.52,8.55,8.38,8.49,246000.0
2011-09-23,8.44,8.57,8.38,8.44,247600.0
2011-09-22,8.36,8.7,8.36,8.44,328000.0
2011-09-21,8.8,8.8717,8.58,8.59,189700.0
2011-09-20,9.04,9.04,8.8,8.81,128400.0
2011-09-19,8.85,9.04,8.85,8.94,207900.0
2011-09-16,8.88,9.0,8.83,8.91,246000.0
2011-09-15,8.69,8.91,8.67,8.83,466000.0
2011-09-14,8.61,8.71,8.55,8.64,199200.0
2011-09-13,8.59,8.62,8.45,8.57,324700.0
2011-09-12,8.45,8.62,8.39,8.59,272500.0
2011-09-09,8.36,8.48,8.324,8.44,240300.0
2011-09-08,8.53,8.599,8.4,8.4,228600.0
2011-09-07,8.5,8.73,8.4,8.57,506200.0
2011-09-06,8.24,8.45,8.22,8.43,384800.0
2011-09-02,8.54,8.68,8.35,8.39,790500.0
2011-09-01,9.15,9.15,8.71,8.75,424000.0
2011-08-31,9.18,9.23,9.08,9.18,196600.0
2011-08-30,9.15,9.33,9.02,9.18,255900.0
2011-08-29,8.97,9.15,8.97,9.15,193300.0
2011-08-26,8.78,8.94,8.73,8.9,211100.0
2011-08-25,9.08,9.11,8.77,8.79,402800.0
2011-08-24,9.02,9.13,8.9,9.03,322800.0
2011-08-23,8.78,9.05,8.75,9.0,637000.0
2011-08-22,8.79,9.07,8.73,8.79,379900.0
2011-08-19,8.88,9.01,8.86,8.89,312100.0
2011-08-18,9.2,9.2,8.91,8.93,508600.0
2011-08-17,9.18,9.34,9.16,9.33,159800.0
2011-08-16,9.31,9.31,9.15,9.18,227100.0
2011-08-15,9.23,9.34,9.21,9.34,310800.0
2011-08-12,9.05,9.18,9.0,9.14,228100.0
2011-08-11,8.96,9.2,8.92,9.03,513000.0
2011-08-10,9.23,9.38,8.95,8.98,507500.0
2011-08-09,8.45,9.48,8.3,9.38,740000.0
2011-08-08,8.74,8.82,8.31,8.31,884200.0
2011-08-05,8.84,9.0,8.7,8.9,547900.0
2011-08-04,9.0,9.11,8.82,8.82,487300.0
2011-08-03,9.0,9.07,8.81,9.04,382300.0
2011-08-02,9.27,9.36,8.97,8.97,646200.0
2011-08-01,9.22,9.37,9.2,9.25,325100.0
2011-07-29,9.23,9.27,9.01,9.1,396700.0
2011-07-28,9.3,9.4,9.26,9.29,777500.0
2011-07-27,9.53,9.59,9.39,9.39,535900.0
2011-07-26,9.67,9.74,9.55,9.57,167700.0
2011-07-25,9.68,9.75,9.61,9.65,277000.0
2011-07-22,9.75,9.77,9.7,9.75,214000.0
2011-07-21,9.76,9.8,9.73,9.75,286900.0
2011-07-20,9.75,9.78,9.72,9.77,169500.0
2011-07-19,9.77,9.79,9.7259,9.75,192700.0
2011-07-18,9.73,9.79,9.65,9.75,302300.0
2011-07-15,9.72,9.78,9.72,9.78,176100.0
2011-07-14,9.83,9.84,9.69,9.72,194300.0
2011-07-13,9.8,9.86,9.78,9.82,150700.0
2011-07-12,9.81,9.87,9.75,9.8,209200.0
2011-07-11,9.79,9.83,9.75,9.81,61745.0
2011-07-08,9.77,9.83,9.77,9.83,55127.0
2011-07-07,9.84,9.84,9.79,9.83,185600.0
2011-07-06,9.8,9.83,9.7524,9.83,154800.0
2011-07-05,9.77,9.82,9.7,9.81,231400.0
2011-07-01,9.71,9.8,9.65,9.78,265900.0
2011-06-30,9.61,9.745,9.61,9.68,337200.0
2011-06-29,9.78,9.8,9.62,9.62,487700.0
2011-06-28,9.75,9.83,9.68,9.8,644600.0
2011-06-27,9.97,9.98,9.82,9.98,583000.0
2011-06-24,9.86,9.95,9.8,9.94,627100.0
2011-06-23,9.83,9.9,9.75,9.83,180200.0
2011-06-22,9.83,9.91,9.81,9.89,253000.0
2011-06-21,9.72,9.83,9.65,9.83,257500.0
2011-06-20,9.65,9.72,9.63,9.71,254100.0
2011-06-17,9.67,9.73,9.62,9.65,461000.0
2011-06-16,9.7,9.71,9.5,9.62,384100.0
2011-06-15,9.74,9.81,9.65,9.71,233900.0
2011-06-14,9.63,9.75,9.63,9.75,285200.0
2011-06-13,9.72,9.75,9.53,9.57,608600.0
2011-06-10,9.74,9.74,9.61,9.71,361600.0
2011-06-09,9.77,9.77,9.69,9.72,247100.0
2011-06-08,9.65,9.77,9.63,9.7,308300.0
2011-06-07,9.72,9.94,9.64,9.67,309000.0
2011-06-06,9.75,9.7599,9.64,9.7,331500.0
2011-06-03,9.76,9.82,9.75,9.76,201600.0
2011-06-02,9.8,9.83,9.78,9.79,169600.0
2011-06-01,9.87,9.91,9.79,9.83,280400.0
2011-05-31,9.89,9.96,9.86,9.92,294400.0
2011-05-27,9.93,9.94,9.8,9.86,407900.0
2011-05-26,9.8,9.89,9.77,9.89,185700.0
2011-05-25,9.75,9.93,9.67,9.79,332400.0
2011-05-24,9.79,9.84,9.73,9.73,185100.0
2011-05-23,9.81,9.86,9.79,9.79,258200.0
2011-05-20,9.82,9.9,9.8,9.82,319500.0
2011-05-19,9.77,9.83,9.74,9.79,282100.0
2011-05-18,9.73,9.76,9.67,9.73,236500.0
2011-05-17,9.59,9.72,9.59,9.69,310800.0
2011-05-16,9.63,9.64,9.52,9.6,414000.0
2011-05-13,9.74,9.81,9.62,9.64,194400.0
2011-05-12,9.75,9.81,9.7,9.73,303000.0
2011-05-11,9.84,9.84,9.69,9.71,200700.0
2011-05-10,9.82,9.83,9.8,9.82,235600.0
2011-05-09,9.66,9.82,9.64,9.77,443400.0
2011-05-06,9.74,9.78,9.59,9.6,339200.0
2011-05-05,9.76,9.87,9.67,9.74,217700.0
2011-05-04,9.84,9.85,9.76,9.78,184000.0
2011-05-03,9.92,9.92,9.8,9.85,298000.0
2011-05-02,9.95,9.96,9.87,9.92,580400.0
2011-04-29,9.75,9.89,9.71,9.88,414000.0
2011-04-28,9.78,9.78,9.65,9.71,333400.0
2011-04-27,9.69,9.78,9.64,9.77,440800.0
2011-04-26,9.5,9.67,9.49,9.66,321900.0
2011-04-25,9.5,9.6,9.4,9.49,342100.0
2011-04-21,9.59,9.63,9.31,9.5,801600.0
2011-04-20,9.63,9.69,9.5,9.56,447000.0
2011-04-19,9.61,9.65,9.55,9.63,242500.0
2011-04-18,9.58,9.63,9.55,9.61,367600.0
2011-04-15,9.75,9.75,9.56,9.58,841200.0
2011-04-14,9.7,9.81,9.65,9.78,377500.0
2011-04-13,9.72,9.77,9.62,9.69,450800.0
2011-04-12,9.95,9.99,9.72,9.72,492100.0
2011-04-11,10.06,10.14,9.91,9.98,763200.0
2011-04-08,10.06,10.08,9.91,10.03,790000.0
2011-04-07,10.03,10.05,9.91,9.99,472600.0
2011-04-06,9.92,10.0,9.9,10.0,380200.0
2011-04-05,9.82,9.98,9.8,9.92,661400.0
2011-04-04,10.0,10.0,9.8,9.82,963000.0
2011-04-01,10.06,10.1,9.94,9.96,461300.0
2011-03-31,10.06,10.09,9.95,10.06,1059900.0
2011-03-30,9.98,10.14,9.98,10.09,396100.0
2011-03-29,9.99,10.01,9.93,9.97,489800.0
2011-03-28,10.4,10.4,10.24,10.24,705800.0
2011-03-25,10.39,10.4,10.38,10.4,309600.0
2011-03-24,10.37,10.42,10.37,10.38,313400.0
2011-03-23,10.37,10.4,10.35,10.37,286000.0
2011-03-22,10.45,10.45,10.36,10.37,296800.0
2011-03-21,10.43,10.5,10.4202,10.45,469300.0
2011-03-18,10.41,10.46,10.32,10.39,277900.0
2011-03-17,10.49,10.49,10.38,10.41,367300.0
2011-03-16,10.3,10.49,10.3,10.41,719100.0
2011-03-15,10.22,10.36,9.96,10.34,643600.0
2011-03-14,10.31,10.41,10.25,10.34,375400.0
2011-03-11,10.36,10.39,10.31,10.32,488300.0
2011-03-10,10.48,10.48,10.35,10.35,610500.0
2011-03-09,10.5,10.51,10.45,10.46,668000.0
2011-03-08,10.58,10.58,10.45,10.48,511300.0
2011-03-07,10.48,10.54,10.43,10.53,1123900.0
2011-03-04,10.39,10.46,10.35,10.43,6744200.0
2011-03-03,10.72,10.805,10.69,10.72,179800.0
2011-03-02,10.67,10.73,10.61,10.69,197500.0
2011-03-01,10.59,10.68,10.57,10.65,203800.0
2011-02-28,10.6,10.68,10.5,10.57,183900.0
2011-02-25,10.55,10.62,10.55,10.6,140100.0
2011-02-24,10.5,10.6,10.5,10.55,135100.0
2011-02-23,10.53,10.55,10.39,10.5,212400.0
2011-02-22,10.5,10.57,10.48,10.49,276300.0
2011-02-18,10.61,10.67,10.56,10.57,188000.0
2011-02-17,10.64,10.6699,10.6,10.6,159000.0
2011-02-16,10.7,10.7282,10.62,10.63,219800.0
2011-02-15,10.71,10.71,10.65,10.67,112700.0
2011-02-14,10.69,10.75,10.65,10.71,180300.0
2011-02-11,10.7,10.72,10.61,10.68,166500.0
2011-02-10,10.63,10.7,10.61,10.68,141200.0
2011-02-09,10.65,10.7,10.61,10.62,163000.0
2011-02-08,10.58,10.71,10.56,10.67,175700.0
2011-02-07,10.61,10.65,10.56,10.6,123900.0
2011-02-04,10.64,10.65,10.55,10.58,110200.0
2011-02-03,10.69,10.7,10.58,10.64,81600.0
2011-02-02,10.71,10.71,10.62,10.7,129400.0
2011-02-01,10.7,10.72,10.62,10.69,173700.0
2011-01-31,10.73,10.75,10.65,10.68,413700.0
2011-01-28,10.83,10.85,10.66,10.67,224400.0
2011-01-27,10.81,10.81,10.75,10.79,150900.0
2011-01-26,10.79,10.81,10.68,10.8,313600.0
2011-01-25,10.7,10.74,10.68,10.74,140200.0
2011-01-24,10.57,10.72,10.57,10.71,120400.0
2011-01-21,10.55,10.66,10.54,10.57,126400.0
2011-01-20,10.6,10.61,10.55,10.55,135100.0
2011-01-19,10.75,10.77,10.6,10.62,227100.0
2011-01-18,10.81,10.82,10.73,10.78,158500.0
2011-01-14,10.8,10.82,10.75,10.79,147500.0
2011-01-13,10.85,10.86,10.77,10.8,178200.0
2011-01-12,10.82,10.85,10.79,10.83,117500.0
2011-01-11,10.83,10.83,10.75,10.81,131800.0
2011-01-10,10.81,10.84,10.72,10.83,149500.0
2011-01-07,10.79,10.79,10.71,10.78,165600.0
2011-01-06,10.76,10.765,10.7,10.75,99900.0
2011-01-05,10.75,10.76,10.69,10.76,168200.0
2011-01-04,10.93,10.93,10.68,10.76,187700.0
2011-01-03,10.98,10.98,10.84,10.86,291900.0
2010-12-31,10.95,10.99,10.88,10.92,186300.0
2010-12-30,10.9,10.95,10.82,10.91,222100.0
2010-12-29,10.71,10.91,10.69,10.89,308700.0
2010-12-28,11.0,11.0,10.83,10.93,354900.0
2010-12-27,10.91,10.99,10.88,10.99,340000.0
2010-12-23,10.79,10.91,10.77,10.91,225500.0
2010-12-22,10.7,10.79,10.67,10.79,296200.0
2010-12-21,10.68,10.71,10.63,10.67,188100.0
2010-12-20,10.68,10.68,10.59,10.63,235600.0
2010-12-17,10.67,10.67,10.49,10.64,297700.0
2010-12-16,10.48,10.64,10.45,10.63,180100.0
2010-12-15,10.5,10.52,10.44,10.45,358600.0
2010-12-14,10.49,10.67,10.42,10.5,2432000.0
2010-12-13,10.71,10.81,10.71,10.76,371700.0
2010-12-10,10.62,10.7,10.54,10.7,134000.0
2010-12-09,10.61,10.63,10.59,10.61,132200.0
2010-12-08,10.66,10.66,10.59,10.62,172100.0
2010-12-07,10.61,10.61,10.57,10.6,114600.0
2010-12-06,10.6,10.6,10.54,10.59,98700.0
2010-12-03,10.5,10.6,10.5,10.6,80400.0
2010-12-02,10.54,10.59,10.51,10.53,111300.0
2010-12-01,10.6,10.6,10.53,10.58,104300.0
2010-11-30,10.49,10.59,10.49,10.5,139000.0
2010-11-29,10.52,10.56,10.5,10.52,88600.0
2010-11-26,10.59,10.6,10.55,10.55,40700.0
2010-11-24,10.56,10.63,10.49,10.62,274500.0
2010-11-23,10.68,10.71,10.5,10.52,201500.0
2010-11-22,10.69,10.75,10.68,10.71,100000.0
2010-11-19,10.64,10.7,10.57,10.69,68300.0
2010-11-18,10.7,10.7,10.61,10.63,87800.0
2010-11-17,10.62,10.73,10.58,10.67,90600.0
2010-11-16,10.69,10.69,10.54,10.58,122000.0
2010-11-15,10.6,10.75,10.58,10.68,97500.0
2010-11-12,10.77,10.78,10.51,10.57,154500.0
2010-11-11,10.76,10.82,10.71,10.81,76400.0
2010-11-10,10.67,10.81,10.64,10.8,69300.0
2010-11-09,10.72,10.81,10.62,10.65,148100.0
2010-11-08,10.74,10.78,10.65,10.69,121200.0
2010-11-05,10.79,10.82,10.68,10.79,225200.0
2010-11-04,10.7,10.82,10.65,10.8,174700.0
2010-11-03,10.64,10.705,10.6,10.64,121900.0
2010-11-02,10.65,10.73,10.64,10.7,123200.0
2010-11-01,10.67,10.69,10.6,10.64,121100.0
2010-10-29,10.69,10.69,10.6,10.6,372400.0
2010-10-28,10.66,10.74,10.61,10.68,225800.0
2010-10-27,10.71,10.72,10.63,10.65,72700.0
2010-10-26,10.7,10.76,10.68,10.71,109800.0
2010-10-25,10.68,10.7,10.63,10.7,117300.0
2010-10-22,10.67,10.69,10.58,10.63,108700.0
2010-10-21,10.7,10.7,10.64,10.66,221400.0
2010-10-20,10.62,10.75,10.57,10.68,204700.0
2010-10-19,10.59,10.64,10.48,10.51,100300.0
2010-10-18,10.54,10.65,10.5,10.65,129900.0
2010-10-15,10.68,10.68,10.54,10.55,173500.0
2010-10-14,10.66,10.68,10.63,10.67,114200.0
2010-10-13,10.65,10.66,10.63,10.65,171900.0
2010-10-12,10.68,10.68,10.62,10.64,84500.0
2010-10-11,10.7,10.7,10.65,10.68,124300.0
2010-10-08,10.66,10.7,10.63,10.69,134800.0
2010-10-07,10.69,10.71,10.63,10.66,129300.0
2010-10-06,10.68,10.73,10.65,10.69,174200.0
2010-10-05,10.72,10.73,10.6101,10.73,203600.0
2010-10-04,10.64,10.72,10.63,10.71,98600.0
2010-10-01,10.75,10.75,10.58,10.61,133400.0
2010-09-30,10.74,10.81,10.67,10.78,205600.0
2010-09-29,10.8,10.8,10.61,10.68,179100.0
2010-09-28,10.74,10.78,10.56,10.77,191700.0
2010-09-27,10.9,10.92,10.81,10.89,236800.0
2010-09-24,10.77,10.88,10.69,10.88,234600.0
2010-09-23,10.73,10.77,10.65,10.65,144000.0
2010-09-22,10.75,10.8,10.72,10.74,183000.0
2010-09-21,10.82,10.82,10.7,10.72,183600.0
2010-09-20,10.64,10.81,10.61,10.8,246400.0
2010-09-17,10.65,10.65,10.51,10.6,159200.0
2010-09-16,10.61,10.64,10.57,10.61,95400.0
2010-09-15,10.65,10.655,10.56,10.61,129000.0
2010-09-14,10.71,10.73,10.61,10.63,245700.0
2010-09-13,10.6,10.67,10.5878,10.64,160000.0
2010-09-10,10.49,10.57,10.43,10.55,267700.0
2010-09-09,10.38,10.44,10.29,10.42,161900.0
2010-09-08,10.28,10.3,10.26,10.29,105100.0
2010-09-07,10.44,10.44,10.24,10.26,104700.0
2010-09-03,10.34,10.35,10.22,10.3,94400.0
2010-09-02,10.15,10.29,10.1,10.28,245600.0
2010-09-01,10.22,10.25,10.09,10.19,258000.0
2010-08-31,10.16,10.21,10.05,10.05,257300.0
2010-08-30,10.15,10.19,10.12,10.16,109400.0
2010-08-27,10.03,10.15,9.95,10.15,121900.0
2010-08-26,10.13,10.13,9.95,9.98,115500.0
2010-08-25,9.95,10.09,9.93,10.05,154600.0
2010-08-24,10.0,10.039,9.92,9.96,99400.0
2010-08-23,10.11,10.11,10.0,10.0,75300.0
2010-08-20,9.92,10.14,9.92,10.08,96700.0
2010-08-19,10.0,10.01,9.9,9.93,79200.0
2010-08-18,9.96,10.04,9.94,9.98,61800.0
2010-08-17,10.05,10.1,9.96,10.01,122300.0
2010-08-16,10.04,10.05,9.94,10.01,56600.0
2010-08-13,9.88,10.04,9.85,10.02,86600.0
2010-08-12,9.86,10.019,9.81,9.86,160500.0
2010-08-11,10.05,10.08,9.9,9.96,136600.0
2010-08-10,10.12,10.15,10.0299,10.11,103400.0
2010-08-09,10.03,10.15,10.02,10.13,252300.0
2010-08-06,9.94,10.0,9.85,9.98,103400.0
2010-08-05,10.05,10.05,9.95,9.95,96800.0
2010-08-04,9.92,10.062,9.85,10.05,457600.0
2010-08-03,9.78,9.9,9.75,9.87,232600.0
2010-08-02,9.81,9.81,9.64,9.78,186400.0
2010-07-30,9.5,9.71,9.45,9.7,664100.0
2010-07-29,9.57,9.61,9.36,9.43,3208100.0
2010-07-28,9.64,9.71,9.47,9.55,132900.0
2010-07-27,9.73,9.77,9.53,9.72,110400.0
2010-07-26,9.66,9.74,9.59,9.74,88300.0
2010-07-23,9.46,9.64,9.41,9.62,72600.0
2010-07-22,9.22,9.54,9.2,9.52,126500.0
2010-07-21,9.29,9.29,9.12,9.15,31400.0
2010-07-20,9.08,9.29,9.07,9.27,48400.0
2010-07-19,9.13,9.16,9.06,9.14,59500.0
2010-07-16,9.22,9.22,9.11,9.11,47700.0
2010-07-15,9.23,9.24,9.11,9.22,30000.0
2010-07-14,9.24,9.34,9.19,9.22,42200.0
2010-07-13,9.2,9.3199,9.14,9.22,52900.0
2010-07-12,9.2,9.26,9.15,9.15,30300.0
2010-07-09,9.41,9.41,9.15,9.2,64000.0
2010-07-08,9.27,9.37,9.27,9.32,86600.0
2010-07-07,9.07,9.22,9.06,9.22,42000.0
2010-07-06,9.39,9.39,9.04,9.06,61400.0
2010-07-02,9.3,9.32,9.11,9.11,23300.0
2010-07-01,9.21,9.234,9.06,9.2,70400.0
2010-06-30,9.23,9.32,9.23,9.23,91300.0
2010-06-29,9.34,9.36,9.2,9.2,96100.0
2010-06-28,9.41,9.42,9.353,9.4,51800.0
2010-06-25,9.46,9.71,9.42,9.65,192300.0
2010-06-24,9.56,9.57,9.39,9.41,60700.0
2010-06-23,9.35,9.64,9.34,9.57,36800.0
2010-06-22,9.75,9.85,9.64,9.65,92600.0
2010-06-21,9.6,9.67,9.51,9.66,94500.0
2010-06-18,9.4,9.64,9.35,9.59,151800.0
2010-06-17,9.45,9.45,9.29,9.39,69000.0
2010-06-16,9.38,9.43,9.29,9.4,97900.0
2010-06-15,9.33,9.43,9.27,9.43,82300.0
2010-06-14,9.3,9.35,9.22,9.34,88800.0
2010-06-11,9.2,9.28,9.16,9.28,33300.0
2010-06-10,9.17,9.24,9.11,9.2,41000.0
2010-06-09,9.12,9.18,9.0401,9.1,62500.0
2010-06-08,9.05,9.08,8.96,9.04,45700.0
2010-06-07,9.05,9.21,9.03,9.05,56000.0
2010-06-04,9.08,9.16,9.04,9.04,52800.0
2010-06-03,9.31,9.34,9.19,9.19,79800.0
2010-06-02,9.01,9.36,9.01,9.32,53700.0
2010-06-01,9.43,9.43,9.26,9.27,43600.0
2010-05-28,9.16,9.42,9.16,9.42,135900.0
2010-05-27,9.13,9.25,8.96,9.24,51200.0
2010-05-26,9.19,9.19,9.0,9.06,43000.0
2010-05-25,8.82,9.0599,8.82,9.04,84900.0
2010-05-24,9.1,9.14,8.94,8.94,62100.0
2010-05-21,8.86,9.12,8.82,9.05,81000.0
2010-05-20,9.16,9.19,8.95,8.95,125400.0
2010-05-19,9.09,9.32,9.09,9.24,87300.0
2010-05-18,9.32,9.4,9.12,9.14,91100.0
2010-05-17,9.24,9.34,9.12,9.24,59700.0
2010-05-14,9.23,9.23,9.05,9.23,53300.0
2010-05-13,9.26,9.3,9.17,9.25,70400.0
2010-05-12,9.05,9.37,9.05,9.29,65900.0
2010-05-11,9.12,9.2,8.95,9.05,62100.0
2010-05-10,9.35,9.35,8.9,9.11,90300.0
2010-05-07,8.74,8.84,8.7,8.76,127700.0
2010-05-06,9.12,9.13,8.75,8.79,165600.0
2010-05-05,9.1301,9.275,9.07,9.1,58600.0
2010-05-04,9.31,9.38,9.1,9.18,126700.0
2010-05-03,9.31,9.4,9.27,9.4,55000.0
2010-04-30,9.43,9.49,9.27,9.27,154100.0
2010-04-29,9.25,9.4,9.25,9.4,69300.0
2010-04-28,9.23,9.24,9.0926,9.19,55800.0
2010-04-27,9.27,9.27,9.01,9.07,98600.0
2010-04-26,9.14,9.27,9.14,9.25,84400.0
2010-04-23,9.1,9.15,9.08,9.14,34500.0
2010-04-22,9.0,9.15,8.98,9.09,56400.0
2010-04-21,9.05,9.05,8.99,9.0,6000.0
2010-04-20,8.99,9.05,8.99,9.05,16100.0
2010-04-19,9.07,9.09,8.97,9.0,40600.0
2010-04-16,9.14,9.14,8.95,9.07,116700.0
2010-04-15,9.11,9.15,9.09,9.12,51500.0
2010-04-14,9.1,9.14,9.08,9.14,85900.0
2010-04-13,9.11,9.11,9.09,9.09,90900.0
2010-04-12,9.1,9.1,9.04,9.09,69300.0
2010-04-09,9.09,9.1,9.07,9.08,46000.0
2010-04-08,9.08,9.1,9.059,9.08,37500.0
2010-04-07,9.1,9.13,9.07,9.1,90100.0
2010-04-06,9.12,9.12,9.08,9.1,136800.0
2010-04-05,8.99,9.1,8.99,9.1,92200.0
2010-04-01,9.02,9.1,9.0,9.02,76000.0
2010-03-31,9.03,9.1,9.0,9.0,97600.0
2010-03-30,9.04,9.13,9.0,9.02,52900.0
2010-03-29,9.05,9.05,8.95,8.98,101300.0
2010-03-26,9.22,9.28,9.18,9.2,70700.0
2010-03-25,9.31,9.33,9.25,9.26,80700.0
2010-03-24,9.3,9.33,9.26,9.3,91700.0
2010-03-23,9.36,9.36,9.24,9.32,97300.0
2010-03-22,9.05,9.35,9.05,9.31,306300.0
2010-03-19,9.11,9.11,9.02,9.06,168100.0
2010-03-18,9.02,9.14,9.0,9.11,819400.0
2010-03-17,9.0,9.04,8.99,9.03,77500.0
2010-03-16,9.0,9.0,8.965,9.0,28300.0
2010-03-15,8.96,9.0,8.95,8.99,35900.0
2010-03-12,8.99,9.0,8.98,9.0,30000.0
2010-03-11,8.99,9.0,8.98,9.0,105500.0
2010-03-10,9.0,9.0,8.98,9.0,67100.0
2010-03-09,9.0,9.02,8.97,9.0,34200.0
2010-03-08,9.0,9.0,8.93,8.99,70000.0
2010-03-05,9.0,9.01,8.98,9.01,49900.0
2010-03-04,8.99,9.01,8.98,9.0,48500.0
2010-03-03,9.0,9.0,8.95,8.98,78800.0
2010-03-02,9.0,9.0,8.93,9.0,40000.0
2010-03-01,8.9,8.99,8.8,8.96,41700.0
2010-02-26,9.05,9.05,8.82,8.82,245900.0
2010-02-25,8.86,9.08,8.86,9.05,123600.0
2010-02-24,8.87,8.95,8.862,8.92,27300.0
2010-02-23,8.85,8.89,8.8,8.82,34500.0
2010-02-22,8.94,8.96,8.83,8.87,21300.0
2010-02-19,8.99,8.99,8.89,8.91,48200.0
2010-02-18,8.93,9.05,8.92,8.97,41200.0
2010-02-17,8.95,9.0,8.88,8.95,30900.0
2010-02-16,8.84,8.94,8.57,8.94,181600.0
2010-02-12,8.8,8.88,8.76,8.86,27900.0
2010-02-11,8.92,8.95,8.79,8.84,78100.0
2010-02-10,8.88,8.93,8.8,8.91,42200.0
2010-02-09,9.05,9.13,8.879,8.91,53000.0
2010-02-08,8.98,9.0,8.92,8.99,71000.0
2010-02-05,8.85,8.94,8.85,8.93,48700.0
2010-02-04,8.98,8.99,8.88,8.88,68000.0
2010-02-03,9.02,9.05,8.965,8.98,54400.0
2010-02-02,9.06,9.06,8.99,8.99,51900.0
2010-02-01,9.07,9.07,8.99,9.03,23200.0
2010-01-29,9.03,9.06,9.01,9.05,22100.0
2010-01-28,9.15,9.15,9.0,9.0,38900.0
2010-01-27,9.02,9.09,9.01,9.03,45400.0
2010-01-26,9.06,9.07,9.01,9.02,40900.0
2010-01-25,9.06,9.07,9.01,9.04,49600.0
2010-01-22,9.05,9.0799,8.99,9.0,54400.0
2010-01-21,9.06,9.07,9.01,9.01,53400.0
2010-01-20,9.1,9.1,9.03,9.05,35700.0
2010-01-19,9.1,9.1,9.05,9.09,71000.0
2010-01-15,9.09,9.09,9.06,9.08,87400.0
2010-01-14,9.09,9.09,9.038,9.09,81100.0
2010-01-13,9.06,9.09,9.03,9.06,76600.0
2010-01-12,9.14,9.14,9.05,9.06,49900.0
2010-01-11,9.16,9.16,9.04,9.09,95500.0
2010-01-08,8.96,9.05,8.96,9.01,107800.0
2010-01-07,9.0,9.04,8.9,8.96,63700.0
2010-01-06,8.96,9.0,8.88,8.96,74100.0
2010-01-05,8.83,8.97,8.81,8.9,135400.0
2010-01-04,8.78,8.82,8.74,8.81,61600.0
2009-12-31,8.79,8.84,8.73,8.73,93600.0
2009-12-30,8.8,8.82,8.73,8.79,46900.0
2009-12-29,8.79,8.83,8.68,8.78,110700.0
2009-12-28,8.87,8.91,8.85,8.87,160500.0
2009-12-24,8.88,8.9,8.84,8.84,43200.0
2009-12-23,8.9,8.92,8.81,8.84,127300.0
2009-12-22,8.9,8.9,8.83,8.86,112400.0
2009-12-21,9.33,9.33,8.81,8.87,132400.0
2009-12-18,8.81,8.9,8.75,8.85,189700.0
2009-12-17,8.82,8.89,8.7,8.76,110500.0
2009-12-16,8.84,8.84,8.77,8.8,132400.0
2009-12-15,8.85,8.88,8.75,8.75,144500.0
2009-12-14,8.87,8.87,8.75,8.82,145300.0
2009-12-11,8.79,8.79,8.7,8.73,93400.0
2009-12-10,8.86,8.9,8.66,8.72,133100.0
2009-12-09,8.55,8.89,8.46,8.72,139700.0
2009-12-08,8.53,8.55,8.45,8.51,126600.0
2009-12-07,8.49,8.69,8.3,8.56,166700.0
2009-12-04,8.23,8.29,8.19,8.27,65800.0
2009-12-03,8.17,8.28,8.17,8.2,42300.0
2009-12-02,8.03,8.19,8.03,8.12,25000.0
2009-12-01,8.14,8.14,8.0,8.0,23100.0
2009-11-30,8.06,8.07,8.0,8.07,22700.0
2009-11-27,8.11,8.1899,8.04,8.05,30200.0
2009-11-25,8.2,8.3,8.2,8.24,56000.0
2009-11-24,7.99,8.24,7.98,8.23,102800.0
2009-11-23,8.04,8.1,7.96,7.99,47500.0
2009-11-20,7.94,8.0,7.92,7.97,48900.0
2009-11-19,8.01,8.01,7.91,7.94,41000.0
2009-11-18,7.98,7.99,7.91,7.99,41500.0
2009-11-17,7.99,7.99,7.87,7.98,82300.0
2009-11-16,8.0,8.03,7.95,7.99,58100.0
2009-11-13,7.95,8.0,7.949,8.0,41700.0
2009-11-12,8.06,8.09,7.94,7.95,61600.0
2009-11-11,8.03,8.06,7.97,8.05,25900.0
2009-11-10,8.05,8.12,7.95,7.98,45800.0
2009-11-09,8.25,8.25,8.1194,8.13,157200.0
2009-11-06,8.0,8.0,7.899,7.92,37100.0
2009-11-05,7.85,8.05,7.85,8.02,44400.0
2009-11-04,8.03,8.09,7.8,7.8,59800.0
2009-11-03,8.03,8.09,7.98,8.05,42300.0
2009-11-02,8.17,8.17,8.05,8.09,32200.0
2009-10-30,8.2,8.21,8.07,8.11,50600.0
2009-10-29,8.07,8.19,8.07,8.16,33200.0
2009-10-28,8.22,8.29,8.08,8.08,64600.0
2009-10-27,8.23,8.29,8.2,8.2,29300.0
2009-10-26,8.26,8.31,8.2,8.2,25200.0
2009-10-23,8.24,8.3,8.21,8.22,20700.0
2009-10-22,8.2,8.3,8.2,8.28,16200.0
2009-10-21,8.23,8.3,8.18,8.21,38100.0
2009-10-20,8.25,8.3,8.2,8.23,23900.0
2009-10-19,8.31,8.33,8.2,8.26,53600.0
2009-10-16,8.17,8.3,8.17,8.22,17100.0
2009-10-15,8.25,8.25,8.2,8.25,24500.0
2009-10-14,8.4,8.4,8.18,8.31,47400.0
2009-10-13,8.28,8.31,8.21,8.23,32400.0
2009-10-12,8.33,8.39,8.28,8.31,19500.0
2009-10-09,8.36,8.4,8.25,8.38,19000.0
2009-10-08,8.37,8.43,8.29,8.37,21800.0
2009-10-07,8.3,8.34,8.22,8.32,24200.0
2009-10-06,8.71,8.71,8.26,8.3,47700.0
2009-10-05,8.45,8.46,8.32,8.38,39000.0
2009-10-02,8.25,8.5,8.17,8.47,58700.0
2009-10-01,8.39,8.45,8.28,8.3,38900.0
2009-09-30,8.4,8.49,8.35,8.43,47800.0
2009-09-29,8.5,8.55,8.35,8.4,52000.0
2009-09-28,8.62,8.62,8.399,8.52,53700.0
2009-09-25,8.6,8.73,8.6,8.72,58400.0
2009-09-24,8.67,8.68,8.52,8.67,43500.0
2009-09-23,8.66,8.72,8.625,8.67,92800.0
2009-09-22,8.48,8.65,8.43,8.62,112300.0
2009-09-21,8.44,8.56,8.4,8.49,15800.0
2009-09-18,8.49,8.5,8.41,8.44,75300.0
2009-09-17,8.48,8.53,8.41,8.5,43300.0
2009-09-16,8.39,8.48,8.32,8.48,62500.0
2009-09-15,8.34,8.5,8.3,8.4,32500.0
2009-09-14,8.25,8.45,8.24,8.39,34000.0
2009-09-11,8.26,8.4,8.2,8.21,22300.0
2009-09-10,8.25,8.299,8.2,8.29,11900.0
2009-09-09,8.27,8.38,8.25,8.27,28100.0
2009-09-08,8.35,8.37,8.26,8.29,17300.0
2009-09-04,8.24,8.42,8.24,8.33,22300.0
2009-09-03,8.28,8.3,8.2001,8.27,21600.0
2009-09-02,8.38,8.4,8.23,8.25,20600.0
2009-09-01,8.29,8.5,8.2,8.28,40600.0
2009-08-31,8.34,8.35,8.26,8.28,38600.0
2009-08-28,8.43,8.54,8.3101,8.36,29700.0
2009-08-27,8.42,8.53,8.35,8.5,18600.0
2009-08-26,8.49,8.52,8.4,8.49,25400.0
2009-08-25,8.49,8.54,8.44,8.49,28500.0
2009-08-24,8.54,8.54,8.41,8.49,57800.0
2009-08-21,8.55,8.55,8.48,8.54,41500.0
2009-08-20,8.41,8.52,8.38,8.5,12700.0
2009-08-19,8.31,8.42,8.24,8.41,15400.0
2009-08-18,8.33,8.38,8.22,8.33,19300.0
2009-08-17,8.37,8.4,8.22,8.28,32600.0
2009-08-14,8.53,8.55,8.26,8.36,25500.0
2009-08-13,8.44,8.65,8.4276,8.53,15600.0
2009-08-12,8.32,8.49,8.32,8.44,30000.0
2009-08-11,8.29,8.39,8.2,8.3,22500.0
2009-08-10,8.32,8.35,8.22,8.3,77000.0
2009-08-07,8.76,8.8,8.3,8.35,72900.0
2009-08-06,8.87,8.92,8.61,8.64,60600.0
2009-08-05,8.85,8.92,8.8,8.86,38500.0
2009-08-04,8.67,8.84,8.66,8.82,62100.0
2009-08-03,8.55,8.69,8.47,8.67,50700.0
2009-07-31,8.59,8.59,8.39,8.46,35900.0
2009-07-30,8.44,8.51,8.35,8.51,28200.0
2009-07-29,8.42,8.42,8.3,8.38,13100.0
2009-07-28,8.37,8.42,8.32,8.41,29400.0
2009-07-27,8.23,8.37,8.14,8.37,36600.0
2009-07-24,8.28,8.28,8.09,8.26,9200.0
2009-07-23,8.23,8.34,8.23,8.28,63200.0
2009-07-22,8.17,8.28,8.15,8.27,20600.0
2009-07-21,8.29,8.31,8.118,8.17,17600.0
2009-07-20,8.26,8.26,8.17,8.26,80700.0
2009-07-17,8.26,8.29,8.15,8.22,21800.0
2009-07-16,8.21,8.23,7.9712,8.23,35400.0
2009-07-15,8.16,8.22,8.11,8.21,80800.0
2009-07-14,8.05,8.07,7.95,8.07,11700.0
2009-07-13,8.05,8.08,7.85,8.08,33400.0
2009-07-10,7.85,8.01,7.82,8.01,22400.0
2009-07-09,7.89,7.96,7.85,7.85,17800.0
2009-07-08,7.96,8.11,7.82,7.85,57700.0
2009-07-07,8.0,8.08,7.9,7.92,37000.0
2009-07-06,7.84,8.19,7.84,7.94,45300.0
2009-07-02,8.18,8.44,8.02,8.04,44000.0
2009-07-01,8.27,8.35,8.1,8.22,35900.0
2009-06-30,8.11,8.25,8.1,8.2,28800.0
2009-06-29,8.25,8.25,8.01,8.15,59800.0
2009-06-26,8.7,8.7,8.08,8.25,1184400.0
2009-06-25,8.25,8.45,8.17,8.45,268000.0
2009-06-24,8.06,8.25,8.0,8.25,103100.0
2009-06-23,7.98,8.14,7.98,8.08,24500.0
2009-06-22,7.97,8.21,7.93,8.01,40200.0
2009-06-19,7.9,8.25,7.9,7.94,21700.0
2009-06-18,8.05,8.25,8.0,8.25,38000.0
2009-06-17,7.92,8.12,7.92,8.12,26200.0
2009-06-16,7.94,7.94,7.92,7.92,35600.0
2009-06-15,7.98,7.98,7.92,7.93,22400.0
2009-06-12,8.03,8.07,7.95,7.99,36700.0
2009-06-11,7.9601,8.05,7.96,8.0,19100.0
2009-06-10,8.09,8.09,7.95,8.01,36400.0
2009-06-09,8.12,8.15,8.0,8.04,28300.0
2009-06-08,8.1,8.19,8.05,8.07,21500.0
2009-06-05,8.24,8.24,8.09,8.09,28200.0
2009-06-04,8.14,8.26,8.06,8.26,29700.0
2009-06-03,8.05,8.14,8.01,8.14,29700.0
2009-06-02,8.0906,8.11,8.02,8.1,38200.0
2009-06-01,8.2,8.2,8.04,8.14,29500.0
2009-05-29,7.93,8.16,7.93,8.16,49100.0
2009-05-28,8.04,8.05,7.81,7.97,62100.0
2009-05-27,8.1,8.11,7.96,8.05,88000.0
2009-05-26,7.8,8.17,7.5,8.08,277300.0
2009-05-22,7.78,7.86,7.71,7.8,41100.0
2009-05-21,7.67,7.76,7.62,7.71,13000.0
2009-05-20,7.46,7.8,7.46,7.73,120600.0
2009-05-19,7.44,7.5,7.4,7.5,51800.0
2009-05-18,7.47,7.5,7.41,7.44,6700.0
2009-05-15,7.41,7.48,7.38,7.47,23700.0
2009-05-14,7.25,7.42,7.18,7.38,117900.0
2009-05-13,7.22,7.31,7.09,7.25,12700.0
2009-05-12,7.3,7.35,7.23,7.24,16400.0
2009-05-11,7.24,7.39,7.12,7.31,42000.0
2009-05-08,7.11,7.45,7.1,7.28,38600.0
2009-05-07,7.54,7.54,7.11,7.12,16900.0
2009-05-06,7.07,7.1499,7.04,7.13,13100.0
2009-05-05,7.06,7.13,7.02,7.1,74700.0
2009-05-04,7.11,7.11,6.9801,7.06,16600.0
2009-05-01,7.09,7.15,7.06,7.15,30800.0
2009-04-30,7.09,7.15,7.05,7.05,36400.0
2009-04-29,7.09,7.11,7.02,7.07,15900.0
2009-04-28,7.05,7.12,7.03,7.1,19900.0
2009-04-27,7.02,7.02,6.94,7.01,4800.0
2009-04-24,7.02,7.05,6.94,6.94,18100.0
2009-04-23,7.05,7.05,6.97,7.03,23500.0
2009-04-22,7.11,7.15,6.98,7.05,15300.0
2009-04-21,7.04,7.11,7.0,7.11,6500.0
2009-04-20,7.04,7.06,7.01,7.06,3300.0
2009-04-17,7.07,7.07,7.0,7.06,5300.0
2009-04-16,7.19,7.19,7.05,7.13,7600.0
2009-04-15,6.94,7.24,6.94,7.24,22100.0
2009-04-14,7.0132,7.04,6.96,7.04,12900.0
2009-04-13,7.05,7.08,7.0,7.07,8200.0
2009-04-09,7.1,7.19,6.98,7.05,54600.0
2009-04-08,7.06,7.0999,7.01,7.06,10600.0
2009-04-07,7.07,7.2299,7.03,7.11,20200.0
2009-04-06,7.085,7.17,6.75,7.08,899700.0
2009-04-03,6.97,7.2,6.97,7.11,5700.0
2009-04-02,7.05,7.05,6.96,6.97,14500.0
2009-04-01,6.78,6.97,6.77,6.97,5900.0
2009-03-31,6.99,7.21,6.99,7.02,15500.0
2009-03-30,7.14,7.29,7.07,7.16,14100.0
2009-03-27,7.24,7.47,7.16,7.3,96900.0
2009-03-26,7.29,7.35,7.26,7.34,93700.0
2009-03-25,7.2,7.26,7.2,7.26,49900.0
2009-03-24,7.2,7.25,7.11,7.2,14400.0
2009-03-23,7.04,7.23,7.02,7.1,32400.0
2009-03-20,7.1,7.1,7.0,7.03,5800.0
2009-03-19,7.08,7.09,7.0,7.0,12700.0
2009-03-18,7.001,7.1,6.96,7.08,5100.0
2009-03-17,6.98,7.04,6.94,7.04,7300.0
2009-03-16,6.97,7.16,6.97,7.08,29700.0
2009-03-13,7.06,7.09,7.0,7.01,8200.0
2009-03-12,6.81,7.03,6.78,7.02,65600.0
2009-03-11,6.88,6.88,6.75,6.77,12100.0
2009-03-10,6.9,6.9,6.7601,6.87,28200.0
2009-03-09,6.86,6.95,6.68,6.8,26400.0
2009-03-06,6.81,7.17,6.81,6.9,21800.0
2009-03-05,6.82,7.1,6.76,6.76,25100.0
2009-03-04,6.97,7.06,6.8,6.88,18400.0
2009-03-03,6.81,7.2,6.78,6.99,20600.0
2009-03-02,6.74,6.84,6.3,6.84,37200.0
2009-02-27,7.01,7.07,6.3,6.3,254000.0
2009-02-26,7.19,7.19,6.95,7.0,63600.0
2009-02-25,7.15,7.21,7.1,7.19,4400.0
2009-02-24,7.0,7.16,6.94,7.15,13200.0
2009-02-23,7.03,7.06,6.97,6.99,1700.0
2009-02-20,7.05,7.09,6.95,7.074,18900.0
2009-02-19,7.011,7.08,7.0,7.08,13100.0
2009-02-18,7.13,7.19,7.03,7.08,4400.0
2009-02-17,7.01,7.08,6.97,7.07,5000.0
2009-02-13,7.02,7.04,7.0,7.02,6900.0
2009-02-12,7.05,7.08,7.0,7.03,2400.0
2009-02-11,7.01,7.02,7.0,7.0,4600.0
2009-02-10,7.02,7.07,7.014,7.03,4500.0
2009-02-09,7.0,7.01,7.0,7.01,5500.0
2009-02-06,7.0,7.02,6.99,7.0,8900.0
2009-02-05,7.0,7.03,7.0,7.001,5400.0
2009-02-04,7.14,7.1699,6.99,7.03,3600.0
2009-02-03,7.05,7.17,7.0301,7.16,4700.0
2009-02-02,7.15,7.15,7.0,7.02,14700.0
2009-01-30,7.1,7.25,7.07,7.07,7100.0
2009-01-29,7.0,7.06,6.95,6.95,37200.0
2009-01-28,7.03,7.05,6.99,6.99,4500.0
2009-01-27,7.1,7.14,6.98,7.02,23300.0
2009-01-26,7.0001,7.06,6.91,7.01,2900.0
2009-01-23,6.82,7.14,6.82,7.02,15900.0
2009-01-22,7.01,7.02,6.98,7.02,24200.0
2009-01-21,7.04,7.078,7.02,7.02,2500.0
2009-01-20,7.0399,7.11,6.95,7.0,49600.0
2009-01-16,7.02,7.05,6.98,7.02,6600.0
2009-01-15,7.2,7.2,6.96,7.05,15300.0
2009-01-14,7.0001,7.16,6.94,7.05,26800.0
2009-01-13,6.9,7.28,6.85,7.17,57000.0
2009-01-12,7.0,7.0,6.84,6.87,43700.0
2009-01-09,7.15,7.15,6.72,6.84,83600.0
2009-01-08,7.06,7.1,6.95,6.99,5600.0
2009-01-07,7.1,7.1,6.87,7.1,7700.0
2009-01-06,7.1,7.16,7.03,7.096,54000.0
2009-01-05,7.05,7.09,6.95,7.0,8400.0
2009-01-02,7.06,7.15,6.63,7.15,20600.0
2008-12-31,6.6,6.6,6.53,6.54,75900.0
2008-12-30,6.74,6.84,6.63,6.63,60200.0
2008-12-29,6.76,6.76,6.62,6.75,45800.0
2008-12-26,6.93,6.93,6.6,6.7,41900.0
2008-12-24,6.61,6.92,6.61,6.92,18500.0
2008-12-23,6.86,6.91,6.6,6.6,37600.0
2008-12-22,7.0,7.0,6.79,6.84,30800.0
2008-12-19,7.03,7.25,6.8,6.8,26400.0
2008-12-18,6.85,7.0,6.82,6.82,28000.0
2008-12-17,7.0,7.1,6.86,6.9899,18700.0
2008-12-16,6.6,7.53,6.57,7.01,40600.0
2008-12-15,6.62,6.75,6.53,6.57,18400.0
2008-12-12,6.58,6.7,6.51,6.7,6500.0
2008-12-11,6.6,6.65,6.53,6.57,24100.0
2008-12-10,6.4,6.66,6.34,6.6,64300.0
2008-12-09,6.42,6.43,6.27,6.33,49500.0
2008-12-08,6.53,6.53,6.42,6.43,52100.0
2008-12-05,6.1,6.45,6.1,6.43,52500.0
2008-12-04,6.12,6.31,6.05,6.19,20400.0
2008-12-03,6.1,6.17,6.07,6.13,5100.0
2008-12-02,6.05,6.21,6.03,6.1,19100.0
2008-12-01,6.49,6.49,6.14,6.14,9200.0
2008-11-28,6.48,6.57,6.48,6.51,22100.0
2008-11-26,6.29,6.55,6.29,6.47,20800.0
2008-11-25,6.23,6.44,6.23,6.31,11500.0
2008-11-24,5.81,6.1399,5.79,6.1399,16700.0
2008-11-21,5.79,5.93,5.79,5.84,22400.0
2008-11-20,5.98,5.98,5.8,5.85,14800.0
2008-11-19,6.12,6.12,5.88,6.03,19800.0
2008-11-18,6.12,6.2,6.0,6.14,18300.0
2008-11-17,6.24,6.24,6.05,6.13,14900.0
2008-11-14,6.65,6.65,6.25,6.25,11300.0
2008-11-13,6.62,6.73,6.5,6.6,13900.0
2008-11-12,6.72,6.74,6.65,6.68,3900.0
2008-11-11,6.78,6.98,6.57,6.74,23200.0
2008-11-10,6.83,6.83,6.62,6.8,20900.0
2008-11-07,6.87,6.87,6.8,6.81,4800.0
2008-11-06,6.95,7.01,6.81,6.81,26700.0
2008-11-05,6.93,6.97,6.88,6.95,2900.0
2008-11-04,6.84,7.0,6.84,6.96,10800.0
2008-11-03,6.92,6.94,6.79,6.8,9900.0
2008-10-31,6.5,6.95,6.49,6.95,32400.0
2008-10-30,6.13,6.5,6.01,6.49,20500.0
2008-10-29,6.0507,6.28,6.0507,6.1,33500.0
2008-10-28,6.18,6.25,6.02,6.09,30700.0
2008-10-27,6.21,6.22,6.14,6.14,6300.0
2008-10-24,6.25,6.2773,6.19,6.19,20400.0
2008-10-23,6.45,6.465,6.25,6.28,14800.0
2008-10-22,6.46,6.47,6.38,6.38,2300.0
2008-10-21,6.54,6.6,6.37,6.5,38700.0
2008-10-20,6.51,6.555,6.25,6.51,8900.0
2008-10-17,6.4,6.565,6.4,6.54,13000.0
2008-10-16,6.67,6.7,6.41,6.5,24400.0
2008-10-15,6.9,6.9,6.67,6.67,6600.0
2008-10-14,7.36,7.36,6.5,6.9,41700.0
2008-10-13,6.8,7.14,6.8,6.9993,147000.0
2008-10-10,6.65,6.85,6.52,6.7,35400.0
2008-10-09,7.07,7.07,6.8,6.8,24800.0
2008-10-08,7.4,7.4,7.05,7.11,20200.0
2008-10-07,7.3,7.5,6.63,7.29,15400.0
2008-10-06,7.76,7.76,7.04,7.28,35200.0
2008-10-03,7.71,7.83,7.6,7.79,40400.0
2008-10-02,7.8,7.85,7.76,7.76,12800.0
2008-10-01,7.89,8.0,7.8,7.8,19000.0
2008-09-30,7.95,7.95,7.63,7.85,45400.0
2008-09-29,7.9,7.9,7.8,7.83,5500.0
2008-09-26,8.06,8.06,7.85,7.89,99700.0
2008-09-25,8.25,8.27,8.0,8.1,16800.0
2008-09-24,8.23,8.37,8.1,8.15,6200.0
2008-09-23,8.16,8.28,8.16,8.19,7200.0
2008-09-22,8.49,8.49,8.11,8.11,28600.0
2008-09-19,8.3,8.5,8.09,8.5,14600.0
2008-09-18,7.965,8.09,7.91,8.09,7600.0
2008-09-17,8.06,8.0999,7.99,8.0,5500.0
2008-09-16,8.12,8.14,8.01,8.13,5000.0
2008-09-15,8.12,8.43,8.1,8.1,2700.0
2008-09-12,8.13,8.17,8.08,8.08,4300.0
2008-09-11,8.07,8.18,7.96,8.11,18400.0
2008-09-10,8.09,8.15,8.06,8.11,5200.0
2008-09-09,8.17,8.2,8.06,8.06,15400.0
2008-09-08,8.2,8.66,8.09,8.15,43400.0
2008-09-05,7.9,8.0,7.9,7.99,15500.0
2008-09-04,7.96,7.98,7.89,7.92,11400.0
2008-09-03,7.95,7.99,7.95,7.98,4900.0
2008-09-02,7.92,8.02,7.91,7.91,57300.0
2008-08-29,7.95,7.99,7.94,7.94,7100.0
2008-08-28,7.98,8.03,7.95,7.98,36700.0
2008-08-27,8.01,8.15,7.89,7.95,70700.0
2008-08-26,8.22,8.22,8.09,8.17,29000.0
2008-08-25,8.2,8.23,8.11,8.1801,54000.0
2008-08-22,8.15,8.23,8.12,8.2,77400.0
2008-08-21,8.09,8.23,8.0,8.09,92600.0
2008-08-20,8.15,8.18,8.02,8.09,177700.0
2008-08-19,8.14,8.28,8.12,8.1499,39200.0
2008-08-18,7.99,8.15,7.95,8.11,8400.0
2008-08-15,8.15,8.23,7.99,8.02,12400.0
2008-08-14,8.06,8.16,7.98,8.15,17400.0
2008-08-13,8.12,8.17,8.09,8.15,18300.0
2008-08-12,8.15,8.16,8.11,8.12,16500.0
2008-08-11,8.24,8.24,8.01,8.12,12700.0
2008-08-08,8.13,8.37,8.11,8.28,30600.0
2008-08-07,8.11,8.19,7.85,8.1,27900.0
2008-08-06,8.16,8.21,8.12,8.15,8800.0
2008-08-05,8.22,8.3,8.1701,8.2,11900.0
2008-08-04,8.29,8.29,8.19,8.22,3400.0
2008-08-01,8.33,8.33,8.24,8.32,6700.0
2008-07-31,8.26,8.36,8.12,8.36,5000.0
2008-07-30,8.16,8.3,8.16,8.3,4000.0
2008-07-29,8.05,8.3,8.05,8.12,7600.0
2008-07-28,8.12,8.17,7.97,8.04,11700.0
2008-07-25,8.01,8.1,7.99,8.08,17700.0
2008-07-24,8.1,8.1,7.95,7.97,11000.0
2008-07-23,7.7,8.05,7.66,8.01,50300.0
2008-07-22,7.65,7.77,7.6,7.77,15400.0
2008-07-21,7.51,7.65,7.22,7.65,23800.0
2008-07-18,7.66,7.66,7.5,7.56,20200.0
2008-07-17,7.56,7.67,7.46,7.55,17100.0
2008-07-16,7.65,7.7,7.6,7.62,9700.0
2008-07-15,7.47,7.86,7.47,7.7,7400.0
2008-07-14,7.7,7.72,7.45,7.51,13800.0
2008-07-11,7.82,7.82,7.5,7.68,17900.0
2008-07-10,8.16,8.16,7.55,7.85,18800.0
2008-07-09,8.23,8.23,8.16,8.21,2400.0
2008-07-08,8.33,8.33,8.23,8.23,3800.0
2008-07-07,8.56,8.62,8.32,8.37,3300.0
2008-07-03,8.55,8.55,8.54,8.54,1200.0
2008-07-02,8.63,8.63,8.55,8.58,2000.0
2008-07-01,8.62,8.81,8.6,8.61,5600.0
2008-06-30,8.87,8.87,8.8,8.8,2900.0
2008-06-27,8.77,8.79,8.75,8.79,800.0
2008-06-26,8.65,8.75,8.65,8.75,3100.0
2008-06-25,8.6,8.65,8.58,8.65,1000.0
2008-06-24,8.6,8.62,8.5,8.62,6200.0
2008-06-23,8.6,8.64,8.6,8.62,2000.0
2008-06-20,8.61,8.64,8.57,8.64,7600.0
2008-06-19,8.6,8.69,8.6,8.67,1500.0
2008-06-18,8.79,8.83,8.66,8.69,4200.0
2008-06-17,8.95,8.95,8.84,8.84,7300.0
2008-06-16,8.87,8.99,8.85,8.95,10700.0
2008-06-13,8.61,8.89,8.57,8.89,6100.0
2008-06-12,8.78,8.78,8.55,8.56,5600.0
2008-06-11,8.8,8.85,8.8,8.83,1600.0
2008-06-10,8.74,8.82,8.73,8.75,2900.0
2008-06-09,8.82,8.82,8.78,8.78,2700.0
2008-06-06,8.81,8.86,8.81,8.8101,1300.0
2008-06-05,8.73,8.83,8.63,8.83,17200.0
2008-06-04,8.82,8.88,8.75,8.75,5700.0
2008-06-03,8.89,8.89,8.77,8.82,1900.0
2008-06-02,8.77,8.95,8.77,8.83,4400.0
2008-05-30,8.65,8.78,8.6,8.73,5900.0
2008-05-29,8.8,8.89,8.6,8.75,16000.0
2008-05-28,8.87,8.9,8.85,8.87,2500.0
2008-05-27,8.95,8.99,8.81,8.84,35300.0
2008-05-23,8.83,8.85,8.83,8.83,4600.0
2008-05-22,8.85,8.88,8.83,8.83,12400.0
2008-05-21,8.89,8.89,8.84,8.86,1500.0
2008-05-20,8.83,8.87,8.8132,8.86,2300.0
2008-05-19,8.9,9.03,8.9,8.98,5300.0
2008-05-16,8.93,8.93,8.88,8.917,2900.0
2008-05-15,8.84,9.0,8.84,8.91,4500.0
2008-05-14,8.75,8.84,8.75,8.82,2900.0
2008-05-13,8.86,8.88,8.82,8.88,9200.0
2008-05-12,8.87,8.99,8.86,8.87,13500.0
2008-05-09,8.85,8.87,8.81,8.85,1100.0
2008-05-08,8.86,8.88,8.83,8.83,1600.0
2008-05-07,9.0,9.042,8.86,8.9,10100.0
2008-05-06,8.9,9.0,8.9,8.92,5700.0
2008-05-05,8.93,8.97,8.88,8.97,4700.0
2008-05-02,8.85,8.92,8.85,8.91,2900.0
2008-05-01,8.88,9.0,8.88,8.95,10000.0
2008-04-30,8.8,8.9,8.8,8.9,8000.0
2008-04-29,8.87,8.94,8.87,8.91,5300.0
2008-04-28,8.97,9.02,8.76,8.89,7500.0
2008-04-25,8.86,9.03,8.84,8.98,15900.0
2008-04-24,8.8,8.92,8.75,8.84,161100.0
2008-04-23,8.8,8.83,8.76,8.82,10500.0
2008-04-22,8.84,8.88,8.8,8.82,12400.0
2008-04-21,8.75,8.96,8.75,8.82,8700.0
2008-04-18,8.74,8.79,8.7,8.73,18100.0
2008-04-17,8.99,8.99,8.65,8.72,26200.0
2008-04-16,8.93,8.93,8.65,8.78,16700.0
2008-04-15,9.09,9.09,8.9,8.95,7200.0
2008-04-14,9.01,9.02,8.99,8.99,7300.0
2008-04-11,9.01,9.01,8.98,9.0,1200.0
2008-04-10,9.1,9.1,8.95,9.01,9100.0
2008-04-09,9.19,9.2,9.1,9.13,2700.0
2008-04-08,9.18,9.21,9.17,9.2,2200.0
2008-04-07,9.17,9.2,9.17,9.19,3200.0
2008-04-04,9.26,9.33,9.19,9.22,13900.0
2008-04-03,9.41,9.41,9.34,9.34,3600.0
2008-04-02,9.45,9.45,9.34,9.43,10300.0
2008-04-01,9.53,9.53,9.39,9.46,5300.0
2008-03-31,9.27,9.55,9.27,9.55,18200.0
2008-03-28,9.34,9.36,9.25,9.3,2300.0
2008-03-27,9.37,9.37,9.31,9.37,1900.0
2008-03-26,9.37,9.45,9.37,9.4,2600.0
2008-03-25,9.37,9.41,9.37,9.4,2100.0
2008-03-24,9.26,9.42,9.26,9.354,3600.0
2008-03-20,9.36,9.36,9.25,9.25,4100.0
2008-03-19,9.33,9.38,9.33,9.38,1200.0
2008-03-18,9.5,9.54,9.37,9.4,35500.0
2008-03-17,9.65,9.65,9.2428,9.5,17800.0
2008-03-14,9.36,9.72,9.32,9.7,12300.0
2008-03-13,9.25,9.4,9.19,9.4,6000.0
2008-03-12,9.53,9.57,9.36,9.38,7200.0
2008-03-11,9.4,9.6,9.4,9.55,21400.0
2008-03-10,9.1,9.4,9.1,9.4,12300.0
2008-03-07,9.11,9.11,8.6,9.0,50800.0
2008-03-06,9.3,9.42,8.7,8.73,61900.0
2008-03-05,9.43,9.53,9.43,9.51,13000.0
2008-03-04,9.68,9.68,9.48,9.49,13200.0
2008-03-03,9.66,9.8,9.21,9.69,53500.0
2008-02-29,9.74,9.8,9.7,9.75,9800.0
2008-02-28,9.65,9.73,9.61,9.73,10700.0
2008-02-27,9.55,9.76,9.5,9.69,13600.0
2008-02-26,9.5,9.52,9.33,9.47,38600.0
2008-02-25,9.44,9.5,9.42,9.45,10600.0
2008-02-22,9.44,9.45,9.42,9.44,20700.0
2008-02-21,9.31,9.49,9.25,9.45,33100.0
2008-02-20,9.49,9.53,9.43,9.45,99600.0
2008-02-19,9.81,9.9,9.43,9.45,26700.0
2008-02-15,9.54,9.75,9.45,9.61,15600.0
2008-02-14,9.46,9.65,9.41,9.54,42400.0
2008-02-13,8.93,9.49,8.87,9.42,62900.0
2008-02-12,8.99,9.09,8.99,9.09,30500.0
2008-02-11,8.9,8.92,8.86,8.91,8500.0
2008-02-08,8.86,8.94,8.86,8.93,6900.0
2008-02-07,8.84,8.9,8.8,8.81,5400.0
2008-02-06,8.66,8.86,8.66,8.8224,8400.0
2008-02-05,8.77,8.77,8.63,8.64,6700.0
2008-02-04,8.85,8.94,8.79,8.8,13200.0
2008-02-01,8.76,8.85,8.712,8.79,15200.0
2008-01-31,8.5,8.6,8.5,8.59,4100.0
2008-01-30,8.46,8.49,8.4,8.45,6100.0
2008-01-29,8.47,8.5899,8.43,8.43,6900.0
2008-01-28,8.41,8.45,8.35,8.45,3600.0
2008-01-25,8.4,8.44,8.3601,8.44,3500.0
2008-01-24,8.39,8.44,8.35,8.37,9600.0
2008-01-23,8.36,8.48,8.31,8.4,22800.0
2008-01-22,8.44,8.51,8.36,8.36,58100.0
2008-01-18,8.35,8.62,8.35,8.46,59600.0
2008-01-17,8.34,8.37,8.3,8.35,25700.0
2008-01-16,8.38,8.38,8.3,8.36,46900.0
2008-01-15,8.42,8.48,8.35,8.45,7800.0
2008-01-14,8.48,8.49,8.43,8.46,4400.0
2008-01-11,8.45,8.49,8.41,8.49,10500.0
2008-01-10,8.28,8.4,8.23,8.4,10500.0
2008-01-09,8.25,8.52,8.25,8.29,15300.0
2008-01-08,8.73,8.75,8.55,8.59,15300.0
2008-01-07,8.9,8.91,8.7501,8.8232,10900.0
2008-01-04,8.84,8.86,8.8,8.8,2100.0
2008-01-03,8.84,8.85,8.76,8.84,7900.0
2008-01-02,8.98,9.04,8.73,8.85,12100.0
2007-12-31,8.9,8.92,8.82,8.87,8400.0
2007-12-28,8.82,8.85,8.8,8.81,4500.0
2007-12-27,8.79,8.85,8.69,8.8,2900.0
2007-12-26,8.56,8.72,8.51,8.72,12700.0
2007-12-24,8.64,8.64,8.54,8.63,3600.0
2007-12-21,8.64,8.75,8.5,8.75,36800.0
2007-12-20,8.56,8.57,8.49,8.57,20300.0
2007-12-19,8.59,8.61,8.49,8.53,5500.0
2007-12-18,8.58,8.64,8.55,8.64,21200.0
2007-12-17,8.62,8.68,8.58,8.63,11900.0
2007-12-14,8.61,8.64,8.59,8.62,4200.0
2007-12-13,8.62,8.66,8.61,8.66,7200.0
2007-12-12,8.65,8.66,8.61,8.66,11300.0
2007-12-11,8.67,8.68,8.61,8.66,7500.0
2007-12-10,8.66,8.68,8.61,8.66,9600.0
2007-12-07,8.65,8.67,8.61,8.67,4400.0
2007-12-06,8.58,8.66,8.53,8.66,10300.0
2007-12-05,8.56,8.58,8.5,8.58,10300.0
2007-12-04,8.5,8.59,8.5,8.55,7100.0
2007-12-03,8.06,8.4,8.06,8.39,5400.0
2007-11-30,8.33,8.35,8.16,8.27,25300.0
2007-11-29,8.29,8.33,8.25,8.29,3200.0
2007-11-28,8.21,8.31,8.2,8.26,12700.0
2007-11-27,8.24,8.27,8.2,8.21,17100.0
2007-11-26,8.25,8.27,8.2201,8.2201,18600.0
2007-11-23,8.25,8.3,8.2,8.24,22200.0
2007-11-21,8.3,8.39,8.21,8.32,31600.0
2007-11-20,8.36,8.44,8.32,8.32,21000.0
2007-11-19,8.34,8.38,8.3,8.35,11400.0
2007-11-16,8.36,8.41,8.36,8.36,5900.0
2007-11-15,8.4,8.41,8.36,8.39,8100.0
2007-11-14,8.43,8.48,8.38,8.42,7700.0
2007-11-13,8.47,8.5,8.37,8.45,30500.0
2007-11-12,8.5,8.6,8.45,8.49,8800.0
2007-11-09,8.61,8.69,8.56,8.61,2000.0
2007-11-08,8.49,8.58,8.45,8.57,3400.0
2007-11-07,8.43,8.57,8.4,8.57,7500.0
2007-11-06,8.67,8.67,8.42,8.55,32200.0
2007-11-05,8.65,8.65,8.41,8.41,7100.0
2007-11-02,8.58,8.58,8.52,8.55,6700.0
2007-11-01,8.58,8.58,8.5,8.58,24000.0
2007-10-31,8.6,8.6,8.5,8.58,13400.0
2007-10-30,8.39,8.49,8.35,8.48,11100.0
2007-10-29,8.4,8.4,8.32,8.39,5800.0
2007-10-26,8.31,8.4,8.22,8.4,15600.0
2007-10-25,8.23,8.26,8.14,8.26,8000.0
2007-10-24,8.24,8.28,8.16,8.25,11800.0
2007-10-23,8.23,8.25,8.07,8.25,13500.0
2007-10-22,8.25,8.3,8.23,8.28,36100.0
2007-10-19,8.2,8.22,8.15,8.21,15200.0
2007-10-18,8.06,8.21,8.06,8.2,8100.0
2007-10-17,8.04,8.11,8.01,8.03,12600.0
2007-10-16,7.95,8.05,7.95,8.0,6600.0
2007-10-15,7.95,8.0115,7.9,8.0115,16200.0
2007-10-12,8.09,8.14,8.09,8.14,1500.0
2007-10-11,8.06,8.14,8.06,8.14,1000.0
2007-10-10,8.08,8.13,8.08,8.11,17900.0
2007-10-09,8.04,8.12,7.95,8.12,16700.0
2007-10-08,7.85,8.09,7.85,8.09,21900.0
2007-10-05,7.84,7.94,7.84,7.91,8900.0
2007-10-04,7.7701,7.87,7.77,7.84,3400.0
2007-10-03,7.76,7.8,7.74,7.8,2300.0
2007-10-02,7.76,7.84,7.76,7.83,800.0
2007-10-01,7.89,7.89,7.75,7.79,4900.0
2007-09-28,7.75,7.95,7.71,7.89,14100.0
2007-09-27,7.76,7.83,7.75,7.79,5300.0
2007-09-26,7.7,7.8,7.7,7.8,5100.0
2007-09-25,7.75,7.78,7.62,7.62,53200.0
2007-09-24,7.75,7.79,7.73,7.78,16600.0
2007-09-21,7.82,7.92,7.75,7.766,13900.0
2007-09-20,7.75,7.82,7.75,7.8,14100.0
2007-09-19,7.72,7.81,7.7,7.77,12000.0
2007-09-18,7.73,7.8399,7.63,7.82,16300.0
2007-09-17,7.7501,7.79,7.7101,7.79,6900.0
2007-09-14,7.75,7.85,7.75,7.85,2700.0
2007-09-13,7.66,7.87,7.66,7.7,32400.0
2007-09-12,7.7001,7.77,7.7001,7.77,1100.0
2007-09-11,7.85,7.85,7.71,7.75,19700.0
2007-09-10,7.82,7.9,7.68,7.89,23400.0
2007-09-07,7.77,7.87,7.7,7.85,26300.0
2007-09-06,7.72,7.75,7.71,7.71,3900.0
2007-09-05,7.75,7.75,7.7,7.73,4800.0
2007-09-04,7.88,7.88,7.7,7.746,8100.0
2007-08-31,7.7,7.9,7.65,7.9,17300.0
2007-08-30,7.7501,7.77,7.7,7.75,24400.0
2007-08-29,7.72,7.8,7.72,7.79,1300.0
2007-08-28,7.72,7.83,7.71,7.71,7500.0
2007-08-27,7.87,7.87,7.8,7.81,5700.0
2007-08-24,7.87,7.95,7.87,7.9,2900.0
2007-08-23,7.88,7.9,7.83,7.86,5200.0
2007-08-22,7.89,7.92,7.81,7.8699,10900.0
2007-08-21,7.76,7.81,7.73,7.77,21500.0
2007-08-20,7.86,7.94,7.77,7.82,6200.0
2007-08-17,7.95,7.95,7.76,7.76,12500.0
2007-08-16,7.87,7.87,7.63,7.726,43600.0
2007-08-15,7.95,8.0,7.78,7.9,13600.0
2007-08-14,8.01,8.04,8.01,8.02,1000.0
2007-08-13,8.02,8.09,8.02,8.04,2100.0
2007-08-10,7.96,8.07,7.87,8.05,21100.0
2007-08-09,8.07,8.31,7.98,7.98,59700.0
2007-08-08,7.93,8.19,7.93,7.99,12300.0
2007-08-07,8.01,8.04,7.91,7.93,15000.0
2007-08-06,7.87,8.04,7.86,7.98,8300.0
2007-08-03,8.0,8.0,7.86,7.96,13100.0
2007-08-02,7.85,8.0,7.82,7.96,16000.0
2007-08-01,7.88,7.91,7.8,7.9,12300.0
2007-07-31,7.95,7.95,7.79,7.87,34200.0
2007-07-30,8.0,8.21,7.95,7.95,19000.0
2007-07-27,8.2,8.22,7.9,8.03,42400.0
2007-07-26,8.2,8.21,8.19,8.2,15000.0
2007-07-25,8.2,8.25,8.17,8.23,4700.0
2007-07-24,8.2,8.24,8.2,8.2,4900.0
2007-07-23,8.2,8.29,8.2,8.22,700.0
2007-07-20,8.22,8.25,8.21,8.25,1200.0
2007-07-19,8.26,8.3,8.24,8.28,2300.0
2007-07-18,8.2,8.26,8.18,8.23,3000.0
2007-07-17,8.25,8.3,8.24,8.26,18400.0
2007-07-16,8.24,8.28,8.24,8.27,9000.0
2007-07-13,8.26,8.29,8.26,8.26,3200.0
2007-07-12,8.26,8.26,8.26,8.26,600.0
2007-07-11,8.29,8.29,8.24,8.28,2400.0
2007-07-10,8.34,8.34,8.25,8.28,4500.0
2007-07-09,8.34,8.35,8.25,8.31,2000.0
2007-07-06,8.25,8.3,8.2,8.3,3100.0
2007-07-05,8.26,8.3,8.26,8.28,3900.0
2007-07-03,8.19,8.3,8.19,8.3,2200.0
2007-07-02,8.29,8.29,8.28,8.28,1800.0
2007-06-29,8.2,8.25,8.19,8.25,5100.0
2007-06-28,8.21,8.24,8.19,8.24,5400.0
2007-06-27,8.24,8.24,8.18,8.21,2200.0
2007-06-26,8.21,8.22,8.15,8.18,29300.0
2007-06-25,8.2,8.24,8.16,8.22,19600.0
2007-06-22,8.21,8.3,8.21,8.22,17300.0
2007-06-21,8.21,8.3,8.2,8.25,10900.0
2007-06-20,8.27,8.28,8.22,8.27,1400.0
2007-06-19,8.23,8.35,8.22,8.29,6900.0
2007-06-18,8.35,8.35,8.28,8.32,2000.0
2007-06-15,8.22,8.4,8.22,8.4,5600.0
2007-06-14,8.35,8.39,8.24,8.3,11700.0
2007-06-13,8.4899,8.4899,8.36,8.39,4300.0
2007-06-12,8.37,8.41,8.36,8.4,6400.0
2007-06-11,8.5,8.5,8.42,8.42,6100.0
2007-06-08,8.43,8.48,8.43,8.45,33700.0
2007-06-07,8.41,8.42,8.41,8.42,58000.0
2007-06-06,8.39,8.43,8.3,8.43,9200.0
2007-06-05,8.35,8.39,8.311,8.39,12200.0
2007-06-04,8.3,8.35,8.28,8.34,5000.0
2007-06-01,8.24,8.34,8.24,8.3,8100.0
2007-05-31,8.1301,8.3,8.1301,8.23,5700.0
2007-05-30,8.33,8.33,8.22,8.2201,11800.0
2007-05-29,8.23,8.3099,8.21,8.29,13000.0
2007-05-25,8.11,8.21,8.11,8.2,2700.0
2007-05-24,8.25,8.25,8.11,8.16,19100.0
2007-05-23,8.23,8.28,8.2,8.23,22000.0
2007-05-22,8.2401,8.33,8.23,8.297,14800.0
2007-05-21,8.2,8.29,8.2,8.25,17500.0
2007-05-18,8.19,8.25,8.12,8.21,10900.0
2007-05-17,8.25,8.3,8.25,8.29,1300.0
2007-05-16,8.38,8.38,8.29,8.3,25400.0
2007-05-15,8.28,8.36,8.05,8.29,27900.0
2007-05-14,8.29,8.38,8.26,8.38,27200.0
2007-05-11,8.2,8.29,8.2,8.29,3300.0
2007-05-10,8.2401,8.32,8.24,8.25,1300.0
2007-05-09,8.3,8.33,8.29,8.33,3800.0
2007-05-08,8.32,8.34,8.28,8.28,3700.0
2007-05-07,8.2501,8.33,8.25,8.27,12400.0
2007-05-04,8.25,8.29,8.2,8.25,16300.0
2007-05-03,8.1601,8.23,8.15,8.21,8400.0
2007-05-02,8.29,8.29,8.09,8.2201,23300.0
2007-05-01,8.29,8.29,8.21,8.23,18700.0
2007-04-30,8.1,8.2,8.1,8.18,5500.0
2007-04-27,8.0,8.24,8.0,8.2,33300.0
2007-04-26,7.89,8.0499,7.89,8.04,13100.0
2007-04-25,7.88,7.98,7.88,7.91,9900.0
2007-04-24,7.93,7.99,7.88,7.96,2300.0
2007-04-23,7.87,7.96,7.87,7.96,22600.0
2007-04-20,7.85,7.86,7.83,7.86,4700.0
2007-04-19,7.87,7.88,7.83,7.8401,35700.0
2007-04-18,7.82,7.87,7.82,7.87,2900.0
2007-04-17,7.79,7.86,7.78,7.82,5800.0
2007-04-16,7.85,7.86,7.77,7.83,17400.0
2007-04-13,7.81,7.81,7.76,7.8,5300.0
2007-04-12,7.78,7.81,7.76,7.81,2100.0
2007-04-11,7.78,7.88,7.78,7.84,3700.0
2007-04-10,7.9,7.94,7.84,7.88,1400.0
2007-04-09,7.91,7.94,7.87,7.94,700.0
2007-04-05,7.96,7.98,7.9,7.97,4400.0
2007-04-04,7.9,7.97,7.88,7.96,5700.0
2007-04-03,7.9,7.92,7.8699,7.91,10500.0
2007-04-02,7.75,7.85,7.75,7.85,9000.0
2007-03-30,7.77,7.8,7.71,7.75,18500.0
2007-03-29,7.71,7.77,7.71,7.77,3300.0
2007-03-28,7.7201,7.85,7.7201,7.85,4300.0
2007-03-27,7.8,7.85,7.74,7.77,9500.0
2007-03-26,7.8,7.91,7.75,7.79,11600.0
2007-03-23,7.7099,7.81,7.65,7.81,3500.0
2007-03-22,7.55,7.65,7.54,7.63,17500.0
2007-03-21,7.5,7.55,7.5,7.55,5700.0
2007-03-20,7.6,7.6,7.5,7.55,8000.0
2007-03-19,7.52,7.55,7.52,7.54,2000.0
2007-03-16,7.55,7.6,7.47,7.54,23700.0
2007-03-15,7.6001,7.6299,7.56,7.6299,8000.0
2007-03-14,7.62,7.65,7.62,7.65,3600.0
2007-03-13,7.65,7.74,7.61,7.69,9100.0
2007-03-12,7.74,7.78,7.63,7.66,8000.0
2007-03-09,7.79,7.8,7.72,7.77,10900.0
2007-03-08,7.78,7.85,7.75,7.83,14700.0
2007-03-07,7.85,7.9,7.81,7.86,44600.0
2007-03-06,7.77,7.87,7.76,7.85,12000.0
2007-03-05,7.8,7.8,7.69,7.779,16700.0
2007-03-02,7.87,7.87,7.8,7.839,11800.0
2007-03-01,7.849,7.88,7.83,7.87,25500.0
2007-02-28,7.85,7.87,7.8,7.82,45400.0
2007-02-27,7.9,7.94,7.8,7.91,7600.0
2007-02-26,7.9,7.94,7.84,7.9165,6700.0
2007-02-23,7.9,7.95,7.9,7.93,700.0
2007-02-22,7.91,7.91,7.86,7.91,3400.0
2007-02-21,7.99,7.99,7.89,7.9199,3600.0
2007-02-20,7.87,7.97,7.87,7.95,2900.0
2007-02-16,7.74,7.92,7.74,7.92,25200.0
2007-02-15,7.66,7.75,7.66,7.74,13800.0
2007-02-14,7.56,7.63,7.56,7.63,15500.0
2007-02-13,7.53,7.6,7.53,7.57,3900.0
2007-02-12,7.58,7.5899,7.55,7.58,2700.0
2007-02-09,7.59,7.61,7.56,7.59,2500.0
2007-02-08,7.44,7.61,7.44,7.61,23100.0
2007-02-07,7.42,7.48,7.42,7.44,1900.0
2007-02-06,7.42,7.48,7.42,7.43,8500.0
2007-02-05,7.41,7.45,7.4,7.43,10100.0
2007-02-02,7.4,7.44,7.389,7.4,56700.0
2007-02-01,7.37,7.44,7.37,7.41,5600.0
2007-01-31,7.41,7.43,7.35,7.38,46500.0
2007-01-30,7.33,7.42,7.33,7.4,51000.0
2007-01-29,7.25,7.35,7.25,7.3,4200.0
2007-01-26,7.35,7.35,7.32,7.32,800.0
2007-01-25,7.28,7.31,7.25,7.28,2200.0
2007-01-24,7.3,7.32,7.26,7.27,16700.0
2007-01-23,7.37,7.37,7.27,7.3,12900.0
2007-01-22,7.16,7.36,7.16,7.31,29300.0
2007-01-19,7.19,7.19,7.15,7.18,3600.0
2007-01-18,7.09,7.2,7.09,7.15,30300.0
2007-01-17,7.09,7.16,7.09,7.16,35600.0
2007-01-16,7.18,7.18,7.08,7.1,13700.0
2007-01-12,7.05,7.12,7.05,7.12,14100.0
2007-01-11,7.05,7.09,7.05,7.07,800.0
2007-01-10,7.03,7.09,7.03,7.04,4200.0
2007-01-09,7.02,7.13,7.01,7.03,11000.0
2007-01-08,7.01,7.11,7.0,7.11,5700.0
2007-01-05,7.01,7.05,7.01,7.04,7600.0
2007-01-04,7.0501,7.0501,7.02,7.02,23400.0
2007-01-03,7.09,7.13,7.05,7.06,48700.0
2006-12-29,7.18,7.2,7.08,7.09,27600.0
2006-12-28,7.11,7.15,7.1,7.13,2500.0
2006-12-27,7.09,7.14,7.09,7.11,10100.0
2006-12-26,7.09,7.12,7.07,7.1,11900.0
2006-12-22,7.06,7.08,7.06,7.07,5700.0
2006-12-21,7.1,7.15,7.09,7.09,17100.0
2006-12-20,7.1,7.16,7.1,7.15,3400.0
2006-12-19,7.06,7.19,7.06,7.15,4100.0
2006-12-18,7.2,7.2,7.12,7.12,10200.0
2006-12-15,7.11,7.16,7.05,7.16,20900.0
2006-12-14,7.11,7.17,7.11,7.16,10100.0
2006-12-13,7.05,7.11,7.03,7.11,23600.0
2006-12-12,7.05,7.09,7.05,7.05,2000.0
2006-12-11,7.04,7.09,7.03,7.08,9700.0
2006-12-08,7.02,7.08,7.02,7.04,10800.0
2006-12-07,7.05,7.07,7.04,7.04,7700.0
2006-12-06,7.0401,7.08,7.02,7.07,12800.0
2006-12-05,7.09,7.14,7.04,7.14,6100.0
2006-12-04,7.02,7.14,7.02,7.14,4400.0
2006-12-01,7.02,7.09,7.02,7.05,2100.0
2006-11-30,7.1,7.15,7.04,7.04,6100.0
2006-11-29,7.06,7.16,7.06,7.16,1400.0
2006-11-28,7.05,7.13,7.01,7.13,8500.0
2006-11-27,7.0,7.07,7.0,7.05,14700.0
2006-11-24,7.0,7.06,7.0,7.01,4300.0
2006-11-22,7.0,7.05,7.0,7.02,5700.0
2006-11-21,7.02,7.05,7.01,7.0302,11300.0
2006-11-20,7.01,7.05,7.01,7.03,7200.0
2006-11-17,7.0,7.04,7.0,7.04,4200.0
2006-11-16,7.0,7.08,7.0,7.05,6500.0
2006-11-15,6.99,7.089,6.91,7.05,12700.0
2006-11-14,6.94,7.0,6.89,7.0,13800.0
2006-11-13,6.82,6.95,6.82,6.94,10100.0
2006-11-10,6.85,6.95,6.85,6.95,5400.0
2006-11-09,6.7,6.86,6.7,6.85,28500.0
2006-11-08,6.75,6.8,6.7201,6.75,3500.0
2006-11-07,6.79,6.8,6.75,6.8,7500.0
2006-11-06,6.9,6.99,6.83,6.83,32800.0
2006-11-03,6.9,6.95,6.9,6.9,19200.0
2006-11-02,6.95,6.95,6.9,6.94,1400.0
2006-11-01,6.9,6.97,6.9,6.97,600.0
2006-10-31,6.9,6.95,6.9,6.9,11300.0
2006-10-30,6.9,6.94,6.9,6.9,66500.0
2006-10-27,6.92,6.95,6.9,6.95,4000.0
2006-10-26,6.95,6.97,6.9,6.92,3500.0
2006-10-25,6.94,6.99,6.91,6.9518,1400.0
2006-10-24,6.98,6.98,6.9,6.98,1800.0
2006-10-23,7.0,7.0,6.9,6.98,3300.0
2006-10-20,6.9,6.98,6.9,6.9,7700.0
2006-10-19,6.9,6.95,6.9,6.94,2500.0
2006-10-18,6.94,6.97,6.9,6.9,14600.0
2006-10-17,6.98,7.0683,6.9425,7.04,900.0
2006-10-16,6.9,7.0,6.9,6.98,1200.0
2006-10-13,6.93,7.01,6.93,6.97,2200.0
2006-10-12,6.9,6.95,6.9,6.93,4600.0
2006-10-11,6.99,7.06,6.98,7.0,2700.0
2006-10-10,6.9,6.99,6.9,6.99,1800.0
2006-10-09,6.9,6.96,6.89,6.96,2100.0
2006-10-06,6.8,6.9,6.8,6.9,9700.0
2006-10-05,6.79,6.86,6.75,6.82,7500.0
2006-10-04,6.74,6.85,6.74,6.85,6200.0
2006-10-03,6.72,6.77,6.72,6.72,4200.0
2006-10-02,6.73,6.78,6.72,6.72,3100.0
2006-09-29,6.72,6.8,6.72,6.8,10800.0
2006-09-28,6.8,6.81,6.75,6.78,7900.0
2006-09-27,6.8,6.85,6.75,6.8,6000.0
2006-09-26,6.82,6.86,6.73,6.76,4100.0
2006-09-25,6.85,6.92,6.83,6.86,2400.0
2006-09-22,6.87,6.94,6.86,6.92,4200.0
2006-09-21,6.95,6.98,6.91,6.95,1000.0
2006-09-20,6.9,7.0,6.9,6.97,6500.0
2006-09-19,7.15,7.15,6.95,6.96,12700.0
2006-09-18,7.35,7.38,7.21,7.21,8300.0
2006-09-15,7.39,7.47,7.36,7.36,7200.0
2006-09-14,7.4,7.46,7.38,7.42,4600.0
2006-09-13,7.42,7.4899,7.39,7.45,31500.0
2006-09-12,7.44,7.44,7.39,7.41,10600.0
2006-09-11,7.4,7.44,7.36,7.4,7500.0
2006-09-08,7.4,7.45,7.4,7.45,10200.0
2006-09-07,7.43,7.44,7.41,7.41,1300.0
2006-09-06,7.4,7.44,7.35,7.4299,10000.0
2006-09-05,7.34,7.44,7.34,7.44,5400.0
2006-09-01,7.29,7.4,7.29,7.35,15700.0
2006-08-31,7.44,7.45,7.41,7.44,11900.0
2006-08-30,7.3,7.45,7.3,7.4,17300.0
2006-08-29,7.3,7.35,7.3,7.34,4400.0
2006-08-28,7.15,7.35,7.1,7.35,59000.0
2006-08-25,6.95,7.17,6.95,7.15,25400.0
2006-08-24,6.84,6.99,6.84,6.99,5000.0
2006-08-23,6.92,7.0,6.81,6.9,10300.0
2006-08-22,6.8899,7.0,6.8601,6.99,11100.0
2006-08-21,6.94,6.94,6.85,6.89,3500.0
2006-08-18,6.95,6.95,6.83,6.94,3200.0
2006-08-17,6.8,6.94,6.72,6.94,8400.0
2006-08-16,6.79,6.8,6.73,6.8,9100.0
2006-08-15,6.82,6.82,6.72,6.8,2400.0
2006-08-14,6.7,6.8,6.7,6.75,5500.0
2006-08-11,6.75,6.82,6.7,6.72,9400.0
2006-08-10,6.65,6.8,6.6001,6.79,29200.0
2006-08-09,6.75,6.75,6.6496,6.69,11500.0
2006-08-08,6.6,6.68,6.6,6.68,2300.0
2006-08-07,6.7,6.7,6.6,6.6,5900.0
2006-08-04,6.72,6.73,6.7,6.7,1600.0
2006-08-03,6.7999,6.7999,6.75,6.75,1100.0
2006-08-02,6.72,6.8699,6.72,6.8,1900.0
2006-08-01,6.72,6.72,6.72,6.72,300.0
2006-07-31,6.72,6.78,6.72,6.78,3300.0
2006-07-28,6.8,6.8,6.72,6.78,24400.0
2006-07-27,6.73,6.74,6.72,6.7301,250100.0
2006-07-26,6.73,6.73,6.7,6.72,304900.0
2006-07-25,6.75,6.77,6.75,6.77,2200.0
2006-07-24,6.73,6.76,6.72,6.76,3500.0
2006-07-21,6.75,6.75,6.72,6.75,6500.0
2006-07-20,6.72,6.75,6.72,6.75,600.0
2006-07-19,6.72,6.74,6.72,6.72,2300.0
2006-07-18,6.73,6.73,6.72,6.72,2500.0
2006-07-17,6.72,6.7201,6.72,6.72,5300.0
2006-07-14,6.72,6.72,6.72,6.72,13300.0
2006-07-13,6.72,6.75,6.72,6.73,30900.0
2006-07-12,6.73,6.87,6.73,6.82,2600.0
2006-07-11,6.77,6.77,6.75,6.76,3900.0
2006-07-10,6.76,6.9,6.76,6.87,5500.0
2006-07-07,6.75,6.87,6.75,6.87,400.0
2006-07-06,6.82,6.85,6.75,6.75,18400.0
2006-07-05,6.73,6.8399,6.72,6.81,7300.0
2006-07-03,6.81,6.81,6.73,6.75,2700.0
2006-06-30,6.75,6.84,6.73,6.84,4600.0
2006-06-29,6.73,6.8,6.73,6.8,4400.0
2006-06-28,6.8,6.8,6.76,6.79,1600.0
2006-06-27,6.8,6.8,6.8,6.8,700.0
2006-06-26,6.73,6.84,6.73,6.84,12800.0
2006-06-23,6.83,6.83,6.72,6.82,8300.0
2006-06-22,6.72,6.85,6.72,6.85,2100.0
2006-06-21,6.77,6.8,6.72,6.75,2900.0
2006-06-20,6.72,6.78,6.72,6.78,4500.0
2006-06-19,6.8,6.82,6.7,6.73,10700.0
2006-06-16,6.7,6.75,6.7,6.75,7600.0
2006-06-15,6.75,6.77,6.7,6.75,5000.0
2006-06-14,6.7,6.8099,6.7,6.76,12900.0
2006-06-13,6.7,6.75,6.7,6.72,7300.0
2006-06-12,6.8,6.8,6.8,6.8,1400.0
2006-06-09,6.8,6.8,6.75,6.75,1200.0
2006-06-08,6.73,6.84,6.73,6.84,3200.0
2006-06-07,6.8,6.83,6.75,6.83,2500.0
2006-06-06,6.79,6.85,6.65,6.85,28200.0
2006-06-05,6.8,6.88,6.75,6.77,15800.0
2006-06-02,6.76,6.86,6.7,6.86,3000.0
2006-06-01,6.81,6.83,6.78,6.83,2900.0
2006-05-31,6.8,6.88,6.8,6.88,4600.0
2006-05-30,6.82,6.84,6.81,6.84,1500.0
2006-05-26,6.78,6.9,6.78,6.9,10700.0
2006-05-25,6.75,6.78,6.75,6.78,16600.0
2006-05-24,6.82,6.83,6.78,6.8,2200.0
2006-05-23,6.8,6.8,6.76,6.78,6100.0
2006-05-22,6.84,6.84,6.84,6.84,100.0
2006-05-19,6.82,6.84,6.7401,6.84,2200.0
2006-05-18,6.94,6.99,6.85,6.9,3500.0
2006-05-17,6.9,6.99,6.82,6.99,8800.0
2006-05-16,6.8,6.98,6.8,6.98,130100.0
2006-05-15,6.78,6.85,6.78,6.81,11000.0
2006-05-12,6.7,6.77,6.7,6.77,37400.0
2006-05-11,6.77,6.77,6.75,6.77,1000.0
2006-05-10,6.72,6.75,6.7,6.75,9200.0
2006-05-09,6.7,6.73,6.5,6.73,5400.0
2006-05-08,6.55,6.75,6.45,6.74,9200.0
2006-05-05,6.6,6.69,6.58,6.6,800.0
2006-05-04,6.7399,6.7399,6.59,6.63,1000.0
2006-05-03,6.61,6.65,6.52,6.6,2300.0
2006-05-02,6.66,6.7,6.62,6.62,7400.0
2006-05-01,6.66,6.76,6.66,6.76,7100.0
2006-04-28,6.66,6.69,6.66,6.68,3600.0
2006-04-27,6.7,6.71,6.61,6.68,4100.0
2006-04-26,6.71,6.74,6.7,6.74,4500.0
2006-04-25,6.82,6.82,6.73,6.7301,2600.0
2006-04-24,6.69,6.83,6.69,6.83,5800.0
2006-04-21,6.59,6.67,6.59,6.66,18500.0
2006-04-20,6.61,6.64,6.6,6.64,5600.0
2006-04-19,6.35,6.64,6.35,6.64,34500.0
2006-04-18,6.65,6.65,6.55,6.57,1800.0
2006-04-17,6.57,6.65,6.55,6.63,1200.0
2006-04-13,6.6001,6.65,6.53,6.65,14900.0
2006-04-12,6.6,6.65,6.6,6.65,3400.0
2006-04-11,6.62,6.65,6.58,6.64,7400.0
2006-04-10,6.65,6.7,6.62,6.62,5500.0
2006-04-07,6.64,6.7,6.62,6.69,3000.0
2006-04-06,6.6,6.7,6.5901,6.64,13000.0
2006-04-05,6.6,6.74,6.6,6.67,5500.0
2006-04-04,6.69,6.75,6.6,6.64,6900.0
2006-04-03,6.7,6.78,6.66,6.75,8000.0
2006-03-31,6.7,6.75,6.7,6.75,8600.0
2006-03-30,6.69,6.75,6.69,6.75,20900.0
2006-03-29,6.61,6.68,6.6,6.68,2900.0
2006-03-28,6.62,6.69,6.608,6.64,3700.0
2006-03-27,6.69,6.69,6.6,6.67,57400.0
2006-03-24,6.6,6.66,6.6,6.65,5800.0
2006-03-23,6.7,6.7,6.6,6.66,34800.0
2006-03-22,6.61,6.67,6.61,6.67,4200.0
2006-03-21,6.62,6.65,6.62,6.64,2200.0
2006-03-20,6.8,6.8,6.65,6.65,5600.0
2006-03-17,6.7,6.87,6.7,6.81,9800.0
2006-03-16,6.87,6.92,6.6,6.65,29400.0
2006-03-15,6.79,6.79,6.72,6.77,3600.0
2006-03-14,6.9,6.93,6.85,6.85,1100.0
2006-03-13,6.95,6.95,6.75,6.95,7800.0
2006-03-10,6.92,6.95,6.78,6.8,2100.0
2006-03-09,6.85,6.98,6.85,6.98,7000.0
2006-03-08,6.7201,6.91,6.7201,6.89,12300.0
2006-03-07,6.64,6.8,6.64,6.76,13100.0
2006-03-06,6.65,6.7,6.6,6.65,15600.0
2006-03-03,6.66,6.73,6.6,6.65,5800.0
2006-03-02,6.8,6.8,6.61,6.66,8500.0
2006-03-01,6.69,6.77,6.65,6.75,4900.0
2006-02-28,6.55,6.72,6.55,6.72,17900.0
2006-02-27,6.55,6.6,6.45,6.6,9700.0
2006-02-24,6.51,6.65,6.44,6.55,17600.0
2006-02-23,6.69,6.69,6.56,6.64,3900.0
2006-02-22,6.65,6.75,6.55,6.74,3600.0
2006-02-21,6.65,6.67,6.5001,6.5001,2600.0
2006-02-17,6.65,6.69,6.65,6.66,1800.0
2006-02-16,6.65,6.77,6.61,6.65,26800.0
2006-02-15,6.67,6.73,6.65,6.73,2100.0
2006-02-14,6.69,6.72,6.69,6.72,1600.0
2006-02-13,6.7,6.7,6.6,6.67,2000.0
2006-02-10,6.65,6.75,6.5,6.75,11700.0
2006-02-09,6.75,6.75,6.7,6.7,2600.0
2006-02-08,6.72,6.82,6.72,6.76,5700.0
2006-02-07,6.7,6.75,6.628,6.72,2700.0
2006-02-06,6.7,6.76,6.7,6.75,500.0
2006-02-03,6.75,6.75,6.7,6.73,1000.0
2006-02-02,6.76,6.79,6.75,6.79,11500.0
2006-02-01,6.8001,6.85,6.76,6.76,1200.0
2006-01-31,6.85,6.95,6.85,6.89,3200.0
2006-01-30,6.82,6.95,6.8001,6.89,13700.0
2006-01-27,6.7,6.8,6.7,6.8,48700.0
2006-01-26,6.77,6.77,6.7,6.71,12600.0
2006-01-25,6.72,6.77,6.7,6.71,5800.0
2006-01-24,6.71,6.78,6.71,6.78,700.0
2006-01-23,6.76,6.76,6.7,6.75,1700.0
2006-01-20,6.7,6.81,6.7,6.81,500.0
2006-01-19,6.61,6.8,6.61,6.71,11100.0
2006-01-18,6.79,6.79,6.6027,6.71,1600.0
2006-01-17,6.65,6.75,6.6,6.7,4900.0
2006-01-13,6.61,6.8,6.61,6.7,7400.0
2006-01-12,6.61,6.71,6.6011,6.61,6400.0
2006-01-11,6.7,6.78,6.6,6.71,4500.0
2006-01-10,6.7,6.75,6.65,6.75,7400.0
2006-01-09,6.72,6.8,6.71,6.8,8100.0
2006-01-06,6.75,6.8,6.72,6.79,4200.0
2006-01-05,6.9,6.9,6.8,6.8,1700.0
2006-01-04,6.85,6.89,6.78,6.88,4000.0
2006-01-03,6.95,6.95,6.8,6.88,2900.0
2005-12-30,6.8,6.9,6.7,6.9,16100.0
2005-12-29,6.81,6.84,6.65,6.84,11300.0
2005-12-28,6.95,6.95,6.86,6.86,2300.0
2005-12-27,6.75,7.0,6.7,7.0,8100.0
2005-12-23,6.72,6.8,6.7,6.8,1400.0
2005-12-22,6.68,6.92,6.66,6.7799,4400.0
2005-12-21,6.78,6.78,6.661,6.71,2100.0
2005-12-20,6.8,6.8,6.65,6.75,6600.0
2005-12-19,6.65,6.8,6.61,6.7,32300.0
2005-12-16,6.8,6.85,6.66,6.7,27300.0
2005-12-15,6.75,6.8,6.75,6.75,16200.0
2005-12-14,6.8,6.88,6.75,6.8,27600.0
2005-12-13,6.9,6.9,6.75,6.9,15600.0
2005-12-12,7.03,7.1,6.9,6.95,6000.0
2005-12-09,7.0,7.1,6.96,7.08,1400.0
2005-12-08,6.82,7.1,6.82,7.04,52200.0
2005-12-07,6.8,6.84,6.75,6.79,4900.0
2005-12-06,6.75,6.83,6.73,6.8,26600.0
2005-12-05,6.79,6.8,6.73,6.75,16200.0
2005-12-02,6.79,6.86,6.79,6.8101,17000.0
2005-12-01,6.79,6.84,6.79,6.79,5100.0
2005-11-30,6.8,6.9,6.79,6.89,17600.0
2005-11-29,6.82,6.9,6.77,6.84,20900.0
2005-11-28,6.82,6.86,6.8,6.85,7400.0
2005-11-25,6.82,6.86,6.82,6.82,600.0
2005-11-23,6.84,6.92,6.77,6.87,21800.0
2005-11-22,6.93,6.96,6.85,6.89,27300.0
2005-11-21,7.01,7.01,6.93,6.98,8400.0
2005-11-18,6.99,7.02,6.95,6.97,6700.0
2005-11-17,6.95,7.02,6.95,6.99,7200.0
2005-11-16,6.95,7.02,6.95,6.96,9900.0
2005-11-15,6.96,7.02,6.95,7.01,3000.0
2005-11-14,6.99,7.02,6.9,7.02,4100.0
2005-11-11,6.92,7.0,6.92,7.0,500.0
2005-11-10,6.93,6.99,6.85,6.99,13000.0
2005-11-09,7.0,7.05,7.0,7.01,2700.0
2005-11-08,6.95,7.04,6.928,7.04,2300.0
2005-11-07,7.0,7.05,6.94,7.0,1700.0
2005-11-04,6.95,7.04,6.934,7.04,8300.0
2005-11-03,6.96,7.01,6.95,6.95,700.0
2005-11-02,6.96,7.04,6.96,6.96,4500.0
2005-11-01,6.9601,7.05,6.95,7.0,3400.0
2005-10-31,6.95,7.0,6.87,7.0,20500.0
2005-10-28,7.0,7.05,6.95,7.0,69800.0
2005-10-27,7.0,7.08,6.95,7.08,1100.0
2005-10-26,6.86,7.05,6.86,7.05,9000.0
2005-10-25,6.86,6.9,6.86,6.86,17200.0
2005-10-24,6.86,7.0,6.82,6.86,5700.0
2005-10-21,6.9,6.9,6.83,6.85,6000.0
2005-10-20,6.98,7.1,6.95,7.0,7700.0
2005-10-19,6.85,6.99,6.8,6.99,15900.0
2005-10-18,6.85,7.0,6.85,6.95,18900.0
2005-10-17,6.82,6.9,6.81,6.9,12200.0
2005-10-14,6.82,6.85,6.82,6.83,6500.0
2005-10-13,6.84,6.84,6.81,6.84,5600.0
2005-10-12,6.95,6.95,6.8,6.85,12800.0
2005-10-11,6.85,6.93,6.85,6.91,1500.0
2005-10-10,6.95,6.99,6.9,6.9,700.0
2005-10-07,7.0,7.03,6.91,7.0,3800.0
2005-10-06,7.15,7.15,7.0,7.0,2300.0
2005-10-05,7.15,7.15,7.15,7.15,0.0
2005-10-04,7.2,7.24,7.1,7.15,2900.0
2005-10-03,7.1,7.25,7.1,7.24,5100.0
2005-09-30,7.0,7.14,6.99,7.14,12900.0
2005-09-29,6.86,7.1,6.86,7.1,32500.0
2005-09-28,6.9,6.9,6.85,6.85,3000.0
2005-09-27,6.95,6.95,6.92,6.95,2100.0
2005-09-26,7.0,7.04,6.92,7.04,9200.0
2005-09-23,7.0,7.04,7.0,7.04,10100.0
2005-09-22,7.05,7.05,7.0,7.01,5700.0
2005-09-21,7.0,7.2,7.0,7.08,4500.0
2005-09-20,7.2,7.21,6.85,7.01,42500.0
2005-09-19,7.2,7.23,7.17,7.23,1800.0
2005-09-16,7.16,7.24,7.16,7.24,1000.0
2005-09-15,7.2,7.24,7.2,7.24,8800.0
2005-09-14,7.2,7.25,7.2,7.25,400.0
2005-09-13,7.21,7.23,7.21,7.21,1200.0
2005-09-12,7.29,7.32,7.2,7.24,7400.0
2005-09-09,7.2,7.3,7.2,7.29,900.0
2005-09-08,7.22,7.22,7.2,7.2,2700.0
2005-09-07,7.2,7.26,7.15,7.22,5100.0
2005-09-06,7.21,7.22,7.2,7.22,7300.0
2005-09-02,7.25,7.26,7.21,7.21,1300.0
2005-09-01,7.21,7.31,7.21,7.3,7400.0
2005-08-31,7.22,7.3,7.188,7.3,5700.0
2005-08-30,7.21,7.26,7.15,7.22,4900.0
2005-08-29,7.21,7.27,7.21,7.27,7800.0
2005-08-26,7.36,7.38,7.22,7.3,47300.0
2005-08-25,7.25,7.4,7.25,7.35,4700.0
2005-08-24,7.3,7.3,7.25,7.25,8000.0
2005-08-23,7.3,7.32,7.25,7.32,1900.0
2005-08-22,7.31,7.31,7.3,7.3,9800.0
2005-08-19,7.31,7.33,7.31,7.32,800.0
2005-08-18,7.3,7.35,7.3,7.34,3700.0
2005-08-17,7.4,7.4,7.33,7.37,3700.0
2005-08-16,7.48,7.5,7.3,7.35,5300.0
2005-08-15,7.8,7.8,7.44,7.44,13900.0
2005-08-12,7.3,7.4,7.25,7.4,5000.0
2005-08-11,7.3,7.45,7.3,7.35,5000.0
2005-08-10,7.57,7.57,7.31,7.34,9400.0
2005-08-09,7.55,7.8,7.55,7.62,39600.0
2005-08-08,7.7,7.78,7.55,7.56,29500.0
2005-08-05,7.59,7.8,7.59,7.75,45800.0
2005-08-04,7.25,7.5,7.25,7.5,13100.0
2005-08-03,7.21,7.25,7.21,7.25,1600.0
2005-08-02,7.25,7.39,7.23,7.39,5100.0
2005-08-01,7.35,7.35,7.23,7.35,10100.0
2005-07-29,7.4,7.49,7.32,7.49,3200.0
2005-07-28,7.45,7.48,7.32,7.48,1200.0
2005-07-27,7.46,7.49,7.362,7.41,5500.0
2005-07-26,7.49,7.49,7.4,7.41,3300.0
2005-07-25,7.4,7.47,7.4,7.47,2500.0
2005-07-22,7.4,7.4,7.4,7.4,300.0
2005-07-21,7.42,7.49,7.4,7.4,9600.0
2005-07-20,7.42,7.42,7.35,7.4,7400.0
2005-07-19,7.4,7.41,7.4,7.4,11200.0
2005-07-18,7.41,7.48,7.41,7.48,4000.0
2005-07-15,7.41,7.45,7.4,7.42,5000.0
2005-07-14,7.48,7.48,7.41,7.41,400.0
2005-07-13,7.42,7.45,7.4,7.45,600.0
2005-07-12,7.55,7.56,7.45,7.47,14500.0
2005-07-11,7.5,7.58,7.5,7.58,10900.0
2005-07-08,7.51,7.55,7.5,7.55,500.0
2005-07-07,7.5,7.55,7.5,7.54,11900.0
2005-07-06,7.53,7.55,7.5,7.55,7800.0
2005-07-05,7.57,7.58,7.51,7.58,1800.0
2005-07-01,7.5,7.54,7.5,7.5,3000.0
2005-06-30,7.5,7.55,7.5,7.55,7100.0
2005-06-29,7.55,7.58,7.5,7.5,3600.0
2005-06-28,7.5,7.6,7.5,7.55,2800.0
2005-06-27,7.5,7.56,7.5,7.52,8300.0
2005-06-24,7.46,7.57,7.46,7.5,8200.0
2005-06-23,7.51,7.59,7.5,7.5,16200.0
2005-06-22,7.4,7.56,7.4,7.51,21200.0
2005-06-21,7.57,7.59,7.4,7.4,2900.0
2005-06-20,7.64,7.69,7.37,7.58,13600.0
2005-06-17,7.44,7.74,7.41,7.69,53600.0
2005-06-16,7.36,7.4,7.36,7.4,3300.0
2005-06-15,7.35,7.4,7.31,7.4,3400.0
2005-06-14,7.4,7.41,7.31,7.4,6400.0
2005-06-13,7.4,7.45,7.4,7.44,6600.0
2005-06-10,7.43,7.45,7.4,7.4,1800.0
2005-06-09,7.46,7.46,7.4,7.45,1500.0
2005-06-08,7.4,7.5,7.4,7.5,11600.0
2005-06-07,7.5,7.5,7.4,7.44,4000.0
2005-06-06,7.4,7.44,7.352,7.44,4300.0
2005-06-03,7.47,7.5,7.4,7.45,21000.0
2005-06-02,7.5,7.5,7.45,7.45,6100.0
2005-06-01,7.45,7.5,7.45,7.48,4600.0
2005-05-31,7.5,7.5,7.45,7.48,3400.0
2005-05-27,7.41,7.49,7.38,7.48,8200.0
2005-05-26,7.4,7.41,7.35,7.41,600.0
2005-05-25,7.33,7.42,7.33,7.42,9300.0
2005-05-24,7.37,7.4,7.31,7.35,6500.0
2005-05-23,7.26,7.4,7.24,7.4,11200.0
2005-05-20,7.4,7.44,7.4,7.44,14400.0
2005-05-19,7.6,7.65,7.4,7.5,13400.0
2005-05-18,7.17,7.5,7.16,7.5,21800.0
2005-05-17,7.21,7.21,7.17,7.17,10400.0
2005-05-16,7.15,7.32,7.15,7.32,6700.0
2005-05-13,7.21,7.22,7.2,7.22,1500.0
2005-05-12,7.25,7.3,7.1,7.25,14500.0
2005-05-11,7.14,7.14,7.1,7.1,1800.0
2005-05-10,7.09,7.19,7.05,7.19,10700.0
2005-05-09,7.11,7.19,7.05,7.19,11200.0
2005-05-06,7.13,7.2,7.05,7.2,25200.0
2005-05-05,7.3,7.33,7.3,7.33,2000.0
2005-05-04,7.4,7.4,7.36,7.36,11500.0
2005-05-03,7.2,7.22,7.2,7.2,11100.0
2005-05-02,7.39,7.39,7.05,7.3,12100.0
2005-04-29,7.37,7.41,7.3,7.4,4700.0
2005-04-28,7.35,7.35,7.35,7.35,4100.0
2005-04-27,7.33,7.4,7.33,7.4,29500.0
2005-04-26,7.35,7.38,7.35,7.38,1400.0
2005-04-25,7.35,7.4,7.35,7.4,1000.0
2005-04-22,7.35,7.35,7.35,7.35,1500.0
2005-04-21,7.39,7.41,7.3,7.41,8700.0
2005-04-20,7.36,7.38,7.36,7.37,600.0
2005-04-19,7.35,7.37,7.35,7.37,2300.0
2005-04-18,7.35,7.39,7.35,7.39,1700.0
2005-04-15,7.35,7.4,7.35,7.4,2800.0
2005-04-14,7.39,7.39,7.35,7.38,4800.0
2005-04-13,7.35,7.41,7.33,7.39,12900.0
2005-04-12,7.4,7.4,7.3,7.35,12400.0
2005-04-11,7.25,7.35,7.22,7.3,17700.0
2005-04-08,7.35,7.35,7.32,7.34,10100.0
2005-04-07,7.4,7.41,7.35,7.41,400.0
2005-04-06,7.4,7.45,7.3,7.38,8900.0
2005-04-05,7.4,7.49,7.358,7.42,5800.0
2005-04-04,7.37,7.45,7.35,7.45,14400.0
2005-04-01,7.35,7.4,7.25,7.39,11900.0
2005-03-31,7.4,7.42,7.38,7.4,3000.0
2005-03-30,7.35,7.4,7.35,7.4,7700.0
2005-03-29,7.31,7.41,7.25,7.36,4900.0
2005-03-28,7.3,7.41,7.3,7.41,7200.0
2005-03-24,7.35,7.35,7.35,7.35,300.0
2005-03-23,7.35,7.36,7.23,7.36,9700.0
2005-03-22,7.43,7.45,7.39,7.39,9000.0
2005-03-21,7.41,7.47,7.4,7.45,10200.0
2005-03-18,7.31,7.43,7.26,7.41,17200.0
2005-03-17,7.2,7.4,7.15,7.39,12600.0
2005-03-16,7.15,7.16,7.1,7.12,3000.0
2005-03-15,7.2,7.3,7.2,7.2,4500.0
2005-03-14,7.25,7.26,7.2,7.22,3600.0
2005-03-11,7.25,7.33,7.25,7.25,5000.0
2005-03-10,7.3,7.36,7.21,7.26,15500.0
2005-03-09,7.4,7.45,7.38,7.39,8700.0
2005-03-08,7.4,7.49,7.4,7.42,3000.0
2005-03-07,7.4,7.45,7.4,7.4,300.0
2005-03-04,7.4,7.4,7.4,7.4,5400.0
2005-03-03,7.4,7.5,7.4,7.4,3700.0
2005-03-02,7.35,7.51,7.3,7.39,40400.0
2005-03-01,7.25,7.36,7.25,7.33,25800.0
2005-02-28,7.22,7.34,7.22,7.34,5900.0
2005-02-25,7.2,7.24,7.08,7.22,61300.0
2005-02-24,7.3,7.3,7.06,7.23,40000.0
2005-02-23,7.3,7.37,7.3,7.33,2000.0
2005-02-22,7.32,7.33,7.3,7.3,5200.0
2005-02-18,7.33,7.4,7.3,7.4,5000.0
2005-02-17,7.37,7.4,7.33,7.36,13600.0
2005-02-16,7.35,7.43,7.35,7.4,7500.0
2005-02-15,7.45,7.46,7.36,7.4,21600.0
2005-02-14,7.6,7.6,7.3,7.5,28800.0
2005-02-11,7.65,7.65,7.55,7.59,7900.0
2005-02-10,7.72,7.74,7.66,7.74,11700.0
2005-02-09,7.62,7.73,7.62,7.73,4600.0
2005-02-08,7.65,7.73,7.65,7.7,2300.0
2005-02-07,7.65,7.66,7.608,7.66,1100.0
2005-02-04,7.7,7.75,7.65,7.65,2300.0
2005-02-03,7.75,7.83,7.65,7.75,3400.0
2005-02-02,7.75,7.75,7.75,7.75,200.0
2005-02-01,7.8,7.8,7.75,7.79,600.0
2005-01-31,7.6,7.8,7.6,7.78,2000.0
2005-01-28,7.61,7.67,7.6,7.6,1900.0
2005-01-27,7.61,7.66,7.55,7.66,4800.0
2005-01-26,7.7,7.71,7.65,7.66,3400.0
2005-01-25,7.75,7.85,7.71,7.72,5000.0
2005-01-24,7.85,7.95,7.81,7.81,2600.0
2005-01-21,7.9,7.91,7.9,7.91,3200.0
2005-01-20,7.9,7.99,7.9,7.98,12200.0
2005-01-19,7.7,7.89,7.7,7.86,7500.0
2005-01-18,7.8,7.8,7.7,7.71,8300.0
2005-01-14,7.9,7.9,7.67,7.86,7600.0
2005-01-13,8.0,8.01,8.0,8.0,22900.0
2005-01-12,8.0,8.04,8.0,8.01,6500.0
2005-01-11,8.15,8.15,8.01,8.01,3500.0
2005-01-10,7.92,8.1,7.92,8.08,65700.0
2005-01-07,7.91,7.99,7.91,7.97,7000.0
2005-01-06,7.95,7.95,7.9,7.95,3400.0
2005-01-05,7.9,7.92,7.87,7.92,16300.0
2005-01-04,7.83,7.92,7.83,7.86,43400.0
2005-01-03,7.75,7.83,7.72,7.81,23200.0
2004-12-31,7.72,7.83,7.72,7.82,3400.0
2004-12-30,7.75,7.8,7.72,7.73,13000.0
2004-12-29,7.72,7.75,7.72,7.74,300.0
2004-12-28,7.75,7.82,7.71,7.72,4400.0
2004-12-27,7.73,7.82,7.71,7.75,8000.0
2004-12-23,7.7,7.83,7.7,7.83,10300.0
2004-12-22,7.7,7.72,7.7,7.7,4600.0
2004-12-21,7.75,7.75,7.7,7.7,10500.0
2004-12-20,7.73,7.79,7.7,7.75,21000.0
2004-12-17,7.7,7.71,7.7,7.7,1700.0
2004-12-16,7.65,7.75,7.65,7.71,26900.0
2004-12-15,7.71,7.73,7.62,7.73,49600.0
2004-12-14,7.7,7.75,7.7,7.7,7300.0
2004-12-13,7.7,7.7,7.7,7.7,2600.0
2004-12-10,7.7,7.75,7.7,7.7,8500.0
2004-12-09,7.65,7.71,7.65,7.71,7900.0
2004-12-08,7.7,7.72,7.62,7.65,9700.0
2004-12-07,7.72,7.72,7.7,7.7,7200.0
2004-12-06,7.75,7.75,7.72,7.72,2400.0
2004-12-03,7.75,7.77,7.75,7.76,9200.0
2004-12-02,7.78,7.83,7.75,7.75,33700.0
2004-12-01,7.7,7.8,7.7,7.78,28900.0
2004-11-30,7.69,7.7,7.62,7.63,10400.0
2004-11-29,7.72,7.8,7.61,7.69,14600.0
2004-11-26,7.75,7.75,7.7,7.73,3100.0
2004-11-24,7.55,7.7,7.55,7.7,14500.0
2004-11-23,7.5,7.65,7.49,7.65,4600.0
2004-11-22,7.6,7.65,7.55,7.56,2500.0
2004-11-19,7.3,7.6,7.3,7.6,115200.0
2004-11-18,7.25,7.34,7.25,7.34,4200.0
2004-11-17,7.28,7.34,7.23,7.26,4900.0
2004-11-16,7.29,7.31,7.2,7.23,39100.0
2004-11-15,7.25,7.3,7.2,7.28,7500.0
2004-11-12,7.35,7.36,7.3,7.3,7800.0
2004-11-11,7.4,7.4,7.29,7.3,8000.0
2004-11-10,7.27,7.35,7.27,7.3,5900.0
2004-11-09,7.35,7.39,7.3,7.3,9100.0
2004-11-08,7.4,7.4,7.3,7.34,8500.0
2004-11-05,7.27,7.37,7.26,7.33,7500.0
2004-11-04,7.35,7.39,7.22,7.26,15400.0
2004-11-03,7.25,7.26,7.16,7.25,9400.0
2004-11-02,7.1,7.2,7.0,7.18,9300.0
2004-11-01,7.15,7.15,7.1,7.15,5900.0
2004-10-29,7.14,7.2,7.1,7.2,107200.0
2004-10-28,6.95,7.1,6.88,7.1,30700.0
2004-10-27,6.75,6.9,6.75,6.85,6300.0
2004-10-26,6.72,6.81,6.72,6.8,3500.0
2004-10-25,6.72,6.72,6.7,6.71,2500.0
2004-10-22,6.7,6.72,6.65,6.71,4300.0
2004-10-21,6.7,6.7,6.65,6.7,17800.0
2004-10-20,6.7,6.7,6.7,6.7,4100.0
2004-10-19,6.7,6.75,6.7,6.7,10000.0
2004-10-18,6.73,6.74,6.7,6.73,7700.0
2004-10-15,6.74,6.74,6.72,6.74,19800.0
2004-10-14,6.73,6.8,6.72,6.73,6800.0
2004-10-13,6.76,6.77,6.7,6.7,22300.0
2004-10-12,6.7,6.8,6.7,6.76,31100.0
2004-10-11,6.81,6.81,6.7,6.74,14000.0
2004-10-08,6.85,6.9,6.75,6.77,29300.0
2004-10-07,6.96,7.0,6.7,6.86,25100.0
2004-10-06,7.01,7.01,6.99,7.0,25300.0
2004-10-05,7.1,7.1,6.75,7.0,14400.0
2004-10-04,7.1,7.11,7.0,7.05,12800.0
2004-10-01,7.23,7.24,7.12,7.12,4000.0
2004-09-30,7.15,7.2,7.12,7.2,4200.0
2004-09-29,7.15,7.15,7.15,7.15,3200.0
2004-09-28,7.15,7.15,7.15,7.15,5400.0
2004-09-27,7.1,7.2,7.1,7.2,5500.0
2004-09-24,7.12,7.17,7.12,7.15,2400.0
2004-09-23,7.2,7.2,7.1,7.15,3500.0
2004-09-22,7.18,7.2,7.07,7.1,14600.0
2004-09-21,7.2,7.27,7.12,7.12,7600.0
2004-09-20,7.2,7.3,7.2,7.24,106200.0
2004-09-17,7.15,7.2,7.1,7.1,6800.0
2004-09-16,6.77,7.45,6.77,7.2,66000.0
2004-09-15,6.77,6.77,6.77,6.77,0.0
2004-09-14,6.8,6.8,6.71,6.77,4800.0
2004-09-13,6.85,6.85,6.85,6.85,4400.0
2004-09-10,6.75,6.85,6.75,6.85,4900.0
2004-09-09,6.85,6.9,6.78,6.8,14000.0
2004-09-08,6.75,6.9,6.75,6.89,10300.0
2004-09-07,6.83,6.98,6.8,6.8,14500.0
2004-09-03,6.84,7.01,6.84,6.98,10700.0
2004-09-02,6.6,6.9,6.6,6.79,5600.0
2004-09-01,6.71,6.75,6.65,6.67,14200.0
2004-08-31,6.61,6.8,6.6,6.8,4600.0
2004-08-30,6.65,6.7,6.61,6.64,2700.0
2004-08-27,6.61,6.7,6.6,6.7,4700.0
2004-08-26,6.65,6.65,6.6,6.65,8700.0
2004-08-25,6.6,6.72,6.6,6.72,8300.0
2004-08-24,6.56,6.6,6.55,6.6,3400.0
2004-08-23,6.56,6.56,6.51,6.53,3700.0
2004-08-20,6.59,6.61,6.55,6.61,13700.0
2004-08-19,6.5,6.6,6.5,6.6,3100.0
2004-08-18,6.5,6.5,6.5,6.5,1600.0
2004-08-17,6.5,6.55,6.5,6.51,16900.0
2004-08-16,6.49,6.55,6.49,6.52,7900.0
2004-08-13,6.5,6.56,6.5,6.5,2900.0
2004-08-12,6.47,6.51,6.47,6.51,700.0
2004-08-11,6.5,6.52,6.48,6.48,17600.0
2004-08-10,6.51,6.56,6.5,6.53,9100.0
2004-08-09,6.5,6.55,6.48,6.55,6600.0
2004-08-06,6.6,6.65,6.55,6.55,1100.0
2004-08-05,6.47,6.5,6.46,6.5,6100.0
2004-08-04,6.52,6.52,6.39,6.52,7100.0
2004-08-03,6.52,6.52,6.5,6.52,7100.0
2004-08-02,6.56,6.69,6.5,6.6,51300.0
2004-07-30,6.52,6.68,6.52,6.66,3700.0
2004-07-29,6.53,6.54,6.52,6.54,2600.0
2004-07-28,6.52,6.61,6.52,6.61,1400.0
2004-07-27,6.52,6.69,6.52,6.53,5100.0
2004-07-26,6.51,6.54,6.49,6.54,13500.0
2004-07-23,6.51,6.52,6.5,6.5,6500.0
2004-07-22,6.5,6.54,6.5,6.51,4900.0
2004-07-21,6.65,6.65,6.55,6.55,1100.0
2004-07-20,6.6,6.67,6.52,6.67,6300.0
2004-07-19,6.55,6.7,6.55,6.68,17900.0
2004-07-16,6.5,6.55,6.5,6.55,12200.0
2004-07-15,6.5,6.65,6.5,6.6,1400.0
2004-07-14,6.52,6.52,6.5,6.52,10700.0
2004-07-13,6.56,6.56,6.52,6.53,6200.0
2004-07-12,6.5,6.65,6.5,6.56,16500.0
2004-07-09,6.53,6.53,6.5,6.5,10200.0
2004-07-08,6.6,6.75,6.55,6.57,12000.0
2004-07-07,6.56,6.6,6.56,6.6,4200.0
2004-07-06,6.6,6.62,6.6,6.6,2500.0
2004-07-02,6.7,6.7,6.6,6.67,7300.0
2004-07-01,6.62,6.75,6.55,6.61,11200.0
2004-06-30,6.47,6.7,6.47,6.7,7400.0
2004-06-29,6.45,6.55,6.45,6.45,7800.0
2004-06-28,6.48,6.5,6.45,6.5,3100.0
2004-06-25,6.5,6.5,6.46,6.5,2500.0
2004-06-24,6.49,6.55,6.41,6.55,18200.0
2004-06-23,6.45,6.5,6.41,6.49,9000.0
2004-06-22,6.46,6.47,6.45,6.45,4400.0
2004-06-21,6.5,6.5,6.486,6.5,700.0
2004-06-18,6.58,6.58,6.45,6.51,14000.0
2004-06-17,6.45,6.58,6.45,6.55,8200.0
2004-06-16,6.47,6.47,6.41,6.41,17300.0
2004-06-15,6.45,6.54,6.42,6.54,6400.0
2004-06-14,6.45,6.5,6.45,6.5,1300.0
2004-06-10,6.5,6.5,6.4,6.45,11200.0
2004-06-09,6.45,6.52,6.45,6.5,2500.0
2004-06-08,6.55,6.55,6.5,6.5,2100.0
2004-06-07,6.38,6.45,6.38,6.45,10200.0
2004-06-04,6.45,6.48,6.43,6.48,4800.0
2004-06-03,6.46,6.52,6.46,6.52,3900.0
2004-06-02,6.4,6.53,6.4,6.53,3700.0
2004-06-01,6.45,6.5,6.4,6.42,2100.0
2004-05-28,6.4,6.51,6.32,6.51,16600.0
2004-05-27,6.32,6.48,6.32,6.45,15600.0
2004-05-26,6.35,6.35,6.35,6.35,3200.0
2004-05-25,6.35,6.4,6.32,6.38,20900.0
2004-05-24,6.4,6.4,6.35,6.4,2700.0
2004-05-21,6.4,6.47,6.32,6.4,17100.0
2004-05-20,6.55,6.6,6.44,6.5,13800.0
2004-05-19,6.55,6.61,6.55,6.57,10200.0
2004-05-18,6.65,6.74,6.61,6.61,2500.0
2004-05-17,6.7,6.75,6.65,6.72,1800.0
2004-05-14,6.75,6.8,6.75,6.8,1900.0
2004-05-13,6.88,6.88,6.8,6.84,2000.0
2004-05-12,6.8,6.87,6.7,6.78,20500.0
2004-05-11,6.91,6.95,6.9,6.9,5900.0
2004-05-10,7.25,7.25,6.9,7.0,19300.0
2004-05-07,7.68,7.68,7.15,7.35,19900.0
2004-05-06,7.65,7.78,7.65,7.71,51400.0
2004-05-05,7.37,7.63,7.35,7.63,65400.0
2004-05-04,7.25,7.4,7.25,7.37,46400.0
2004-05-03,7.01,7.24,6.95,7.24,68300.0
2004-04-30,6.9,7.0,6.9,7.0,5700.0
2004-04-29,7.1,7.15,6.9,6.9,21600.0
2004-04-28,6.85,7.0,6.85,7.0,6900.0
2004-04-27,6.8,6.91,6.7,6.91,18500.0
2004-04-26,6.85,6.85,6.8,6.84,1500.0
2004-04-23,7.0,7.0,6.9,6.93,16400.0
2004-04-22,6.8,7.12,6.8,6.94,17100.0
2004-04-21,6.72,6.87,6.72,6.87,5900.0
2004-04-20,6.5,6.77,6.5,6.74,15900.0
2004-04-19,6.55,6.59,6.45,6.51,2100.0
2004-04-16,6.4,6.5,6.35,6.5,8500.0
2004-04-15,6.5,6.5,6.25,6.45,27100.0
2004-04-14,6.7,6.7,6.52,6.52,3600.0
2004-04-13,6.5,6.73,6.5,6.71,13800.0
2004-04-12,6.55,6.55,6.5,6.5,3800.0
2004-04-08,6.5,6.6,6.5,6.55,6900.0
2004-04-07,6.4,6.5,6.4,6.5,14300.0
2004-04-06,6.47,6.5,6.33,6.44,13700.0
2004-04-05,6.55,6.6,6.41,6.45,15600.0
2004-04-02,6.62,6.63,6.5,6.6,4100.0
2004-04-01,6.7,6.85,6.62,6.62,19800.0
2004-03-31,6.57,6.57,6.5,6.5,19000.0
2004-03-30,6.56,6.58,6.56,6.58,6600.0
2004-03-29,6.55,6.58,6.52,6.57,10400.0
2004-03-26,6.74,6.75,6.56,6.59,9500.0
2004-03-25,6.76,6.76,6.75,6.75,3300.0
2004-03-24,7.0,7.04,6.7,6.79,26100.0
2004-03-23,6.98,6.98,6.94,6.96,8200.0
2004-03-22,6.75,6.97,6.75,6.94,37600.0
2004-03-19,6.6,6.72,6.6,6.7,13300.0
2004-03-18,6.72,6.72,6.63,6.65,12300.0
2004-03-17,6.55,6.7,6.55,6.66,30000.0
2004-03-16,6.35,6.59,6.22,6.54,57600.0
2004-03-15,6.45,6.46,6.36,6.36,6300.0
2004-03-12,6.45,6.49,6.45,6.49,2900.0
2004-03-11,6.49,6.49,6.49,6.49,3400.0
2004-03-10,6.32,6.5,6.32,6.49,4700.0
2004-03-09,6.35,6.35,6.2,6.32,47000.0
2004-03-08,6.62,6.62,6.3,6.39,49000.0
2004-03-05,6.55,6.57,6.5,6.55,8700.0
2004-03-04,6.8,6.8,6.55,6.65,7600.0
2004-03-03,6.85,6.85,6.75,6.8,9400.0
2004-03-02,6.85,6.95,6.7,6.95,9800.0
2004-03-01,6.61,6.9,6.61,6.9,14200.0
2004-02-27,6.45,6.51,6.45,6.51,5900.0
2004-02-26,6.3,6.36,6.28,6.36,3000.0
2004-02-25,6.4,6.4,6.28,6.35,20400.0
2004-02-24,6.5,6.5,6.35,6.4,10200.0
2004-02-23,6.5,6.55,6.48,6.5,20500.0
2004-02-20,6.6,6.61,6.48,6.5,22400.0
2004-02-19,6.75,6.75,6.5,6.6,31900.0
2004-02-18,6.85,6.9,6.77,6.8,23100.0
2004-02-17,6.86,6.96,6.85,6.85,35800.0
2004-02-13,6.68,6.95,6.67,6.86,18100.0
2004-02-12,6.45,6.69,6.45,6.69,68700.0
2004-02-11,6.64,6.68,6.25,6.45,58000.0
2004-02-10,6.45,6.67,6.43,6.61,60400.0
2004-02-09,6.45,6.52,6.35,6.47,89600.0
2004-02-06,6.7,6.8,6.55,6.61,32800.0
2004-02-05,6.7,6.79,6.32,6.67,98700.0
2004-02-04,7.0,7.0,6.5,6.74,104100.0
2004-02-03,6.95,7.0,6.6,7.0,48800.0
2004-02-02,7.51,7.51,6.9,7.01,66300.0
2004-01-30,7.2,7.52,7.2,7.51,42900.0
2004-01-29,7.2,7.21,7.05,7.21,34400.0
2004-01-28,7.5,7.51,7.15,7.26,32100.0
2004-01-27,7.7,7.77,7.4,7.5,37500.0
2004-01-26,7.32,7.65,7.32,7.65,16000.0
2004-01-23,7.35,7.38,7.31,7.31,19600.0
2004-01-22,7.22,7.3,7.15,7.3,23100.0
2004-01-21,7.12,7.2,7.04,7.12,15200.0
2004-01-20,7.05,7.11,7.02,7.08,19300.0
2004-01-16,6.8,6.95,6.6,6.95,68800.0
2004-01-15,6.68,6.76,6.68,6.73,28800.0
2004-01-14,6.5,6.66,6.5,6.66,26900.0
2004-01-13,6.4,6.53,6.4,6.49,12000.0
2004-01-12,6.29,6.41,6.2,6.33,19400.0
2004-01-09,6.35,6.35,6.11,6.19,29700.0
2004-01-08,6.21,6.33,6.21,6.29,42200.0
2004-01-07,6.18,6.18,6.12,6.16,6300.0
2004-01-06,6.15,6.22,6.11,6.17,14900.0
2004-01-05,6.12,6.15,6.1,6.15,14700.0
2004-01-02,6.08,6.25,6.08,6.18,44900.0
2003-12-31,6.08,6.19,6.07,6.1,17000.0
2003-12-30,6.25,6.25,6.1,6.1,32100.0
2003-12-29,6.16,6.25,6.15,6.15,22000.0
2003-12-26,6.1,6.15,6.06,6.15,4400.0
2003-12-24,6.08,6.1,6.08,6.1,4200.0
2003-12-23,6.0,6.08,5.95,6.08,23600.0
2003-12-22,5.93,5.97,5.9,5.97,5200.0
2003-12-19,5.75,5.97,5.74,5.95,34200.0
2003-12-18,5.78,5.8,5.76,5.78,5300.0
2003-12-17,5.65,5.77,5.65,5.76,83400.0
2003-12-16,5.8,5.8,5.67,5.69,20600.0
2003-12-15,5.85,5.91,5.75,5.77,10100.0
2003-12-12,5.87,5.87,5.8,5.83,17000.0
2003-12-11,5.8,5.95,5.8,5.88,14700.0
2003-12-10,5.94,5.94,5.75,5.8,15400.0
2003-12-09,5.7,5.97,5.7,5.93,53700.0
2003-12-08,5.79,5.9,5.79,5.88,7600.0
2003-12-05,5.71,5.8,5.7,5.8,51500.0
2003-12-04,5.75,5.8,5.71,5.71,12400.0
2003-12-03,5.7,5.78,5.7,5.75,12800.0
2003-12-02,5.65,5.84,5.65,5.76,23000.0
2003-12-01,5.38,5.6,5.38,5.6,233800.0
2003-11-28,5.55,5.55,5.39,5.4,64400.0
2003-11-26,5.31,5.5,5.2,5.45,65000.0
2003-11-25,5.21,5.26,5.18,5.21,6500.0
2003-11-24,5.3,5.31,5.22,5.24,1800.0
2003-11-21,5.29,5.29,5.21,5.21,8000.0
2003-11-20,5.2,5.3,5.1,5.3,32000.0
2003-11-19,5.25,5.29,5.2,5.23,2600.0
2003-11-18,5.1,5.35,5.1,5.25,15200.0
2003-11-17,5.15,5.15,5.01,5.11,13400.0
2003-11-14,5.3,5.31,5.21,5.21,16200.0
2003-11-13,5.45,5.45,5.29,5.3,18300.0
2003-11-12,5.48,5.5,5.45,5.45,6600.0
2003-11-11,5.4,5.49,5.4,5.41,7200.0
2003-11-10,5.49,5.51,5.4,5.42,11300.0
2003-11-07,5.4,5.55,5.4,5.49,14700.0
2003-11-06,5.37,5.45,5.37,5.4,3000.0
2003-11-05,5.32,5.4,5.32,5.36,4500.0
2003-11-04,5.4,5.4,5.32,5.34,5200.0
2003-11-03,5.4,5.49,5.4,5.4,7100.0
2003-10-31,5.48,5.5,5.45,5.45,4600.0
2003-10-30,5.4,5.55,5.4,5.5,52600.0
2003-10-29,5.4,5.41,5.3,5.35,18600.0
2003-10-28,5.3,5.42,5.3,5.39,13000.0
2003-10-27,5.41,5.42,5.35,5.35,6200.0
2003-10-24,5.42,5.43,5.41,5.41,600.0
2003-10-23,5.46,5.46,5.43,5.44,400.0
2003-10-22,5.43,5.49,5.38,5.45,4200.0
2003-10-21,5.35,5.45,5.3,5.45,13200.0
2003-10-20,5.4,5.4,5.4,5.4,0.0
2003-10-17,5.38,5.4,5.35,5.4,3400.0
2003-10-16,5.36,5.4,5.25,5.4,144200.0
2003-10-15,5.5,5.5,5.4,5.4,13600.0
2003-10-14,5.54,5.54,5.5,5.5,14000.0
2003-10-13,5.51,5.58,5.51,5.54,2000.0
2003-10-10,5.56,5.56,5.5,5.54,13400.0
2003-10-09,5.51,5.56,5.51,5.53,15200.0
2003-10-08,5.5,5.51,5.5,5.51,6400.0
2003-10-07,5.52,5.52,5.5,5.5,5600.0
2003-10-06,5.52,5.55,5.52,5.52,3900.0
2003-10-03,5.5,5.56,5.5,5.53,3900.0
2003-10-02,5.53,5.53,5.5,5.5,3700.0
2003-10-01,5.55,5.58,5.5,5.55,16500.0
2003-09-30,5.4,5.55,5.4,5.54,52000.0
2003-09-29,5.46,5.47,5.33,5.36,36000.0
2003-09-26,5.49,5.55,5.46,5.48,19500.0
2003-09-25,5.52,5.52,5.49,5.49,23400.0
2003-09-24,5.55,5.58,5.5,5.51,13800.0
2003-09-23,5.51,5.55,5.5,5.55,26800.0
2003-09-22,5.52,5.52,5.49,5.5,6800.0
2003-09-19,5.53,5.55,5.52,5.54,12900.0
2003-09-18,5.55,5.64,5.52,5.54,4200.0
2003-09-17,5.56,5.6,5.51,5.6,8100.0
2003-09-16,5.53,5.55,5.5,5.5,4300.0
2003-09-15,5.51,5.58,5.5,5.51,4000.0
2003-09-12,5.5,5.53,5.5,5.52,8000.0
2003-09-11,5.54,5.56,5.5,5.5,13100.0
2003-09-10,5.45,5.55,5.41,5.51,23900.0
2003-09-09,5.41,5.42,5.4,5.4,65700.0
2003-09-08,5.33,5.4,5.33,5.39,7600.0
2003-09-05,5.28,5.33,5.26,5.33,14300.0
2003-09-04,5.3,5.31,5.2,5.31,11300.0
2003-09-03,5.31,5.33,5.26,5.33,20900.0
2003-09-02,5.43,5.48,5.3,5.33,45200.0
2003-08-29,5.37,5.5,5.31,5.38,79700.0
2003-08-28,5.45,5.45,5.3,5.3,12900.0
2003-08-27,5.41,5.52,5.35,5.52,14700.0
2003-08-26,5.45,5.47,5.41,5.41,4800.0
2003-08-25,5.46,5.48,5.45,5.46,3600.0
2003-08-22,5.45,5.52,5.43,5.52,12900.0
2003-08-21,5.51,5.53,5.45,5.5,14700.0
2003-08-20,5.37,5.55,5.26,5.5,23300.0
2003-08-19,5.43,5.44,5.32,5.32,10100.0
2003-08-18,5.44,5.44,5.4,5.43,10200.0
2003-08-15,5.53,5.53,5.45,5.45,800.0
2003-08-14,5.45,5.55,5.45,5.55,11100.0
2003-08-13,5.61,5.61,5.55,5.55,1100.0
2003-08-12,5.51,5.63,5.46,5.63,29100.0
2003-08-11,5.5,5.64,5.46,5.58,16700.0
2003-08-08,5.55,5.56,5.46,5.46,11700.0
2003-08-07,5.6,5.62,5.55,5.55,13100.0
2003-08-06,5.47,5.65,5.47,5.65,9500.0
2003-08-05,5.6,5.6,5.47,5.49,24400.0
2003-08-04,5.75,5.75,5.7,5.7,5000.0
2003-08-01,5.83,5.83,5.8,5.8,400.0
2003-07-31,5.7,5.86,5.61,5.86,30300.0
2003-07-30,5.74,5.78,5.71,5.77,5500.0
2003-07-29,5.68,5.89,5.6,5.84,6700.0
2003-07-28,5.7,5.85,5.66,5.78,6300.0
2003-07-25,5.84,5.84,5.72,5.72,6500.0
2003-07-24,5.54,5.75,5.53,5.75,7400.0
2003-07-23,5.62,5.75,5.45,5.5,31100.0
2003-07-22,5.91,5.91,5.65,5.7,36700.0
2003-07-21,5.98,5.98,5.96,5.96,5900.0
2003-07-18,6.0,6.0,5.98,5.99,3800.0
2003-07-17,6.03,6.05,6.0,6.02,4200.0
2003-07-16,6.0,6.06,5.99,6.02,33000.0
2003-07-15,5.95,6.04,5.8,6.0,18700.0
2003-07-14,5.75,5.99,5.75,5.95,10600.0
2003-07-11,5.75,5.85,5.75,5.85,9600.0
2003-07-10,5.77,5.78,5.77,5.77,1700.0
2003-07-09,5.8,5.8,5.8,5.8,4100.0
2003-07-08,5.8,5.84,5.77,5.81,5900.0
2003-07-07,5.8,5.85,5.79,5.8,9400.0
2003-07-03,5.8,5.86,5.8,5.85,5200.0
2003-07-02,5.94,5.94,5.8,5.85,14000.0
2003-07-01,5.95,6.0,5.9,5.92,23300.0
2003-06-30,5.94,5.98,5.9,5.96,15300.0
2003-06-27,5.79,5.89,5.79,5.89,5500.0
2003-06-26,5.65,5.76,5.65,5.76,13500.0
2003-06-25,5.65,5.76,5.62,5.75,10600.0
2003-06-24,5.75,5.83,5.58,5.69,20000.0
2003-06-23,5.75,5.81,5.7,5.81,2100.0
2003-06-20,5.8,5.84,5.75,5.8,10200.0
2003-06-19,5.89,5.89,5.77,5.8,4700.0
2003-06-18,5.82,5.86,5.81,5.85,1800.0
2003-06-17,5.8,5.84,5.76,5.81,5100.0
2003-06-16,5.86,5.89,5.86,5.87,3400.0
2003-06-13,5.76,5.83,5.76,5.81,8000.0
2003-06-12,5.71,5.79,5.7,5.77,2600.0
2003-06-11,5.77,5.79,5.6,5.68,14300.0
2003-06-10,5.85,5.9,5.76,5.77,16700.0
2003-06-09,6.0,6.01,5.85,5.85,89500.0
2003-06-06,5.4,5.45,5.4,5.45,10400.0
2003-06-05,5.25,5.35,5.25,5.35,22000.0
2003-06-04,5.5,5.5,5.2,5.25,22000.0
2003-06-03,5.19,5.28,5.19,5.25,10300.0
2003-06-02,5.1,5.2,5.0,5.19,12200.0
2003-05-30,5.16,5.25,5.07,5.2,25700.0
2003-05-29,5.11,5.2,5.11,5.19,32500.0
2003-05-28,5.0,5.14,4.95,5.13,37200.0
2003-05-27,5.0,5.07,5.0,5.04,2400.0
2003-05-23,4.93,5.03,4.93,5.03,1200.0
2003-05-22,5.03,5.05,4.95,5.01,7600.0
2003-05-21,4.95,5.04,4.95,5.03,5700.0
2003-05-20,5.0,5.03,4.95,5.01,18400.0
2003-05-19,5.05,5.11,4.96,5.05,25200.0
2003-05-16,4.9,5.15,4.9,5.11,55800.0
2003-05-15,4.79,4.9,4.79,4.9,22200.0
2003-05-14,4.82,4.84,4.65,4.71,9000.0
2003-05-13,4.76,4.82,4.65,4.75,22300.0
2003-05-12,4.75,4.82,4.75,4.78,38900.0
2003-05-09,4.7,4.8,4.66,4.78,22000.0
2003-05-08,4.82,4.82,4.75,4.75,5100.0
2003-05-07,4.73,4.8,4.71,4.8,10100.0
2003-05-06,4.7,4.75,4.6,4.75,25900.0
2003-05-05,4.49,4.74,4.49,4.73,32100.0
2003-05-02,4.5,4.57,4.37,4.46,26200.0
2003-05-01,4.6,4.6,4.47,4.59,6900.0
2003-04-30,4.64,4.64,4.5,4.63,20200.0
2003-04-29,4.6,4.65,4.6,4.65,14200.0
2003-04-28,4.6,4.7,4.55,4.56,6500.0
2003-04-25,4.65,4.65,4.62,4.62,4300.0
2003-04-24,4.63,4.73,4.63,4.7,4900.0
2003-04-23,4.73,4.73,4.46,4.65,15600.0
2003-04-22,4.75,4.79,4.74,4.79,5600.0
2003-04-21,4.8,4.8,4.75,4.75,4400.0
2003-04-17,4.6,4.85,4.6,4.81,21700.0
2003-04-16,4.6,4.72,4.5,4.72,9500.0
2003-04-15,4.6,4.72,4.6,4.66,7000.0
2003-04-14,4.61,4.7,4.55,4.7,3700.0
2003-04-11,4.69,4.7,4.63,4.68,11400.0
2003-04-10,4.55,4.7,4.55,4.7,16500.0
2003-04-09,4.61,4.65,4.61,4.62,11800.0
2003-04-08,4.61,4.73,4.61,4.65,7900.0
2003-04-07,4.6,4.73,4.5,4.59,14800.0
2003-04-04,4.55,4.66,4.55,4.65,1800.0
2003-04-03,4.6,4.68,4.6,4.65,4400.0
2003-04-02,4.74,4.75,4.7,4.7,1700.0
2003-04-01,4.8,4.8,4.64,4.75,9800.0
2003-03-31,4.74,4.88,4.74,4.88,11500.0
2003-03-28,4.6,4.65,4.6,4.65,5600.0
2003-03-27,4.61,4.63,4.61,4.62,1700.0
2003-03-26,4.64,4.7,4.62,4.66,2100.0
2003-03-25,4.65,4.8,4.6,4.7,2500.0
2003-03-24,4.7,4.75,4.61,4.71,800.0
2003-03-21,4.68,4.75,4.65,4.74,1700.0
2003-03-20,4.7,4.7,4.66,4.66,1500.0
2003-03-19,4.7,4.7,4.61,4.69,2900.0
2003-03-18,4.65,4.71,4.55,4.71,11600.0
2003-03-17,4.65,4.71,4.65,4.68,3400.0
2003-03-14,4.7,4.71,4.6,4.71,11500.0
2003-03-13,4.65,4.78,4.65,4.73,9500.0
2003-03-12,4.68,4.7,4.45,4.7,33100.0
2003-03-11,4.67,4.75,4.66,4.68,24100.0
2003-03-10,4.7,4.7,4.7,4.7,7100.0
2003-03-07,4.85,4.85,4.8,4.8,7800.0
2003-03-06,4.86,4.86,4.85,4.85,4300.0
2003-03-05,4.88,4.92,4.85,4.87,6700.0
2003-03-04,4.9,4.91,4.81,4.81,26000.0
2003-03-03,5.0,5.0,4.9,4.91,27500.0
2003-02-28,5.0,5.05,4.86,5.05,55700.0
2003-02-27,5.0,5.1,5.0,5.02,17200.0
2003-02-26,5.1,5.11,5.09,5.1,8900.0
2003-02-25,5.05,5.14,5.0,5.14,15200.0
2003-02-24,5.05,5.11,5.0,5.01,16300.0
2003-02-21,5.18,5.21,5.13,5.15,8000.0
2003-02-20,5.18,5.2,5.1,5.2,18800.0
2003-02-19,5.18,5.18,5.18,5.18,2200.0
2003-02-18,5.2,5.2,5.18,5.18,8700.0
2003-02-14,5.22,5.22,5.21,5.21,700.0
2003-02-13,5.17,5.22,5.17,5.21,8200.0
2003-02-12,5.19,5.24,5.17,5.18,6800.0
2003-02-11,5.24,5.24,5.16,5.18,8300.0
2003-02-10,5.24,5.24,5.22,5.22,9800.0
2003-02-07,5.31,5.34,5.2,5.3,17600.0
2003-02-06,5.29,5.32,5.29,5.32,600.0
2003-02-05,5.2,5.38,5.18,5.32,6600.0
2003-02-04,5.23,5.25,5.12,5.25,1300.0
2003-02-03,5.33,5.33,5.23,5.23,1900.0
2003-01-31,5.27,5.34,5.22,5.33,8500.0
2003-01-30,5.21,5.3,5.21,5.27,16900.0
2003-01-29,5.01,5.19,5.0,5.19,27200.0
2003-01-28,5.01,5.19,5.0,5.19,17000.0
2003-01-27,5.15,5.16,4.9,5.0,21600.0
2003-01-24,5.21,5.25,5.19,5.2,29400.0
2003-01-23,5.2,5.24,5.13,5.24,6200.0
2003-01-22,5.1,5.18,5.0,5.14,15600.0
2003-01-21,5.02,5.15,5.02,5.1,7800.0
2003-01-17,5.05,5.07,4.9,5.04,27500.0
2003-01-16,5.17,5.17,5.05,5.05,12300.0
2003-01-15,5.12,5.35,5.12,5.17,54400.0
2003-01-14,4.6,5.08,4.6,5.02,102300.0
2003-01-13,4.5,4.55,4.45,4.5,15300.0
2003-01-10,4.5,4.55,4.45,4.52,12200.0
2003-01-09,4.6,4.64,4.5,4.57,62900.0
2003-01-08,4.41,4.47,4.4,4.47,3600.0
2003-01-07,4.4,4.6,4.26,4.26,58100.0
2003-01-06,4.55,4.55,4.36,4.44,13000.0
2003-01-03,4.8,4.85,4.51,4.6,35100.0
2003-01-02,4.85,4.85,4.6,4.65,22800.0
2002-12-31,4.61,4.84,4.5,4.84,49600.0
2002-12-30,4.71,4.77,4.62,4.68,6100.0
2002-12-27,4.5,4.72,4.5,4.7,14100.0
2002-12-26,4.3,4.5,4.25,4.5,26200.0
2002-12-24,4.3,4.35,4.3,4.35,1800.0
2002-12-23,4.15,4.35,4.15,4.31,8900.0
2002-12-20,4.25,4.3,4.2,4.25,14900.0
2002-12-19,4.25,4.26,4.25,4.26,8700.0
2002-12-18,4.16,4.31,4.16,4.3,12900.0
2002-12-17,4.28,4.29,4.25,4.25,5700.0
2002-12-16,4.15,4.3,4.15,4.3,21800.0
2002-12-13,4.15,4.38,4.15,4.38,35100.0
2002-12-12,4.19,4.22,4.14,4.22,18500.0
2002-12-11,4.2,4.24,4.17,4.2,10000.0
2002-12-10,4.22,4.25,4.18,4.22,14900.0
2002-12-09,4.18,4.22,4.18,4.22,15000.0
2002-12-06,4.12,4.2,4.12,4.2,18300.0
2002-12-05,4.18,4.21,4.13,4.21,11400.0
2002-12-04,4.16,4.2,4.15,4.2,5200.0
2002-12-03,4.19,4.28,4.15,4.16,14400.0
2002-12-02,4.2,4.25,4.2,4.23,11600.0
2002-11-29,4.15,4.2,4.14,4.2,3100.0
2002-11-27,4.15,4.18,4.13,4.15,17600.0
2002-11-26,4.2,4.2,4.14,4.19,13000.0
2002-11-25,4.2,4.2,4.12,4.2,15000.0
2002-11-22,4.34,4.35,4.25,4.25,6200.0
2002-11-21,4.2,4.28,4.2,4.28,62000.0
2002-11-20,4.25,4.25,4.1,4.25,22500.0
2002-11-19,4.27,4.35,4.21,4.35,18500.0
2002-11-18,4.3,4.33,4.26,4.33,7700.0
2002-11-15,4.34,4.39,4.31,4.33,7100.0
2002-11-14,4.35,4.38,4.34,4.35,3000.0
2002-11-13,4.37,4.45,4.34,4.45,1900.0
2002-11-12,4.35,4.44,4.35,4.4,3900.0
2002-11-11,4.35,4.45,4.35,4.43,6000.0
2002-11-08,4.55,4.55,4.35,4.47,10000.0
2002-11-07,4.3,4.55,4.3,4.55,9300.0
2002-11-06,4.35,4.45,4.26,4.4,14100.0
2002-11-05,4.35,4.45,4.31,4.45,8200.0
2002-11-04,4.35,4.6,4.32,4.44,16200.0
2002-11-01,4.33,4.34,4.3,4.34,9900.0
2002-10-31,4.3,4.37,4.26,4.35,60900.0
2002-10-30,4.27,4.35,4.26,4.29,6500.0
2002-10-29,4.26,4.31,4.26,4.29,11300.0
2002-10-28,4.27,4.27,4.26,4.26,1600.0
2002-10-25,4.25,4.28,4.25,4.27,4100.0
2002-10-24,4.32,4.32,4.3,4.3,8100.0
2002-10-23,4.31,4.35,4.31,4.35,9300.0
2002-10-22,4.26,4.35,4.25,4.35,8700.0
2002-10-21,4.34,4.34,4.26,4.26,5400.0
2002-10-18,4.31,4.34,4.3,4.3,10400.0
2002-10-17,4.38,4.38,4.31,4.32,5400.0
2002-10-16,4.35,4.39,4.2,4.31,8700.0
2002-10-15,4.22,4.4,4.21,4.35,13000.0
2002-10-14,4.2,4.27,4.2,4.26,3200.0
2002-10-11,4.29,4.35,4.2,4.3,19700.0
2002-10-10,4.06,4.3,4.06,4.3,41200.0
2002-10-09,4.2,4.34,4.15,4.2,32100.0
2002-10-08,4.3,4.3,4.25,4.26,12800.0
2002-10-07,4.45,4.45,4.35,4.35,10900.0
2002-10-04,4.43,4.59,4.36,4.49,6000.0
2002-10-03,4.35,4.48,4.35,4.48,1100.0
2002-10-02,4.44,4.44,4.3,4.39,12800.0
2002-10-01,4.3,4.6,4.25,4.5,34200.0
2002-09-30,4.5,4.5,4.25,4.44,30200.0
2002-09-27,4.5,4.55,4.5,4.5,7200.0
2002-09-26,4.5,4.5,4.5,4.5,12300.0
2002-09-25,4.5,4.5,4.5,4.5,2300.0
2002-09-24,4.5,4.51,4.5,4.5,3200.0
2002-09-23,4.5,4.51,4.4,4.51,15700.0
2002-09-20,4.56,4.56,4.51,4.51,9200.0
2002-09-19,4.52,4.65,4.5,4.55,9600.0
2002-09-18,4.65,4.65,4.5,4.52,3700.0
2002-09-17,4.65,4.75,4.65,4.65,1900.0
2002-09-16,4.65,4.7,4.65,4.65,3400.0
2002-09-13,4.73,4.75,4.6,4.7,8000.0
2002-09-12,4.5,4.72,4.48,4.62,6700.0
2002-09-11,4.55,4.65,4.55,4.56,11700.0
2002-09-10,4.6,4.6,4.55,4.55,6500.0
2002-09-09,4.7,4.7,4.65,4.67,9600.0
2002-09-06,4.66,4.74,4.55,4.74,7400.0
2002-09-05,4.76,4.79,4.6,4.74,17200.0
2002-09-04,4.6,4.76,4.52,4.76,14800.0
2002-09-03,4.98,4.98,4.52,4.53,11800.0
2002-08-30,4.7,4.95,4.66,4.95,24300.0
2002-08-29,4.85,4.85,4.65,4.7,7800.0
2002-08-28,4.75,4.9,4.75,4.8,46300.0
2002-08-27,4.82,4.9,4.65,4.81,32600.0
2002-08-26,4.76,4.95,4.76,4.95,39300.0
2002-08-23,4.85,4.98,4.85,4.85,12900.0
2002-08-22,5.1,5.15,4.95,4.99,47300.0
2002-08-21,5.0,5.1,4.95,5.1,79600.0
2002-08-20,4.75,5.2,4.6,5.15,31500.0
2002-08-19,4.75,4.85,4.65,4.78,13200.0
2002-08-16,4.9,4.95,4.85,4.85,8600.0
2002-08-15,4.25,4.95,4.25,4.89,49300.0
2002-08-14,4.1,4.3,4.1,4.15,5400.0
2002-08-13,4.15,4.26,4.15,4.15,5700.0
2002-08-12,4.31,4.31,4.13,4.25,15300.0
2002-08-09,4.3,4.4,4.25,4.35,9400.0
2002-08-08,4.26,4.46,4.26,4.35,600.0
2002-08-07,4.35,4.4,4.35,4.36,10500.0
2002-08-06,4.45,4.55,4.35,4.35,9400.0
2002-08-05,4.75,4.85,4.22,4.35,19400.0
2002-08-02,5.0,5.0,4.8,4.83,7400.0
2002-08-01,5.0,5.08,4.81,5.04,48300.0
2002-07-31,4.6,5.0,4.5,5.0,68000.0
2002-07-30,4.35,4.6,4.25,4.6,22100.0
2002-07-29,4.43,4.44,4.36,4.4,16300.0
2002-07-26,4.4,4.44,4.3,4.4,12000.0
2002-07-25,4.25,4.44,4.15,4.35,55000.0
2002-07-24,3.91,4.35,3.91,4.35,57000.0
2002-07-23,4.05,4.05,3.96,4.0,44400.0
2002-07-22,4.3,4.3,4.02,4.06,30100.0
2002-07-19,4.37,4.38,4.25,4.26,9200.0
2002-07-18,4.35,4.4,4.35,4.4,47200.0
2002-07-17,4.45,4.5,4.35,4.35,38300.0
2002-07-16,4.4,4.5,4.31,4.5,29900.0
2002-07-15,4.24,4.3,4.11,4.3,35400.0
2002-07-12,4.16,4.34,4.16,4.34,16900.0
2002-07-11,4.01,4.17,4.01,4.16,44000.0
2002-07-10,4.1,4.15,4.07,4.15,4100.0
2002-07-09,3.91,4.15,3.91,4.1,39700.0
2002-07-08,4.06,4.12,3.99,3.99,41300.0
2002-07-05,4.13,4.13,4.06,4.06,6600.0
2002-07-03,4.41,4.41,4.1,4.12,58700.0
2002-07-02,4.65,4.67,4.51,4.51,35100.0
2002-07-01,4.8,4.81,4.8,4.81,5100.0
2002-06-28,4.75,4.9,4.57,4.9,37600.0
2002-06-27,4.65,4.78,4.5,4.75,38400.0
2002-06-26,4.71,4.71,4.52,4.71,21900.0
2002-06-25,4.7,4.8,4.68,4.75,3400.0
2002-06-24,4.75,4.83,4.61,4.66,18300.0
2002-06-21,4.7,4.82,4.66,4.8,24900.0
2002-06-20,4.8,4.83,4.7,4.75,27500.0
2002-06-19,4.75,4.8,4.7,4.76,11200.0
2002-06-18,4.68,4.8,4.65,4.78,14300.0
2002-06-17,4.7,4.75,4.65,4.7,28700.0
2002-06-14,4.75,4.77,4.57,4.6,33700.0
2002-06-13,4.85,4.86,4.77,4.84,13100.0
2002-06-12,5.18,5.19,4.75,4.9,34100.0
2002-06-11,5.29,5.29,5.0,5.15,24500.0
2002-06-10,5.39,5.4,5.2,5.29,48100.0
2002-06-07,5.24,5.4,5.2,5.38,52900.0
2002-06-06,5.15,5.2,5.06,5.19,13700.0
2002-06-05,5.14,5.19,5.09,5.1,21300.0
2002-06-04,4.95,5.14,4.9,5.1,61800.0
2002-06-03,4.85,5.01,4.82,4.83,55200.0
2002-05-31,4.7,4.89,4.7,4.89,52200.0
2002-05-30,4.62,4.65,4.56,4.65,19300.0
2002-05-29,4.9,4.95,4.53,4.65,46200.0
2002-05-28,5.0,5.02,4.91,4.91,40700.0
2002-05-24,4.95,5.19,4.95,5.02,49300.0
2002-05-23,4.74,4.94,4.67,4.9,47500.0
2002-05-22,4.5,4.79,4.5,4.74,15100.0
2002-05-21,4.5,4.5,4.41,4.5,47500.0
2002-05-20,4.4,4.45,4.4,4.44,8100.0
2002-05-17,4.35,4.48,4.35,4.45,33300.0
2002-05-16,4.27,4.46,4.26,4.37,28200.0
2002-05-15,4.25,4.35,4.15,4.31,16300.0
2002-05-14,4.25,4.3,4.15,4.3,22800.0
2002-05-13,4.42,4.45,4.27,4.28,12800.0
2002-05-10,4.4,4.48,4.4,4.41,14700.0
2002-05-09,4.35,4.49,4.27,4.4,46500.0
2002-05-08,4.14,4.3,4.1,4.3,24200.0
2002-05-07,4.25,4.25,4.17,4.17,17300.0
2002-05-06,4.3,4.3,4.2,4.21,9300.0
2002-05-03,4.2,4.24,4.06,4.24,14300.0
2002-05-02,4.0,4.25,3.91,4.19,23900.0
2002-05-01,4.05,4.1,3.9,3.95,25100.0
2002-04-30,4.1,4.1,4.05,4.05,8500.0
2002-04-29,4.15,4.15,4.0,4.05,9200.0
2002-04-26,4.0,4.14,4.0,4.05,6500.0
2002-04-25,4.01,4.1,3.99,4.0,23100.0
2002-04-24,4.41,4.45,4.01,4.07,67100.0
2002-04-23,4.15,4.48,4.15,4.4,68400.0
2002-04-22,3.9,4.2,3.85,4.1,65800.0
2002-04-19,3.72,3.97,3.72,3.91,61600.0
2002-04-18,3.61,3.79,3.6,3.72,20900.0
2002-04-17,3.6,3.61,3.57,3.6,19200.0
2002-04-16,3.67,3.67,3.6,3.6,20600.0
2002-04-15,3.68,3.7,3.67,3.67,16100.0
2002-04-12,3.7,3.7,3.67,3.68,18300.0
2002-04-11,3.65,3.7,3.65,3.66,6300.0
2002-04-10,3.7,3.7,3.66,3.68,7900.0
2002-04-09,3.69,3.7,3.55,3.64,29500.0
2002-04-08,3.5,3.6,3.5,3.59,7400.0
2002-04-05,3.4,3.7,3.4,3.55,28200.0
2002-04-04,3.31,3.33,3.3,3.3,5200.0
2002-04-03,3.46,3.5,3.3,3.3,32700.0
2002-04-02,3.54,3.54,3.45,3.46,9000.0
2002-04-01,3.6,3.6,3.35,3.5,37300.0
2002-03-28,3.26,3.58,3.26,3.52,62500.0
2002-03-27,3.25,3.25,3.21,3.25,27800.0
2002-03-26,3.18,3.2,3.13,3.17,21400.0
2002-03-25,3.18,3.2,3.13,3.2,23500.0
2002-03-22,3.18,3.18,3.15,3.15,4100.0
2002-03-21,3.19,3.19,3.16,3.19,10400.0
2002-03-20,3.17,3.2,3.16,3.18,17200.0
2002-03-19,3.13,3.18,3.13,3.17,18700.0
2002-03-18,3.14,3.17,3.1,3.13,8000.0
2002-03-15,3.1,3.15,3.1,3.14,3700.0
2002-03-14,3.12,3.12,3.1,3.12,1000.0
2002-03-13,3.1,3.17,3.1,3.17,8100.0
2002-03-12,3.1,3.1,3.07,3.1,42600.0
2002-03-11,3.17,3.2,3.07,3.08,11700.0
2002-03-08,3.03,3.19,3.01,3.17,20300.0
2002-03-07,3.02,3.05,2.91,3.05,14300.0
2002-03-06,3.03,3.05,2.8,3.01,30500.0
2002-03-05,3.0,3.05,2.95,3.04,17500.0
2002-03-04,3.01,3.03,2.91,2.97,12600.0
2002-03-01,2.98,3.0,2.86,3.0,4700.0
2002-02-28,2.9,3.1,2.81,3.1,9100.0
2002-02-27,2.8,3.1,2.8,3.01,9400.0
2002-02-26,3.0,3.0,2.9,2.9,14800.0
2002-02-25,3.18,3.18,3.05,3.05,2100.0
2002-02-22,3.1,3.15,3.05,3.05,5100.0
2002-02-21,3.11,3.18,3.1,3.18,9300.0
2002-02-20,3.2,3.2,3.11,3.15,12100.0
2002-02-19,3.29,3.29,3.11,3.2,30500.0
2002-02-15,3.3,3.3,3.11,3.3,16700.0
2002-02-14,3.25,3.25,3.19,3.19,4200.0
2002-02-13,3.2,3.2,3.16,3.19,1400.0
2002-02-12,3.29,3.29,3.0,3.14,31200.0
2002-02-11,3.03,3.24,3.0,3.22,12300.0
2002-02-08,2.76,3.04,2.76,3.04,13800.0
2002-02-07,2.91,3.0,2.72,2.75,53100.0
2002-02-06,3.25,3.29,2.91,3.11,30400.0
2002-02-05,3.4,3.4,3.3,3.34,3300.0
2002-02-04,3.6,3.6,3.31,3.31,9300.0
2002-02-01,3.6,3.6,3.51,3.51,2400.0
2002-01-31,3.6,3.6,3.3,3.59,15900.0
2002-01-30,3.89,3.89,3.45,3.47,32900.0
2002-01-29,3.91,3.91,3.76,3.89,22500.0
2002-01-28,3.92,3.92,3.71,3.9,59600.0
2002-01-25,3.51,3.68,3.45,3.65,60900.0
2002-01-24,3.49,3.49,3.2,3.49,41700.0
2002-01-23,3.34,3.34,3.05,3.25,27700.0
2002-01-22,3.05,3.34,3.05,3.3,39000.0
2002-01-18,3.0,3.04,3.0,3.04,17400.0
2002-01-17,2.92,3.04,2.92,3.01,12300.0
2002-01-16,3.18,3.18,2.85,2.9,38600.0
2002-01-15,3.15,3.15,3.06,3.1,13300.0
2002-01-14,3.19,3.2,3.0,3.06,35300.0
2002-01-11,2.96,3.24,2.95,3.2,133700.0
2002-01-10,2.6,3.0,2.6,2.95,92800.0
2002-01-09,2.23,2.72,2.23,2.6,91400.0
2002-01-08,2.23,2.3,2.23,2.25,12200.0
2002-01-07,2.25,2.25,2.12,2.23,21500.0
2002-01-04,2.16,2.16,2.11,2.16,10700.0
2002-01-03,2.16,2.16,2.05,2.16,17300.0
2002-01-02,2.07,2.12,2.02,2.05,6400.0
2001-12-31,2.05,2.1,1.95,2.1,36400.0
2001-12-28,2.08,2.2,2.06,2.11,43400.0
2001-12-27,2.02,2.17,2.0,2.15,44700.0
2001-12-26,1.96,2.14,1.95,2.06,157600.0
2001-12-24,1.92,2.0,1.91,2.0,19500.0
2001-12-21,1.97,2.0,1.94,1.95,32600.0
2001-12-20,1.91,2.0,1.91,1.95,18900.0
2001-12-19,1.95,1.97,1.9,1.94,17300.0
2001-12-18,1.98,2.01,1.95,1.95,31200.0
2001-12-17,1.95,1.96,1.95,1.95,10700.0
2001-12-14,1.86,1.95,1.86,1.95,9600.0
2001-12-13,1.84,1.99,1.84,1.96,6900.0
2001-12-12,2.02,2.03,1.86,1.86,12600.0
2001-12-11,2.02,2.03,2.02,2.02,4500.0
2001-12-10,2.0,2.04,2.0,2.03,6800.0
2001-12-07,2.09,2.09,2.01,2.09,6200.0
2001-12-06,2.1,2.1,2.01,2.01,20900.0
2001-12-05,2.03,2.14,2.01,2.1,19600.0
2001-12-04,2.2,2.21,2.11,2.11,4900.0
2001-12-03,2.25,2.25,2.15,2.15,6300.0
2001-11-30,2.25,2.25,2.0,2.2,25000.0
2001-11-29,2.01,2.01,1.95,2.01,22600.0
2001-11-28,2.1,2.1,1.83,2.01,21000.0
2001-11-27,2.21,2.21,2.1,2.1,13600.0
2001-11-26,2.21,2.22,2.2,2.2,6500.0
2001-11-23,2.32,2.32,2.21,2.24,7700.0
2001-11-21,2.28,2.28,2.22,2.27,1700.0
2001-11-20,2.35,2.36,2.25,2.26,10600.0
2001-11-19,2.36,2.36,2.3,2.31,9500.0
2001-11-16,2.2,2.25,2.2,2.22,6000.0
2001-11-15,2.31,2.31,2.25,2.25,3200.0
2001-11-14,2.33,2.37,2.31,2.35,5300.0
2001-11-13,2.37,2.39,2.31,2.37,23000.0
2001-11-12,2.27,2.4,2.27,2.37,12200.0
2001-11-09,2.31,2.37,2.31,2.37,1600.0
2001-11-08,2.4,2.4,2.36,2.4,5900.0
2001-11-07,2.42,2.42,2.38,2.4,69900.0
2001-11-06,2.37,2.4,2.36,2.39,54300.0
2001-11-05,2.3,2.39,2.3,2.34,21800.0
2001-11-02,2.25,2.33,2.0,2.3,87100.0
2001-11-01,2.3,2.4,2.3,2.35,9300.0
2001-10-31,2.35,2.42,2.3,2.4,20500.0
2001-10-30,2.43,2.43,2.38,2.43,20300.0
2001-10-29,2.35,2.43,2.35,2.36,5100.0
2001-10-26,2.38,2.44,2.38,2.41,13000.0
2001-10-25,2.4,2.44,2.4,2.43,24800.0
2001-10-24,2.44,2.44,2.38,2.43,19300.0
2001-10-23,2.35,2.44,2.26,2.4,36300.0
2001-10-22,2.2,2.39,2.08,2.39,22000.0
2001-10-19,2.29,2.3,2.15,2.3,12400.0
2001-10-18,2.41,2.41,2.21,2.3,10600.0
2001-10-17,2.4,2.45,2.25,2.4,22600.0
2001-10-16,2.3,2.44,2.2,2.35,19500.0
2001-10-15,2.15,2.44,2.06,2.34,24800.0
2001-10-12,2.15,2.44,2.15,2.44,15700.0
2001-10-11,2.26,2.35,2.05,2.15,22000.0
2001-10-10,2.3,2.3,2.26,2.26,8700.0
2001-10-09,2.3,2.3,2.27,2.3,5900.0
2001-10-08,2.3,2.3,2.27,2.27,4600.0
2001-10-05,2.35,2.35,2.22,2.3,10200.0
2001-10-04,2.43,2.43,2.32,2.35,11900.0
2001-10-03,2.43,2.43,2.37,2.43,2200.0
2001-10-02,2.45,2.45,2.35,2.4,6200.0
2001-10-01,2.41,2.46,2.4,2.45,82200.0
2001-09-28,2.32,2.45,2.32,2.45,36100.0
2001-09-27,2.38,2.38,2.36,2.36,7200.0
2001-09-26,2.41,2.41,2.37,2.37,6700.0
2001-09-25,2.43,2.45,2.35,2.4,10600.0
2001-09-24,2.45,2.45,2.05,2.4,131200.0
2001-09-21,2.37,2.37,2.11,2.21,30300.0
2001-09-20,2.37,2.37,2.31,2.35,30400.0
2001-09-19,2.47,2.47,2.27,2.4,94700.0
2001-09-18,2.45,2.45,2.42,2.45,14600.0
2001-09-17,2.38,2.45,2.35,2.4,43700.0
2001-09-10,2.38,2.38,2.26,2.32,15300.0
2001-09-07,2.3,2.4,2.3,2.4,23900.0
2001-09-06,2.31,2.4,2.2,2.4,20300.0
2001-09-05,2.24,2.32,2.14,2.21,13500.0
2001-09-04,2.4,2.4,2.22,2.34,13500.0
2001-08-31,2.39,2.39,2.3,2.31,4600.0
2001-08-30,2.36,2.36,2.31,2.32,19600.0
2001-08-29,2.44,2.44,2.35,2.36,11800.0
2001-08-28,2.45,2.45,2.3,2.43,22100.0
2001-08-27,2.48,2.48,2.42,2.45,23600.0
2001-08-24,2.47,2.49,2.47,2.48,47800.0
2001-08-23,2.43,2.47,2.4,2.47,65300.0
2001-08-22,2.43,2.44,2.41,2.41,31100.0
2001-08-21,2.41,2.45,2.41,2.42,16800.0
2001-08-20,2.43,2.45,2.41,2.41,57100.0
2001-08-17,2.4,2.43,2.36,2.41,108000.0
2001-08-16,2.35,2.4,2.3,2.4,77800.0
2001-08-15,2.28,2.38,2.2,2.35,29100.0
2001-08-14,2.38,2.38,2.25,2.25,39500.0
2001-08-13,2.18,2.49,2.18,2.31,147100.0
2001-08-10,2.2,2.22,2.06,2.18,63500.0
2001-08-09,2.19,2.19,2.1,2.11,5200.0
2001-08-08,2.1,2.15,2.07,2.1,1800.0
2001-08-07,2.17,2.18,2.15,2.15,8900.0
2001-08-06,2.16,2.2,2.15,2.17,14000.0
2001-08-03,2.24,2.25,2.16,2.16,9000.0
2001-08-02,2.11,2.18,2.11,2.18,16700.0
2001-08-01,2.09,2.14,2.07,2.14,5400.0
2001-07-31,2.07,2.15,2.06,2.14,27900.0
2001-07-30,2.1,2.14,2.1,2.11,9200.0
2001-07-27,2.11,2.14,2.11,2.14,3700.0
2001-07-26,2.15,2.15,2.11,2.14,31800.0
2001-07-25,2.15,2.15,2.11,2.15,7200.0
2001-07-24,2.14,2.15,2.14,2.15,2600.0
2001-07-23,2.15,2.15,2.11,2.11,6500.0
2001-07-20,2.15,2.15,2.09,2.11,47500.0
2001-07-19,2.11,2.18,2.11,2.13,29900.0
2001-07-18,2.12,2.14,2.11,2.11,3200.0
2001-07-17,2.02,2.2,2.02,2.15,58800.0
2001-07-16,2.13,2.14,2.07,2.09,6300.0
2001-07-13,2.06,2.2,2.0,2.13,47400.0
2001-07-12,2.02,2.15,2.0,2.11,13700.0
2001-07-11,2.05,2.12,2.0,2.04,26100.0
2001-07-10,1.96,2.15,1.95,2.11,25100.0
2001-07-09,2.12,2.12,2.0,2.09,33900.0
2001-07-06,2.0,2.12,2.0,2.11,16100.0
2001-07-05,1.91,2.08,1.91,1.98,34800.0
2001-07-03,1.86,1.95,1.8,1.91,2800.0
2001-07-02,2.0,2.04,1.94,1.94,2100.0
2001-06-29,1.88,2.0,1.82,1.97,14300.0
2001-06-28,1.98,2.0,1.94,1.95,19700.0
2001-06-27,1.77,1.91,1.77,1.91,9100.0
2001-06-26,1.85,1.87,1.8,1.83,10800.0
2001-06-25,1.93,1.99,1.83,1.9,10800.0
2001-06-22,1.93,2.0,1.9,1.99,6900.0
2001-06-21,2.06,2.08,1.65,1.92,68500.0
2001-06-20,2.06,2.1,2.05,2.05,4700.0
2001-06-19,2.23,2.24,2.05,2.05,8000.0
2001-06-18,2.2,2.2,2.11,2.18,10000.0
2001-06-15,2.15,2.15,2.05,2.1,7300.0
2001-06-14,2.05,2.1,2.05,2.1,3100.0
2001-06-13,2.12,2.12,2.1,2.11,11000.0
2001-06-12,2.05,2.22,2.0,2.18,19200.0
2001-06-11,2.0,2.11,2.0,2.09,18100.0
2001-06-08,1.9,2.05,1.87,2.05,47500.0
2001-06-07,1.85,1.99,1.85,1.93,26800.0
2001-06-06,1.95,1.98,1.82,1.86,27000.0
2001-06-05,1.95,2.1,1.9,2.0,37900.0
2001-06-04,2.04,2.18,1.62,2.0,57900.0
2001-06-01,2.18,2.18,2.02,2.08,19000.0
2001-05-31,2.16,2.3,1.9,2.15,54000.0
2001-05-30,2.22,2.22,2.01,2.15,53200.0
2001-05-29,2.48,2.48,2.17,2.19,70800.0
2001-05-25,2.4,2.45,2.26,2.4,116100.0
2001-05-24,2.49,2.5,2.32,2.45,126600.0
2001-05-23,2.32,2.6,2.3,2.45,148300.0
2001-05-22,2.2,2.3,2.1,2.26,37500.0
2001-05-21,2.1,2.2,2.1,2.2,46800.0
2001-05-18,2.1,2.17,2.1,2.1,29100.0
2001-05-17,2.1,2.17,2.1,2.1,72500.0
2001-05-16,2.16,2.16,2.12,2.16,32300.0
2001-05-15,2.08,2.16,2.02,2.16,25800.0
2001-05-14,2.08,2.16,2.01,2.16,99800.0
2001-05-11,2.08,2.12,2.0,2.06,36600.0
2001-05-10,2.0,2.04,1.96,1.98,18500.0
2001-05-09,2.14,2.14,2.0,2.06,24100.0
2001-05-08,2.01,2.16,2.0,2.14,95900.0
2001-05-07,2.13,2.17,2.0,2.07,84200.0
2001-05-04,2.0,2.17,2.0,2.13,109700.0
2001-05-03,1.94,2.23,1.94,2.0,122100.0
2001-05-02,1.55,2.15,1.55,1.9,181500.0
2001-05-01,1.88,2.45,1.5,1.5,395400.0
2001-04-30,1.5,1.75,1.46,1.75,167700.0
2001-04-27,1.2,1.35,1.2,1.27,5400.0
2001-04-26,1.25,1.33,1.23,1.23,17700.0
2001-04-25,1.3,1.44,1.3,1.37,16100.0
2001-04-24,1.3,1.3,1.2,1.3,47400.0
2001-04-23,1.21,1.28,1.15,1.25,11700.0
2001-04-20,1.2,1.25,1.2,1.23,32900.0
2001-04-19,1.21,1.21,1.12,1.19,8200.0
2001-04-18,1.12,1.19,1.11,1.19,6900.0
2001-04-17,1.05,1.24,1.01,1.12,15700.0
2001-04-16,1.14,1.14,1.0,1.04,9400.0
2001-04-12,1.13,1.23,1.1,1.1,5200.0
2001-04-11,1.09,1.12,1.01,1.1,20100.0
2001-04-10,1.15,1.15,1.05,1.11,4400.0
2001-04-09,1.04,1.25,1.04,1.2,25800.0
2001-04-06,1.01,1.03,1.01,1.03,6800.0
2001-04-05,0.96,1.22,0.96,1.11,42000.0
2001-04-04,0.99,1.02,0.89,1.01,54400.0
2001-04-03,1.0,1.05,0.87,0.89,120200.0
2001-04-02,0.99,1.0,0.95,1.0,16000.0
2001-03-30,0.96,1.02,0.96,1.0,28700.0
2001-03-29,0.97,1.02,0.96,1.0,21000.0
2001-03-28,0.97,0.97,0.97,0.97,400.0
2001-03-27,1.05,1.05,0.95,0.97,5100.0
2001-03-26,0.93,1.0,0.93,0.95,3700.0
2001-03-23,0.95,1.0,0.93,1.0,5600.0
2001-03-22,0.98,1.04,0.91,1.04,12300.0
2001-03-21,0.97,0.97,0.92,0.92,9200.0
2001-03-20,1.12,1.14,1.0,1.0,4200.0
2001-03-19,1.15,1.15,1.0,1.0,2100.0
2001-03-16,1.31,1.35,1.25,1.25,28500.0
2001-03-15,1.11,1.47,1.11,1.3,44000.0
2001-03-14,0.98,1.15,0.98,1.15,27400.0
2001-03-13,0.98,1.1,0.98,1.08,24000.0
2001-03-12,0.98,1.09,0.98,0.99,20400.0
2001-03-09,0.98,0.98,0.91,0.98,14600.0
2001-03-08,0.93,1.2,0.92,1.0,20000.0
2001-03-07,0.98,0.98,0.9,0.98,18600.0
2001-03-06,0.95,0.97,0.89,0.96,32500.0
2001-03-05,0.95,0.95,0.88,0.95,11000.0
2001-03-02,0.79,1.0,0.75,0.9,54200.0
2001-03-01,0.69,0.76,0.68,0.76,32400.0
2001-02-28,0.68,0.75,0.68,0.69,37700.0
2001-02-27,0.68,0.69,0.68,0.69,14900.0
2001-02-26,0.83,0.83,0.69,0.69,10600.0
2001-02-23,0.76,0.79,0.73,0.79,21200.0
2001-02-22,0.81,0.82,0.75,0.82,53800.0
2001-02-21,0.8,0.82,0.8,0.8,14500.0
2001-02-20,0.69,0.81,0.69,0.79,6400.0
2001-02-16,0.8,0.8,0.71,0.79,26600.0
2001-02-15,0.7,0.79,0.7,0.79,27900.0
2001-02-14,0.74,0.75,0.69,0.69,7500.0
2001-02-13,0.69,0.73,0.68,0.71,6200.0
2001-02-12,0.72,1.0,0.72,0.73,13800.0
2001-02-09,0.63,0.74,0.62,0.71,199500.0
2001-02-08,0.65,0.68,0.57,0.64,969300.0
2001-02-07,0.66,0.66,0.65,0.66,3000.0
2001-02-06,0.7,0.7,0.65,0.66,5900.0
2001-02-05,0.65,0.71,0.65,0.7,30500.0
2001-02-02,0.65,0.66,0.64,0.66,11600.0
2001-02-01,0.65,0.66,0.65,0.65,9400.0
2001-01-31,0.68,0.69,0.65,0.67,39800.0
2001-01-30,0.7,0.72,0.61,0.64,96600.0
2001-01-29,0.96,1.0,0.36,0.7,278400.0
2001-01-26,1.063,1.063,1.063,1.063,15500.0
2001-01-25,1.125,1.125,1.063,1.063,24100.0
2001-01-24,1.063,1.188,1.063,1.125,17300.0
2001-01-23,1.188,1.188,1.063,1.063,9500.0
2001-01-22,1.0,1.188,1.0,1.125,32000.0
2001-01-19,1.063,1.063,1.0,1.063,23300.0
2001-01-18,1.063,1.063,1.0,1.0,17100.0
2001-01-17,1.0,1.063,1.0,1.0,62700.0
2001-01-16,1.0,1.0,0.9375,0.9375,65000.0
2001-01-12,1.063,1.063,1.0,1.063,4900.0
2001-01-11,0.9375,1.125,0.9375,1.125,28600.0
2001-01-10,1.125,1.125,0.9375,1.0,13400.0
2001-01-09,1.0,1.063,0.9375,1.0,8500.0
2001-01-08,1.063,1.063,0.9375,1.0,42700.0
2001-01-05,1.0,1.063,1.0,1.0,16500.0
2001-01-04,1.063,1.125,1.0,1.125,13500.0
2001-01-03,0.9375,0.9375,0.875,0.9375,29400.0
2001-01-02,0.9375,0.9375,0.75,0.875,37000.0
2000-12-29,0.5625,1.0,0.5625,1.0,282200.0
2000-12-28,0.5625,0.6875,0.5625,0.625,112700.0
2000-12-27,0.6875,0.6875,0.5,0.625,97400.0
2000-12-26,0.88,0.88,0.69,0.69,73200.0
2000-12-22,0.8125,1.0,0.8125,0.9375,112100.0
2000-12-21,0.8125,0.875,0.625,0.875,53900.0
2000-12-20,1.0,1.0,0.8125,0.875,68300.0
2000-12-19,1.0,1.063,1.0,1.0,16200.0
2000-12-18,1.063,1.063,1.0,1.063,51300.0
2000-12-15,1.063,1.063,1.0,1.0,61200.0
2000-12-14,1.063,1.063,1.063,1.063,13600.0
2000-12-13,1.063,1.125,1.063,1.063,27900.0
2000-12-12,1.063,1.125,1.063,1.063,13600.0
2000-12-11,1.063,1.125,1.063,1.063,113800.0
2000-12-08,1.063,1.125,1.0,1.063,150500.0
2000-12-07,1.063,1.125,1.0,1.0,48700.0
2000-12-06,1.125,1.125,1.063,1.063,26400.0
2000-12-05,1.125,1.188,1.125,1.188,20800.0
2000-12-04,1.188,1.25,1.125,1.188,46500.0
2000-12-01,1.25,1.25,1.188,1.188,48800.0
2000-11-30,1.25,1.313,1.188,1.313,58900.0
2000-11-29,1.313,1.313,1.25,1.25,55500.0
2000-11-28,1.313,1.313,1.313,1.313,19000.0
2000-11-27,1.375,1.375,1.313,1.313,23700.0
2000-11-24,1.25,1.375,1.25,1.313,5000.0
2000-11-22,1.25,1.625,1.25,1.25,63800.0
2000-11-21,1.25,1.313,1.25,1.25,73100.0
2000-11-20,1.313,1.313,1.25,1.313,26800.0
2000-11-17,1.188,1.313,1.188,1.313,205300.0
2000-11-16,1.188,1.25,1.188,1.188,36500.0
2000-11-15,1.313,1.313,1.188,1.25,379500.0
2000-11-14,1.313,1.375,1.25,1.313,22100.0
2000-11-13,1.375,1.438,1.313,1.313,28500.0
2000-11-10,1.375,1.5,1.313,1.313,75700.0
2000-11-09,1.438,1.438,1.313,1.375,86500.0
2000-11-08,1.5,1.688,1.375,1.438,1023700.0
2000-11-07,1.188,1.188,1.125,1.125,2400.0
2000-11-06,1.188,1.25,1.188,1.188,4400.0
2000-11-03,1.25,1.25,1.188,1.188,6800.0
2000-11-02,1.25,1.375,1.188,1.25,10100.0
2000-11-01,1.25,1.375,1.188,1.25,9500.0
2000-10-31,1.375,1.375,1.125,1.313,42500.0
2000-10-30,1.125,1.188,1.125,1.125,9600.0
2000-10-27,1.125,1.25,1.125,1.188,6400.0
2000-10-26,1.25,1.313,1.125,1.25,9800.0
2000-10-25,1.313,1.375,1.125,1.25,28700.0
2000-10-24,1.25,1.375,1.188,1.375,32400.0
2000-10-23,1.313,1.375,1.25,1.313,23200.0
2000-10-20,1.313,1.375,1.25,1.25,6200.0
2000-10-19,1.25,1.25,1.25,1.25,2400.0
2000-10-18,1.375,1.375,1.125,1.375,15200.0
2000-10-17,1.375,1.375,1.313,1.375,32500.0
2000-10-16,1.25,1.375,1.188,1.313,6600.0
2000-10-13,1.313,1.313,1.188,1.25,6400.0
2000-10-12,1.375,1.438,1.25,1.313,11700.0
2000-10-11,1.438,1.438,1.375,1.375,19300.0
2000-10-10,1.563,1.563,1.375,1.5,25200.0
2000-10-09,1.5,1.625,1.5,1.625,7800.0
2000-10-06,1.688,1.688,1.5,1.688,59000.0
2000-10-05,1.5,1.75,1.5,1.75,55300.0
2000-10-04,1.688,1.688,1.563,1.625,41800.0
2000-10-03,1.438,1.75,1.438,1.563,161700.0
2000-10-02,1.25,1.313,1.25,1.313,7600.0
2000-09-29,1.25,1.438,1.25,1.313,12000.0
2000-09-28,1.375,1.375,1.313,1.375,16000.0
2000-09-27,1.375,1.438,1.375,1.375,14800.0
2000-09-26,1.375,1.438,1.25,1.375,26600.0
2000-09-25,1.375,1.375,1.188,1.375,29100.0
2000-09-22,1.188,1.25,1.125,1.25,7600.0
2000-09-21,1.375,1.438,1.0,1.188,44100.0
2000-09-20,1.375,1.5,1.375,1.375,14100.0
2000-09-19,1.438,1.438,1.313,1.313,21100.0
2000-09-18,1.625,1.625,1.375,1.375,26400.0
2000-09-15,1.688,1.75,1.563,1.563,57400.0
2000-09-14,1.875,1.875,1.688,1.688,203400.0
2000-09-13,1.75,1.938,1.75,1.875,453000.0
2000-09-12,1.5,1.563,1.438,1.438,35500.0
2000-09-11,1.375,1.5,1.313,1.5,33700.0
2000-09-08,1.75,1.813,1.438,1.5,59800.0
2000-09-07,1.875,1.938,1.75,1.75,14700.0
2000-09-06,1.938,1.938,1.813,1.875,210300.0
2000-09-05,1.75,2.0,1.75,1.813,177900.0
2000-09-01,1.688,1.75,1.563,1.688,126100.0
2000-08-31,1.313,1.438,1.313,1.438,87500.0
2000-08-30,1.25,1.375,1.125,1.188,114400.0
2000-08-29,1.125,1.438,1.125,1.188,142500.0
2000-08-28,0.75,1.125,0.75,1.063,64600.0
2000-08-25,0.625,0.75,0.625,0.75,75500.0
2000-08-24,0.5,0.6875,0.5,0.625,68900.0
2000-08-23,0.4688,0.5625,0.4375,0.5625,304900.0
2000-08-22,0.5625,0.5625,0.4375,0.4688,78600.0
2000-08-21,0.75,0.75,0.5,0.5625,48700.0
2000-08-18,0.5625,0.625,0.5625,0.5625,142400.0
2000-08-17,0.75,0.75,0.5625,0.625,151900.0
2000-08-16,0.875,1.0,0.8125,0.8125,113600.0
2000-08-15,1.063,1.125,0.875,0.875,24300.0
2000-08-14,1.063,1.063,1.063,1.063,3700.0
2000-08-11,1.125,1.125,1.063,1.063,19800.0
2000-08-10,1.125,1.125,1.125,1.125,37500.0
2000-08-09,1.125,1.25,1.125,1.125,24700.0
2000-08-08,1.188,1.313,1.125,1.125,15400.0
2000-08-07,1.25,1.25,1.125,1.188,22800.0
2000-08-04,1.25,1.313,1.188,1.25,20000.0
2000-08-03,1.25,1.313,1.188,1.25,54700.0
2000-08-02,1.375,1.438,1.313,1.375,40000.0
2000-08-01,1.438,1.438,1.375,1.375,20300.0
2000-07-31,1.438,1.438,1.313,1.375,20800.0
2000-07-28,1.313,1.438,1.313,1.438,26400.0
2000-07-27,1.375,1.375,1.313,1.313,5200.0
2000-07-26,1.375,1.438,1.375,1.375,10400.0
2000-07-25,1.313,1.438,1.25,1.375,23800.0
2000-07-24,1.313,1.375,1.313,1.313,19300.0
2000-07-21,1.313,1.438,1.313,1.438,20900.0
2000-07-20,1.375,1.375,1.313,1.313,5900.0
2000-07-19,1.5,1.5,1.313,1.375,25700.0
2000-07-18,1.563,1.563,1.438,1.438,123800.0
2000-07-17,1.5,1.625,1.5,1.563,24400.0
2000-07-14,1.5,1.563,1.438,1.5,7500.0
2000-07-13,1.625,1.625,1.5,1.563,9900.0
2000-07-12,1.75,1.875,1.5,1.625,12900.0
2000-07-11,1.688,1.688,1.625,1.625,7300.0
2000-07-10,1.438,1.625,1.438,1.625,16300.0
2000-07-07,1.563,1.563,1.438,1.438,51800.0
2000-07-06,1.563,1.625,1.563,1.563,2700.0
2000-07-05,1.563,1.688,1.563,1.563,49200.0
2000-07-03,1.625,1.625,1.563,1.625,20300.0
2000-06-30,1.5,1.688,1.5,1.625,20600.0
2000-06-29,1.75,1.75,1.563,1.563,23400.0
2000-06-28,1.625,1.75,1.5,1.625,258200.0
2000-06-27,1.625,1.625,1.5,1.5,14000.0
2000-06-26,1.688,1.875,1.625,1.625,53100.0
2000-06-23,1.75,1.875,1.688,1.688,4000.0
2000-06-22,1.75,1.875,1.75,1.75,8600.0
2000-06-21,1.813,1.875,1.75,1.75,4300.0
2000-06-20,1.813,1.875,1.75,1.75,41500.0
2000-06-19,1.375,1.75,1.375,1.688,113200.0
2000-06-16,1.75,1.75,1.25,1.375,448400.0
2000-06-15,1.813,1.875,1.75,1.75,17200.0
2000-06-14,1.875,1.938,1.813,1.813,43600.0
2000-06-13,1.938,2.0,1.813,1.875,59600.0
2000-06-12,1.75,2.0,1.75,1.813,122600.0
2000-06-09,1.375,1.5,1.375,1.5,16200.0
2000-06-08,1.25,1.438,1.188,1.375,39300.0
2000-06-07,1.313,1.375,1.25,1.25,55000.0
2000-06-06,1.313,1.375,1.313,1.375,7400.0
2000-06-05,1.25,1.438,1.25,1.313,16100.0
2000-06-02,1.563,1.625,1.313,1.313,22200.0
2000-06-01,1.313,1.625,1.313,1.5,42600.0
2000-05-31,1.313,1.375,1.313,1.313,36000.0
2000-05-30,1.313,1.375,1.313,1.313,3600.0
2000-05-26,1.188,1.375,1.188,1.313,39200.0
2000-05-25,1.188,1.25,1.188,1.188,14300.0
2000-05-24,1.25,1.375,1.188,1.188,65900.0
2000-05-23,1.313,1.375,1.25,1.313,19300.0
2000-05-22,1.313,1.313,1.188,1.25,96200.0
2000-05-19,1.25,1.25,1.188,1.188,28800.0
2000-05-18,1.188,1.313,1.188,1.25,4200.0
2000-05-17,1.25,1.313,1.188,1.25,25400.0
2000-05-16,1.313,1.313,1.188,1.25,17100.0
2000-05-15,1.313,1.313,1.188,1.25,38200.0
2000-05-12,1.313,1.313,1.25,1.313,20200.0
2000-05-11,1.563,1.563,1.25,1.25,68300.0
2000-05-10,1.813,2.0,1.25,1.5,52700.0
2000-05-09,1.875,2.0,1.813,1.875,6900.0
2000-05-08,2.063,2.063,1.875,1.938,19700.0
2000-05-05,2.25,2.25,2.063,2.063,7900.0
2000-05-04,2.125,2.188,2.063,2.125,32600.0
2000-05-03,2.188,2.375,2.063,2.063,248400.0
2000-05-02,1.938,2.25,1.875,2.188,105200.0
2000-05-01,1.75,1.813,1.625,1.813,36300.0
2000-04-28,1.5,1.75,1.5,1.563,44200.0
2000-04-27,1.438,1.563,1.438,1.5,37300.0
2000-04-26,1.25,1.563,1.25,1.563,55400.0
2000-04-25,1.375,1.438,1.125,1.25,75000.0
2000-04-24,1.438,1.5,1.375,1.375,73100.0
2000-04-20,1.813,1.875,1.438,1.563,218000.0
2000-04-19,2.125,2.188,1.625,1.75,194400.0
2000-04-18,2.375,2.375,1.875,2.25,217200.0
2000-04-17,3.5,3.5,3.063,3.25,39300.0
2000-04-14,3.063,3.625,3.063,3.625,97800.0
2000-04-13,4.0,4.0,3.25,3.5,37100.0
2000-04-12,4.125,4.125,4.0,4.0,22400.0
2000-04-11,4.25,4.313,4.188,4.25,53500.0
2000-04-10,4.125,4.125,4.125,4.125,11100.0
2000-04-07,4.25,4.25,4.125,4.125,12400.0
2000-04-06,4.438,4.5,4.25,4.25,12200.0
2000-04-05,4.563,4.563,4.438,4.5,21700.0
2000-04-04,5.125,5.125,4.438,4.625,24200.0
2000-04-03,5.625,5.625,5.125,5.25,5400.0
2000-03-31,5.625,6.0,5.125,5.625,56400.0
2000-03-30,5.688,5.688,5.625,5.625,22200.0
2000-03-29,5.75,5.875,5.688,5.688,84700.0
2000-03-28,5.125,5.75,5.0,5.625,382700.0
2000-03-27,5.063,5.25,4.938,5.25,32000.0
2000-03-24,4.875,5.063,4.625,5.063,65800.0
2000-03-23,4.625,4.75,4.25,4.75,44100.0
2000-03-22,5.063,5.125,4.625,4.625,17000.0
2000-03-21,4.625,5.063,4.5,5.0,116800.0
2000-03-20,4.063,4.438,4.0,4.438,78900.0
2000-03-17,3.438,4.0,3.375,4.0,93800.0
2000-03-16,3.313,3.375,3.25,3.375,29900.0
2000-03-15,3.563,3.625,3.25,3.375,49700.0
2000-03-14,3.75,3.75,3.438,3.438,33300.0
2000-03-13,4.0,4.125,3.75,3.75,95500.0
2000-03-10,4.375,4.438,3.25,3.938,582300.0
2000-03-09,7.25,7.5,7.188,7.438,38600.0
2000-03-08,7.125,7.188,7.125,7.125,10300.0
2000-03-07,7.188,7.188,7.063,7.125,16200.0
2000-03-06,7.063,7.25,7.0,7.125,22900.0
2000-03-03,6.938,7.188,6.938,7.0,14200.0
2000-03-02,7.0,7.0,6.938,7.0,29000.0
2000-03-01,7.063,7.125,7.0,7.0,18100.0
2000-02-29,6.75,7.125,6.75,7.125,9900.0
2000-02-28,6.625,6.813,6.625,6.75,4400.0
2000-02-25,6.5,6.75,6.438,6.75,6500.0
2000-02-24,6.938,6.938,6.625,6.625,9300.0
2000-02-23,7.0,7.0,6.938,7.0,6800.0
2000-02-22,6.938,7.063,6.938,7.0,8800.0
2000-02-18,6.875,7.0,6.813,7.0,10200.0
2000-02-17,6.875,6.875,6.813,6.813,18800.0
2000-02-16,7.063,7.125,6.625,6.938,38700.0
2000-02-15,7.875,7.875,7.563,7.563,15600.0
2000-02-14,8.5,8.5,7.75,7.875,16800.0
2000-02-11,8.563,8.563,8.0,8.0,19900.0
2000-02-10,9.125,9.125,8.563,8.563,11500.0
2000-02-09,9.063,9.063,9.0,9.0,10000.0
2000-02-08,9.0,9.125,9.0,9.063,10600.0
2000-02-07,9.188,9.188,9.0,9.0,28000.0
2000-02-04,9.063,9.563,9.063,9.563,36100.0
2000-02-03,8.688,9.0,8.5,9.0,13700.0
2000-02-02,8.625,9.0,8.563,8.75,23800.0
2000-02-01,8.625,8.75,8.5,8.688,9800.0
2000-01-31,7.625,8.625,7.438,8.625,14900.0
2000-01-28,8.25,8.25,7.625,7.875,31600.0
2000-01-27,8.125,8.5,8.063,8.125,11200.0
2000-01-26,8.25,8.313,8.0,8.25,13300.0
2000-01-25,8.063,8.313,8.0,8.25,11400.0
2000-01-24,8.625,8.625,8.063,8.125,31500.0
2000-01-21,8.875,8.875,8.625,8.625,8000.0
2000-01-20,8.75,8.875,8.688,8.75,6400.0
2000-01-19,8.75,9.0,8.625,8.813,42100.0
2000-01-18,8.625,8.875,8.625,8.75,18400.0
2000-01-14,8.875,8.938,8.688,8.75,18300.0
2000-01-13,8.75,8.875,8.625,8.625,15700.0
2000-01-12,9.0,9.125,8.625,8.875,29800.0
2000-01-11,9.313,9.5,9.125,9.125,24600.0
2000-01-10,9.0,10.5,8.875,9.375,40500.0
2000-01-07,8.5,9.0,8.0,8.875,45900.0
2000-01-06,7.438,8.875,7.438,8.563,61900.0
2000-01-05,7.188,7.625,7.188,7.438,20800.0
2000-01-04,6.875,7.438,6.75,7.313,55800.0
2000-01-03,7.19,7.19,6.88,6.88,105800.0
1999-12-31,6.438,6.625,6.438,6.438,61000.0
1999-12-30,6.5,6.5,6.375,6.438,73800.0
1999-12-29,6.125,6.563,6.125,6.5,118100.0
1999-12-28,6.125,6.188,5.938,6.125,236300.0
1999-12-27,6.0,6.25,6.0,6.125,85600.0
1999-12-23,6.188,6.25,6.063,6.063,54900.0
1999-12-22,6.25,6.313,6.188,6.188,47600.0
1999-12-21,6.25,6.313,6.188,6.25,58200.0
1999-12-20,6.5,6.75,6.25,6.375,46200.0
1999-12-17,6.625,6.625,6.313,6.625,31700.0
1999-12-16,6.438,6.625,6.438,6.438,39600.0
1999-12-15,6.875,6.875,6.313,6.313,57400.0
1999-12-14,6.313,7.125,6.313,6.938,96900.0
1999-12-13,6.25,6.375,6.25,6.313,30000.0
1999-12-10,6.375,6.375,6.25,6.375,28500.0
1999-12-09,7.0,7.0,6.25,6.5,45500.0
1999-12-08,7.438,7.438,7.063,7.063,17800.0
1999-12-07,7.5,7.5,7.375,7.5,31100.0
1999-12-06,7.938,7.938,7.5,7.5,20100.0
1999-12-03,7.25,8.0,7.25,7.875,39500.0
1999-12-02,7.75,7.75,7.25,7.25,29900.0
1999-12-01,8.188,8.188,7.375,7.75,28100.0
1999-11-30,7.563,8.125,7.25,8.125,70200.0
1999-11-29,6.813,8.188,6.813,7.625,65000.0
1999-11-26,6.688,6.875,6.625,6.813,17100.0
1999-11-24,6.625,6.875,6.625,6.813,61900.0
1999-11-23,6.75,6.813,6.625,6.625,22900.0
1999-11-22,6.75,6.813,6.688,6.75,16500.0
1999-11-19,6.625,6.75,6.625,6.75,29500.0
1999-11-18,6.75,6.75,6.625,6.688,41700.0
1999-11-17,7.0,7.0,6.625,6.75,32800.0
1999-11-16,6.875,7.375,6.625,7.188,92700.0
1999-11-15,8.25,8.25,7.625,7.625,16100.0
1999-11-12,8.625,8.625,8.375,8.375,21200.0
1999-11-11,8.625,8.75,8.375,8.625,21300.0
1999-11-10,7.938,8.75,7.875,8.625,57600.0
1999-11-09,6.438,8.0,6.438,8.0,73500.0
1999-11-08,6.125,6.5,6.0,6.5,50500.0
1999-11-05,6.313,6.313,6.125,6.125,35200.0
1999-11-04,6.313,6.313,6.313,6.313,7800.0
1999-11-03,6.25,6.375,6.25,6.375,43000.0
1999-11-02,6.25,6.375,6.25,6.25,20900.0
1999-11-01,6.375,6.5,6.25,6.25,17600.0
