date,1. open,2. high,3. low,4. close,5. volume
2021-03-15,15.02,15.04,14.94,14.96,78268.0
2021-03-12,14.9,14.99,14.9,14.99,52844.0
2021-03-11,15.02,15.02,14.9599,15.01,28421.0
2021-03-10,14.85,14.9749,14.8259,14.96,43354.0
2021-03-09,14.87,14.87,14.81,14.85,101309.0
2021-03-08,14.84,14.91,14.79,14.79,45272.0
2021-03-05,15.02,15.02,14.77,14.86,52929.0
2021-03-04,15.04,15.05,14.83,14.86,64467.0
2021-03-03,14.95,15.05,14.92,15.04,86640.0
2021-03-02,14.9,14.97,14.9,14.96,36441.0
2021-03-01,14.88,15.08,14.785,14.93,44661.0
2021-02-26,14.87,14.8999,14.75,14.88,63789.0
2021-02-25,14.94,15.0354,14.74,14.75,87908.0
2021-02-24,14.98,15.0491,14.9671,15.02,39336.0
2021-02-23,15.03,15.08,14.84,15.02,113842.0
2021-02-22,14.99,15.12,14.98,15.03,51655.0
2021-02-19,15.13,15.1595,14.98,14.98,67145.0
2021-02-18,15.01,15.16,15.01,15.13,52647.0
2021-02-17,15.04,15.12,15.04,15.07,65394.0
2021-02-16,15.2,15.2,15.05,15.15,79865.0
2021-02-12,15.2,15.2,15.07,15.12,71288.0
2021-02-11,15.19,15.19,15.08,15.13,59053.0
2021-02-10,15.14,15.14,15.07,15.13,39628.0
2021-02-09,15.06,15.12,15.0101,15.09,80828.0
2021-02-08,15.016,15.05,14.9951,15.04,62706.0
2021-02-05,14.96,15.02,14.96,15.02,58810.0
2021-02-04,14.83,15.0,14.83,14.99,88684.0
2021-02-03,14.83,14.87,14.8,14.86,58689.0
2021-02-02,14.8,14.84,14.76,14.81,42448.0
2021-02-01,14.82,14.89,14.74,14.79,88438.0
2021-01-29,14.87,14.98,14.83,14.93,162024.0
2021-01-28,14.89,14.96,14.89,14.95,57199.0
2021-01-27,14.89,14.92,14.8301,14.88,69822.0
2021-01-26,14.88,14.95,14.85,14.86,57497.0
2021-01-25,14.9,14.95,14.825,14.89,68789.0
2021-01-22,14.9,14.9,14.86,14.88,48962.0
2021-01-21,14.84,14.9349,14.84,14.9,50697.0
2021-01-20,14.88,14.95,14.8,14.88,61974.0
2021-01-19,14.87,14.94,14.79,14.87,131720.0
2021-01-15,14.95,14.98,14.83,14.87,66686.0
2021-01-14,14.86,14.94,14.83,14.93,128358.0
2021-01-13,14.7,14.88,14.6703,14.83,99209.0
2021-01-12,14.71,14.77,14.66,14.71,58834.0
2021-01-11,14.65,14.75,14.61,14.69,83187.0
2021-01-08,14.71,14.81,14.708,14.76,45975.0
2021-01-07,14.69,14.817,14.68,14.7,115688.0
2021-01-06,14.6,14.71,14.551,14.6,142808.0
2021-01-05,14.54,14.64,14.51,14.61,149233.0
2021-01-04,14.66,14.66,14.54,14.57,186341.0
2020-12-31,14.71,14.7899,14.61,14.77,165468.0
2020-12-30,14.67,14.8,14.67,14.75,87301.0
2020-12-29,14.62,14.77,14.6,14.7,98183.0
2020-12-28,14.68,14.69,14.57,14.58,86479.0
2020-12-24,14.57,14.69,14.57,14.63,25377.0
2020-12-23,14.5,14.64,14.49,14.53,47266.0
2020-12-22,14.56,14.6,14.51,14.53,95598.0
2020-12-21,14.57,14.65,14.5,14.54,121170.0
2020-12-18,14.55,14.66,14.5268,14.63,75604.0
2020-12-17,14.62,14.67,14.51,14.54,127745.0
2020-12-16,14.55,14.659,14.55,14.62,114564.0
2020-12-15,14.64,14.65,14.53,14.55,91457.0
2020-12-14,14.6,14.6837,14.58,14.58,68419.0
2020-12-11,14.6,14.7,14.56,14.59,103779.0
2020-12-10,14.61,14.7,14.58,14.65,71607.0
2020-12-09,14.59,14.69,14.59,14.65,97773.0
2020-12-08,14.55,14.69,14.55,14.58,97310.0
2020-12-07,14.58,14.63,14.55,14.58,104280.0
2020-12-04,14.6,14.66,14.6,14.63,36389.0
2020-12-03,14.6,14.6599,14.59,14.61,92994.0
2020-12-02,14.52,14.65,14.464,14.62,83793.0
2020-12-01,14.46,14.57,14.4385,14.55,71180.0
2020-11-30,14.5,14.57,14.49,14.57,110493.0
2020-11-27,14.45,14.5099,14.43,14.49,33335.0
2020-11-25,14.4,14.47,14.3731,14.46,62783.0
2020-11-24,14.26,14.38,14.26,14.37,107420.0
2020-11-23,14.27,14.32,14.21,14.22,110401.0
2020-11-20,14.25,14.26,14.2,14.24,37253.0
2020-11-19,14.19,14.28,14.19,14.25,88089.0
2020-11-18,14.17,14.28,14.17,14.22,62417.0
2020-11-17,14.1,14.24,14.06,14.2,62922.0
2020-11-16,14.12,14.17,14.06,14.17,157465.0
2020-11-13,13.99,14.09,13.97,14.01,86170.0
2020-11-12,13.98,14.04,13.95,14.0,101192.0
2020-11-11,14.1,14.1,13.98,14.02,110949.0
2020-11-10,13.98,14.05,13.97,14.01,100511.0
2020-11-09,14.0,14.06,13.88,13.94,107391.0
2020-11-06,13.8,13.83,13.77,13.78,79217.0
2020-11-05,13.76,13.98,13.74,13.79,158266.0
2020-11-04,13.61,13.8,13.61,13.71,156549.0
2020-11-03,13.45,13.54,13.45,13.53,85980.0
2020-11-02,13.49,13.51,13.42,13.42,51453.0
2020-10-30,13.48,13.5598,13.44,13.49,73702.0
2020-10-29,13.48,13.59,13.46,13.57,43939.0
2020-10-28,13.58,13.5831,13.4842,13.52,106212.0
2020-10-27,13.69,13.72,13.69,13.69,31659.0
2020-10-26,13.62,13.72,13.56,13.66,156629.0
2020-10-23,13.96,14.009,13.6502,13.73,516457.0
2020-10-22,14.02,14.02,13.74,13.95,58090.0
2020-10-21,14.02,14.0412,13.95,13.96,51357.0
2020-10-20,13.94,14.0,13.9054,13.99,45552.0
2020-10-19,14.19,14.19,13.86,13.87,152581.0
2020-10-16,14.2,14.24,14.12,14.12,65064.0
2020-10-15,14.29,14.29,14.2001,14.24,83270.0
2020-10-14,14.3,14.33,14.2901,14.31,73118.0
2020-10-13,14.27,14.32,14.2636,14.3,64366.0
2020-10-12,14.1901,14.3,14.1901,14.27,59134.0
2020-10-09,14.14,14.23,14.14,14.19,49843.0
2020-10-08,14.1,14.26,14.0629,14.16,34304.0
2020-10-07,13.96,14.09,13.96,14.08,98364.0
2020-10-06,13.91,13.98,13.91,13.95,51527.0
2020-10-05,13.9,13.92,13.8734,13.91,26434.0
2020-10-02,13.76,13.89,13.76,13.87,46972.0
2020-10-01,13.83,13.9,13.8,13.88,59513.0
2020-09-30,13.98,14.01,13.92,13.92,128507.0
2020-09-29,13.92,13.9799,13.89,13.96,166259.0
2020-09-28,13.84,13.96,13.84,13.95,62053.0
2020-09-25,13.82,13.8773,13.76,13.8,63474.0
2020-09-24,13.85,13.9399,13.84,13.87,73690.0
2020-09-23,14.15,14.2335,13.92,13.96,38729.0
2020-09-22,14.22,14.22,14.16,14.19,48013.0
2020-09-21,14.06,14.21,14.06,14.21,98623.0
2020-09-18,14.3,14.36,14.2,14.26,74392.0
2020-09-17,14.23,14.3,14.2,14.28,85203.0
2020-09-16,14.22,14.3398,14.1091,14.3,70274.0
2020-09-15,14.22,14.23,14.17,14.22,83478.0
2020-09-14,14.07,14.19,14.06,14.17,114808.0
2020-09-11,14.03,14.11,14.03,14.09,67926.0
2020-09-10,13.98,14.0534,13.95,14.01,61610.0
2020-09-09,13.89,14.01,13.89,14.0,56104.0
2020-09-08,13.78,13.9,13.78,13.82,73192.0
2020-09-04,14.06,14.0865,13.8401,13.99,55319.0
2020-09-03,14.1,14.13,14.01,14.05,76452.0
2020-09-02,14.17,14.2066,14.04,14.2,77490.0
2020-09-01,13.99,14.21,13.9461,14.19,127575.0
2020-08-31,14.04,14.11,14.0354,14.08,47877.0
2020-08-28,14.06,14.0918,14.0001,14.08,77431.0
2020-08-27,14.02,14.07,14.01,14.02,52423.0
2020-08-26,14.0,14.06,13.961,14.06,58314.0
2020-08-25,13.97,14.0,13.9689,14.0,67667.0
2020-08-24,14.0,14.02,13.98,14.0,27011.0
2020-08-21,13.91,14.0,13.91,13.99,52316.0
2020-08-20,13.99,14.03,13.92,14.03,89755.0
2020-08-19,13.98,14.015,13.94,13.98,28233.0
2020-08-18,13.94,14.01,13.94,13.98,49822.0
2020-08-17,14.06,14.06,13.94,13.98,57177.0
2020-08-14,14.01,14.0491,13.95,13.95,64732.0
2020-08-13,13.98,14.1,13.98,14.03,48225.0
2020-08-12,13.96,14.04,13.96,14.03,49142.0
2020-08-11,13.99,14.01,13.85,13.9,121385.0
2020-08-10,14.0,14.1,13.91,13.98,172691.0
2020-08-07,13.96,14.02,13.96,13.97,45979.0
2020-08-06,13.98,14.02,13.98,13.99,46546.0
2020-08-05,13.99,14.05,13.99,13.99,50060.0
2020-08-04,13.98,14.14,13.975,14.01,42494.0
2020-08-03,13.91,14.04,13.8705,14.03,58360.0
2020-07-31,14.05,14.0511,13.98,14.02,81120.0
2020-07-30,13.96,14.14,13.77,13.97,92773.0
2020-07-29,13.8,14.0,13.8,14.0,46799.0
2020-07-28,13.68,13.82,13.6787,13.82,88133.0
2020-07-27,13.66,13.73,13.6501,13.72,38476.0
2020-07-24,13.61,13.73,13.6,13.69,48764.0
2020-07-23,13.65,13.71,13.54,13.57,140815.0
2020-07-22,13.52,13.63,13.52,13.63,69970.0
2020-07-21,13.44,13.55,13.44,13.51,51768.0
2020-07-20,13.36,13.5,13.36,13.43,32375.0
2020-07-17,13.38,13.44,13.32,13.39,47842.0
2020-07-16,13.29,13.39,13.28,13.36,70481.0
2020-07-15,13.36,13.36,13.22,13.3,98865.0
2020-07-14,13.15,13.26,13.1,13.22,186900.0
2020-07-13,13.33,13.33,13.17,13.17,75073.0
2020-07-10,13.16,13.3,13.16,13.24,69828.0
2020-07-09,13.26,13.32,13.15,13.2,62486.0
2020-07-08,13.29,13.32,13.26,13.29,70006.0
2020-07-07,13.25,13.34,13.24,13.24,103347.0
2020-07-06,13.33,13.36,13.28,13.33,42099.0
2020-07-02,13.22,13.34,13.22,13.26,70526.0
2020-07-01,13.19,13.24,13.16,13.17,94419.0
2020-06-30,13.15,13.32,13.13,13.27,79759.0
2020-06-29,13.31,13.31,13.17,13.2,59790.0
2020-06-26,13.37,13.39,13.22,13.24,60251.0
2020-06-25,13.4,13.44,13.31,13.4,86573.0
2020-06-24,13.46,13.51,13.37,13.43,103714.0
2020-06-23,13.55,13.55,13.49,13.51,66213.0
2020-06-22,13.52,13.58,13.5,13.51,69975.0
2020-06-19,13.56,13.66,13.49,13.52,144452.0
2020-06-18,13.55,13.58,13.5,13.54,83634.0
2020-06-17,13.6,13.63,13.49,13.54,145444.0
2020-06-16,13.67,13.7,13.52,13.52,141673.0
2020-06-15,13.43,13.6,13.29,13.51,100303.0
2020-06-12,13.64,13.64,13.37,13.48,128365.0
2020-06-11,13.72,13.84,13.31,13.37,272201.0
2020-06-10,14.05,14.05,13.96,14.02,100634.0
2020-06-09,14.05,14.09,13.99,14.07,86494.0
2020-06-08,14.05,14.19,13.99,14.16,150655.0
2020-06-05,14.02,14.06,13.94,13.98,193967.0
2020-06-04,13.98,13.98,13.83,13.85,104429.0
2020-06-03,14.06,14.09,13.97,13.97,113946.0
2020-06-02,14.0,14.05,13.97,14.05,97121.0
2020-06-01,13.7,13.99,13.68,13.95,95581.0
2020-05-29,13.67,13.89,13.67,13.86,118185.0
2020-05-28,13.52,13.77,13.5,13.72,113952.0
2020-05-27,13.48,13.56,13.45,13.55,72733.0
2020-05-26,13.43,13.52,13.42,13.5,210833.0
2020-05-22,13.17,13.33,13.12,13.28,114435.0
2020-05-21,13.07,13.16,13.07,13.13,34154.0
2020-05-20,13.0,13.16,12.98,13.15,76775.0
2020-05-19,12.91,12.99,12.85,12.97,51698.0
2020-05-18,12.84,13.01,12.82,12.99,77724.0
2020-05-15,12.69,12.71,12.61,12.65,82627.0
2020-05-14,12.6,12.7,12.5,12.69,69243.0
2020-05-13,12.74,12.82,12.18,12.75,125331.0
2020-05-12,12.93,12.93,12.81,12.81,72403.0
2020-05-11,12.72,12.88,12.72,12.85,72205.0
2020-05-08,12.82,12.87,12.77,12.87,67727.0
2020-05-07,12.75,12.81,12.73,12.74,61224.0
2020-05-06,12.63,12.7,12.63,12.69,64439.0
2020-05-05,12.63,12.75,12.59,12.64,60315.0
2020-05-04,12.48,12.63,12.48,12.58,96776.0
2020-05-01,12.56,12.6,12.51,12.58,66265.0
2020-04-30,12.72,12.83,12.72,12.82,79875.0
2020-04-29,12.8,12.87,12.76,12.82,118560.0
2020-04-28,12.87,12.87,12.69,12.7,52739.0
2020-04-27,12.75,12.89,12.72,12.76,116145.0
2020-04-24,12.93,12.93,12.68,12.69,114614.0
2020-04-23,12.88,13.0,12.85,12.93,230963.0
2020-04-22,12.83,13.03,12.83,12.87,133647.0
2020-04-21,12.64,12.82,12.62,12.79,133100.0
2020-04-20,12.92,12.98,12.82,12.88,114799.0
2020-04-17,12.92,13.0,12.84,12.98,140920.0
2020-04-16,12.85,12.85,12.68,12.78,218871.0
2020-04-15,12.86,12.87,12.67,12.81,163687.0
2020-04-14,12.9,13.13,12.9,12.99,192582.0
2020-04-13,12.92,12.93,12.58,12.72,92050.0
2020-04-09,12.72,13.36,12.72,12.84,203159.0
2020-04-08,12.05,12.44,12.05,12.32,124425.0
2020-04-07,12.01,12.19,11.91,11.97,104765.0
2020-04-06,11.77,11.95,11.66,11.81,136360.0
2020-04-03,11.76,11.83,11.39,11.48,128752.0
2020-04-02,11.55,11.9,11.55,11.9,117225.0
2020-04-01,11.6,11.79,11.56,11.73,212816.0
2020-03-31,11.88,12.28,11.88,12.17,144956.0
2020-03-30,11.82,12.09,11.5,12.0,156898.0
2020-03-27,11.74,12.11,11.67,11.87,121706.0
2020-03-26,11.28,12.22,11.28,12.19,344670.0
2020-03-25,10.55,11.48,10.55,11.3,182562.0
2020-03-24,10.06,10.49,10.06,10.42,270420.0
2020-03-23,10.62,10.62,9.55,9.68,321494.0
2020-03-20,10.65,11.18,10.18,10.55,400579.0
2020-03-19,10.0,10.86,9.61,10.48,364289.0
2020-03-18,11.5,11.51,9.97,10.12,373723.0
2020-03-17,11.74,12.08,11.54,11.88,212986.0
2020-03-16,11.9,12.16,11.52,11.65,366341.0
2020-03-13,12.51,12.84,12.36,12.81,232256.0
2020-03-12,12.8,12.8,11.77,12.17,280109.0
2020-03-11,13.46,13.6,13.27,13.3,267033.0
2020-03-10,13.93,14.04,13.28,13.73,336007.0
2020-03-09,14.34,14.34,13.52,13.75,294351.0
2020-03-06,14.84,14.84,14.61,14.84,148116.0
2020-03-05,15.12,15.22,14.97,15.03,179888.0
2020-03-04,15.04,15.4,15.02,15.38,160383.0
2020-03-03,14.8,15.13,14.8,14.86,181667.0
2020-03-02,14.38,14.97,14.37,14.76,232235.0
2020-02-28,14.83,14.95,14.32,14.35,426376.0
2020-02-27,15.3,15.35,15.06,15.14,312410.0
2020-02-26,15.34,15.45,15.34,15.43,72773.0
2020-02-25,15.64,15.68,15.27,15.33,176406.0
2020-02-24,15.72,15.81,15.61,15.66,83059.0
2020-02-21,15.96,16.01,15.88,15.89,221242.0
2020-02-20,15.97,15.99,15.94,15.96,95034.0
2020-02-19,15.9,15.97,15.9,15.97,52357.0
2020-02-18,15.81,15.88,15.81,15.88,105774.0
2020-02-14,15.79,15.83,15.79,15.81,50725.0
2020-02-13,15.77,15.86,15.77,15.82,204276.0
2020-02-12,15.79,15.82,15.75,15.81,143429.0
2020-02-11,15.75,15.78,15.74,15.75,131045.0
2020-02-10,15.68,15.77,15.68,15.75,108229.0
2020-02-07,15.69,15.72,15.65,15.7,134777.0
2020-02-06,15.7,15.72,15.66,15.69,72914.0
2020-02-05,15.64,15.71,15.63,15.7,98845.0
2020-02-04,15.61,15.64,15.61,15.63,70995.0
2020-02-03,15.6,15.65,15.5,15.58,130489.0
2020-01-31,15.72,15.77,15.64,15.65,98139.0
2020-01-30,15.69,15.8,15.69,15.77,167754.0
2020-01-29,15.83,15.83,15.79,15.79,131417.0
2020-01-28,15.56,15.8,15.39,15.79,165433.0
2020-01-27,15.77,15.78,15.53,15.6,201773.0
2020-01-24,15.93,15.94,15.85,15.85,189053.0
2020-01-23,15.93,15.96,15.91,15.92,146340.0
2020-01-22,15.94,15.97,15.93,15.97,180455.0
2020-01-21,15.92,15.94,15.91,15.94,150804.0
2020-01-17,15.91,15.94,15.9,15.91,77913.0
2020-01-16,15.9,15.95,15.87,15.94,96484.0
2020-01-15,15.85,15.94,15.82,15.92,136597.0
2020-01-14,15.75,15.87,15.75,15.83,188436.0
2020-01-13,15.71,15.77,15.71,15.77,95693.0
2020-01-10,15.72,15.74,15.69,15.74,34589.0
2020-01-09,15.78,15.78,15.69,15.74,97370.0
2020-01-08,15.78,15.8,15.77,15.77,54955.0
2020-01-07,15.72,15.8,15.72,15.76,103498.0
2020-01-06,15.71,15.78,15.7,15.7,376388.0
2020-01-03,15.61,15.75,15.61,15.75,349817.0
2020-01-02,15.7,15.75,15.65,15.65,365647.0
2019-12-31,15.62,15.79,15.6,15.75,372794.0
2019-12-30,15.61,15.69,15.6,15.65,204187.0
2019-12-27,15.62,15.63,15.55,15.63,146537.0
2019-12-26,15.65,15.67,15.58,15.67,55164.0
2019-12-24,15.6,15.65,15.59,15.65,59293.0
2019-12-23,15.65,15.65,15.56,15.6,72873.0
2019-12-20,15.6,15.63,15.55,15.56,152425.0
2019-12-19,15.59,15.65,15.59,15.64,80583.0
2019-12-18,15.6,15.63,15.53,15.6,91396.0
2019-12-17,15.53,15.65,15.52,15.62,99413.0
2019-12-16,15.6,15.6,15.56,15.56,63610.0
2019-12-13,15.53,15.57,15.52,15.57,72574.0
2019-12-12,15.63,15.63,15.48,15.55,109646.0
2019-12-11,15.56,15.64,15.5,15.63,146671.0
2019-12-10,15.4,15.66,15.4,15.57,195628.0
2019-12-09,15.39,15.43,15.39,15.41,49181.0
2019-12-06,15.33,15.4,15.32,15.39,70163.0
2019-12-05,15.33,15.4,15.31,15.34,178546.0
2019-12-04,15.3,15.38,15.3,15.36,152681.0
2019-12-03,15.29,15.34,15.19,15.34,98519.0
2019-12-02,15.36,15.37,15.28,15.31,51539.0
2019-11-29,15.44,15.56,15.43,15.51,49158.0
2019-11-27,15.49,15.51,15.43,15.46,116107.0
2019-11-26,15.37,15.5,15.35,15.5,1233530.0
2019-11-25,15.36,15.44,15.36,15.4,59474.0
2019-11-22,15.35,15.42,15.28,15.37,71490.0
2019-11-21,15.37,15.39,15.32,15.34,52622.0
2019-11-20,15.32,15.46,15.27,15.36,61077.0
2019-11-19,15.35,15.42,15.32,15.34,79517.0
2019-11-18,15.36,15.49,15.12,15.33,280839.0
2019-11-15,15.46,15.48,15.37,15.37,93964.0
2019-11-14,15.44,15.52,15.34,15.42,131577.0
2019-11-13,15.38,15.45,15.31,15.45,75792.0
2019-11-12,15.36,15.42,15.35,15.41,69861.0
2019-11-11,15.31,15.43,15.27,15.42,118668.0
2019-11-08,15.26,15.34,15.24,15.33,189756.0
2019-11-07,15.3,15.34,15.29,15.3,71947.0
2019-11-06,15.4,15.4,15.31,15.32,126540.0
2019-11-05,15.39,15.39,15.33,15.37,94317.0
2019-11-04,15.48,15.52,15.34,15.39,76216.0
2019-11-01,15.41,15.75,15.28,15.52,135947.0
2019-10-31,15.47,15.61,15.34,15.49,247231.0
2019-10-30,15.4,15.4,15.31,15.37,49913.0
2019-10-29,15.31,15.38,15.25,15.38,48135.0
2019-10-28,15.37,15.38,15.3,15.37,87972.0
2019-10-25,15.3,15.37,15.29,15.36,141276.0
2019-10-24,15.34,15.34,15.26,15.31,90981.0
2019-10-23,15.26,15.36,15.25,15.35,86939.0
2019-10-22,15.17,15.33,15.17,15.29,140001.0
2019-10-21,15.16,15.2,15.14,15.2,37456.0
2019-10-18,15.12,15.18,15.07,15.17,75310.0
2019-10-17,15.18,15.18,15.13,15.18,77383.0
2019-10-16,15.15,15.2,15.15,15.18,85916.0
2019-10-15,15.19,15.2,15.16,15.19,76240.0
2019-10-14,15.12,15.16,15.1,15.13,34085.0
2019-10-11,15.16,15.2,15.13,15.14,31042.0
2019-10-10,15.03,15.18,15.03,15.18,60971.0
2019-10-09,14.95,15.09,14.93,15.01,119662.0
2019-10-08,14.93,14.93,14.87,14.91,122546.0
2019-10-07,14.94,14.96,14.88,14.94,45046.0
2019-10-04,14.96,14.98,14.9,14.98,57274.0
2019-10-03,14.99,14.99,14.87,14.96,72909.0
2019-10-02,15.0,15.0,14.9,14.97,165941.0
2019-10-01,15.04,15.11,15.0,15.02,114772.0
2019-09-30,15.17,15.2,15.09,15.16,149033.0
2019-09-27,15.21,15.21,15.13,15.17,37614.0
2019-09-26,15.24,15.24,15.16,15.21,69995.0
2019-09-25,15.18,15.24,15.16,15.22,106720.0
2019-09-24,15.2,15.22,15.16,15.19,73784.0
2019-09-23,15.2,15.25,15.18,15.21,54885.0
2019-09-20,15.17,15.21,15.16,15.19,68646.0
2019-09-19,15.06,15.17,15.03,15.14,98659.0
2019-09-18,15.0,15.12,15.0,15.09,91384.0
2019-09-17,15.03,15.08,14.97,15.02,87556.0
2019-09-16,15.0,15.03,14.94,15.01,62122.0
2019-09-13,14.97,15.04,14.95,14.96,45361.0
2019-09-12,14.96,15.05,14.95,14.97,185858.0
2019-09-11,14.95,14.98,14.87,14.96,187148.0
2019-09-10,14.9,14.95,14.88,14.95,64807.0
2019-09-09,14.88,14.95,14.83,14.94,178694.0
2019-09-06,14.8,14.94,14.79,14.91,112584.0
2019-09-05,14.85,14.9,14.79,14.83,101589.0
2019-09-04,14.78,14.84,14.73,14.84,59498.0
2019-09-03,14.69,14.72,14.63,14.71,34172.0
2019-08-30,14.92,14.92,14.76,14.76,99080.0
2019-08-29,14.89,14.93,14.88,14.92,54252.0
2019-08-28,14.73,14.89,14.73,14.86,114938.0
2019-08-27,14.78,14.8,14.72,14.74,55577.0
2019-08-26,14.82,14.83,14.74,14.81,74268.0
2019-08-23,14.8,14.82,14.7,14.75,80941.0
2019-08-22,14.76,14.81,14.75,14.77,71077.0
2019-08-21,14.77,14.81,14.74,14.79,63929.0
2019-08-20,14.77,14.81,14.74,14.75,67173.0
2019-08-19,14.84,14.84,14.65,14.76,62149.0
2019-08-16,14.67,14.81,14.65,14.74,70911.0
2019-08-15,14.71,14.72,14.66,14.67,82638.0
2019-08-14,14.66,14.67,14.55,14.6,71202.0
2019-08-13,14.69,14.71,14.62,14.71,47967.0
2019-08-12,14.66,14.67,14.62,14.66,40128.0
2019-08-09,14.63,14.67,14.62,14.65,25070.0
2019-08-08,14.59,14.65,14.53,14.62,56437.0
2019-08-07,14.57,14.62,14.5,14.62,92723.0
2019-08-06,14.8,14.8,14.61,14.63,109950.0
2019-08-05,14.94,14.94,14.62,14.7,175037.0
2019-08-02,15.03,15.04,14.99,15.04,78268.0
2019-08-01,14.88,15.08,14.88,15.03,136051.0
2019-07-31,15.05,15.08,14.96,15.01,242245.0
2019-07-30,15.02,15.08,14.95,15.03,157796.0
2019-07-29,14.97,15.04,14.95,15.03,88087.0
2019-07-26,14.94,15.01,14.94,15.01,68183.0
2019-07-25,14.87,14.94,14.86,14.92,67720.0
2019-07-24,14.89,14.96,14.81,14.88,135257.0
2019-07-23,14.91,14.91,14.83,14.89,131892.0
2019-07-22,14.95,15.1,14.84,14.88,104329.0
2019-07-19,15.02,15.02,14.81,14.92,66517.0
2019-07-18,15.05,15.11,15.02,15.03,44114.0
2019-07-17,15.14,15.14,15.06,15.06,43185.0
2019-07-16,15.04,15.14,15.02,15.1,73091.0
2019-07-15,14.99,15.08,14.95,15.02,39019.0
2019-07-12,14.99,15.03,14.92,14.98,42361.0
2019-07-11,14.96,15.1,14.95,14.99,88527.0
2019-07-10,14.93,15.01,14.93,15.0,90865.0
2019-07-09,14.92,14.95,14.86,14.92,68671.0
2019-07-08,14.92,14.92,14.82,14.91,39354.0
2019-07-05,14.88,14.94,14.82,14.94,29168.0
2019-07-03,14.88,14.95,14.87,14.95,28149.0
2019-07-02,14.82,14.92,14.81,14.9,33779.0
2019-07-01,14.95,14.95,14.81,14.82,46752.0
2019-06-28,14.9,15.02,14.85,15.02,107676.0
2019-06-27,14.88,14.93,14.86,14.91,105554.0
2019-06-26,14.83,14.88,14.78,14.82,57473.0
2019-06-25,14.84,14.85,14.75,14.82,97289.0
2019-06-24,14.82,14.84,14.78,14.8,53496.0
2019-06-21,14.79,14.8,14.74,14.78,36648.0
2019-06-20,14.72,14.79,14.72,14.79,33296.0
2019-06-19,14.68,14.73,14.62,14.73,48636.0
2019-06-18,14.73,14.76,14.67,14.7,72076.0
2019-06-17,14.69,14.7,14.64,14.65,63347.0
2019-06-14,14.63,14.66,14.6,14.64,26028.0
2019-06-13,14.68,14.68,14.61,14.62,51628.0
2019-06-12,14.69,14.69,14.6,14.63,46293.0
2019-06-11,14.63,14.69,14.59,14.69,127601.0
2019-06-10,14.56,14.629,14.56,14.57,89630.0
2019-06-07,14.46,14.6,14.46,14.51,120095.0
2019-06-06,14.4,14.48,14.39,14.46,55571.0
2019-06-05,14.35,14.39,14.35,14.39,57709.0
2019-06-04,14.22,14.34,14.22,14.33,153771.0
2019-06-03,14.26,14.3,14.16,14.18,142606.0
2019-05-31,14.46,14.48,14.29,14.29,103676.0
2019-05-30,14.48,14.54,14.48,14.53,123701.0
2019-05-29,14.54,14.56,14.47,14.48,90448.0
2019-05-28,14.59,14.59,14.48,14.57,73713.0
2019-05-24,14.58,14.58,14.52,14.55,53477.0
2019-05-23,14.6,14.6,14.51,14.55,92845.0
2019-05-22,14.62,14.7,14.62,14.63,93428.0
2019-05-21,14.59,14.65,14.59,14.6,56801.0
2019-05-20,14.55,14.63,14.55,14.59,82627.0
2019-05-17,14.54,14.62,14.54,14.59,71552.0
2019-05-16,14.6,14.69,14.54,14.55,155668.0
2019-05-15,14.56,14.62,14.53,14.59,106572.0
2019-05-14,14.51,14.58,14.47,14.58,68041.0
2019-05-13,14.52,14.52,14.44,14.48,49809.0
2019-05-10,14.57,14.63,14.54,14.6,51024.0
2019-05-09,14.52,14.61,14.48,14.56,112530.0
2019-05-08,14.59,14.65,14.59,14.6,44624.0
2019-05-07,14.62,14.64,14.57,14.59,85808.0
2019-05-06,14.62,14.72,14.56,14.68,67944.0
2019-05-03,14.72,14.78,14.72,14.74,64613.0
2019-05-02,14.67,14.72,14.67,14.71,55787.0
2019-05-01,14.66,14.7,14.65,14.68,90368.0
2019-04-30,14.73,14.78,14.7,14.77,103698.0
2019-04-29,14.7,14.76,14.7,14.71,113922.0
2019-04-26,14.73,14.75,14.71,14.74,35109.0
2019-04-25,14.78,14.79,14.68,14.72,65495.0
2019-04-24,14.77,14.79,14.75,14.76,72399.0
2019-04-23,14.7,14.8,14.7,14.77,97519.0
2019-04-22,14.66,14.72,14.65,14.7,75058.0
2019-04-18,14.7,14.73,14.66,14.66,64536.0
2019-04-17,14.68,14.72,14.66,14.7,83278.0
2019-04-16,14.68,14.73,14.64,14.66,69417.0
2019-04-15,14.65,14.7,14.61,14.68,64238.0
2019-04-12,14.6,14.65,14.6,14.63,33505.0
2019-04-11,14.59,14.6,14.59,14.59,49208.0
2019-04-10,14.51,14.6,14.51,14.58,65486.0
2019-04-09,14.53,14.56,14.52,14.54,74149.0
2019-04-08,14.55,14.59,14.47,14.53,125708.0
2019-04-05,14.6,14.65,14.56,14.56,62457.0
2019-04-04,14.55,14.61,14.55,14.59,95340.0
2019-04-03,14.62,14.65,14.55,14.57,98278.0
2019-04-02,14.55,14.61,14.55,14.61,87183.0
2019-04-01,14.53,14.58,14.51,14.56,74778.0
2019-03-29,14.56,14.65,14.54,14.61,104195.0
2019-03-28,14.49,14.57,14.45,14.56,37809.0
2019-03-27,14.52,14.52,14.47,14.49,69691.0
2019-03-26,14.51,14.56,14.51,14.53,56179.0
2019-03-25,14.52,14.53,14.41,14.49,99038.0
2019-03-22,14.52,14.54,14.48,14.52,123111.0
2019-03-21,14.51,14.58,14.51,14.52,136407.0
2019-03-20,14.51,14.58,14.49,14.55,168324.0
2019-03-19,14.5,14.52,14.49,14.5,67516.0
2019-03-18,14.44,14.52,14.44,14.49,130893.0
2019-03-15,14.5,14.5,14.44,14.44,136562.0
2019-03-14,14.48,14.48,14.42,14.46,85840.0
2019-03-13,14.46,14.52,14.43,14.48,83417.0
2019-03-12,14.45,14.52,14.45,14.45,49553.0
2019-03-11,14.42,14.46,14.4,14.45,88273.0
2019-03-08,14.35,14.42,14.33,14.41,53015.0
2019-03-07,14.44,14.46,14.38,14.38,131361.0
2019-03-06,14.52,14.53,14.42,14.46,125686.0
2019-03-05,14.51,14.53,14.35,14.52,74653.0
2019-03-04,14.54,14.54,14.46,14.52,71670.0
2019-03-01,14.53,14.54,14.51,14.53,90347.0
2019-02-28,14.57,14.61,14.53,14.58,137434.0
2019-02-27,14.59,14.66,14.58,14.62,47203.0
2019-02-26,14.57,14.64,14.57,14.62,60047.0
2019-02-25,14.61,14.65,14.58,14.59,92241.0
2019-02-22,14.53,14.6,14.52,14.59,69193.0
2019-02-21,14.52,14.52,14.48,14.5,90060.0
2019-02-20,14.49,14.51,14.47,14.5,131020.0
2019-02-19,14.46,14.5,14.4328,14.47,84640.0
2019-02-15,14.5,14.53,14.44,14.48,206189.0
2019-02-14,14.45,14.48,14.42,14.43,69385.0
2019-02-13,14.4,14.45,14.4,14.45,57766.0
2019-02-12,14.29,14.41,14.27,14.4,86529.0
2019-02-11,14.24,14.3,14.23,14.27,41750.0
2019-02-08,14.23,14.28,14.22,14.25,37343.0
2019-02-07,14.32,14.35,14.29,14.32,77661.0
2019-02-06,14.3,14.35,14.3,14.35,91233.0
2019-02-05,14.29,14.35,14.23,14.31,64539.0
2019-02-04,14.24,14.3,14.24,14.29,51307.0
2019-02-01,14.23,14.28,14.21,14.24,90104.0
2019-01-31,14.17,14.33,14.14,14.33,206876.0
2019-01-30,14.12,14.22,14.12,14.19,79196.0
2019-01-29,14.08,14.14,14.08,14.1,106510.0
2019-01-28,14.03,14.09,14.03,14.09,48290.0
2019-01-25,14.09,14.13,14.09,14.1,97654.0
2019-01-24,14.12,14.12,14.0,14.06,141605.0
2019-01-23,13.95,13.99,13.94,13.98,99172.0
2019-01-22,13.91,13.98,13.88,13.92,82876.0
2019-01-18,14.02,14.05,13.98,13.98,125712.0
2019-01-17,13.97,14.02,13.97,14.01,77579.0
2019-01-16,13.94,13.99,13.93,13.97,228165.0
2019-01-15,13.83,13.9,13.81,13.9,139015.0
2019-01-14,13.76,13.89,13.76,13.78,141968.0
2019-01-11,13.91,13.94,13.85,13.92,65530.0
2019-01-10,13.91,13.98,13.89,13.98,172846.0
2019-01-09,13.92,13.96,13.88,13.92,140663.0
2019-01-08,13.87,13.96,13.86,13.93,97051.0
2019-01-07,13.59,13.84,13.59,13.83,140550.0
2019-01-04,13.6,13.64,13.44,13.57,328487.0
2019-01-03,13.18,13.3,13.18,13.28,272020.0
2019-01-02,13.13,13.34,13.12,13.25,243528.0
2018-12-31,13.34,13.47,13.24,13.28,523825.0
2018-12-28,13.1,13.41,13.1,13.3,335323.0
2018-12-27,12.99,13.12,12.97,13.1,479535.0
2018-12-26,12.84,13.23,12.77,13.18,361602.0
2018-12-24,12.72,12.84,12.72,12.84,165113.0
2018-12-21,12.93,13.04,12.77,12.78,342653.0
2018-12-20,13.1,13.1,12.67,12.99,463808.0
2018-12-19,13.21,13.28,13.125,13.185,286257.0
2018-12-18,13.4,13.44,13.21,13.26,238772.0
2018-12-17,13.64,13.64,13.39,13.4,188720.0
2018-12-14,13.63,13.7,13.63,13.64,142739.0
2018-12-13,13.88,13.88,13.72,13.75,125036.0
2018-12-12,13.73,13.91,13.73,13.86,159801.0
2018-12-11,13.71,13.78,13.7,13.71,191511.0
2018-12-10,13.65,13.73,13.61,13.71,137036.0
2018-12-07,13.65,13.7,13.62,13.68,142239.0
2018-12-06,13.62,13.74,13.57,13.66,190787.0
2018-12-04,13.8,13.86,13.77,13.8,120031.0
2018-12-03,13.8,13.92,13.78,13.84,182357.0
2018-11-30,13.85,13.85,13.78,13.82,122112.0
2018-11-29,13.86,13.91,13.85,13.88,159649.0
2018-11-28,13.77,13.9,13.76,13.88,165125.0
2018-11-27,13.69,13.81,13.69,13.78,142212.0
2018-11-26,13.72,13.82,13.71,13.77,92214.0
2018-11-23,13.72,13.74,13.69,13.69,51652.0
2018-11-21,13.74,13.8282,13.7,13.75,116009.0
2018-11-20,13.77,13.79,13.71,13.75,96825.0
2018-11-19,13.9,13.9,13.78,13.85,88321.0
2018-11-16,13.95,13.95,13.9,13.93,320064.0
2018-11-15,14.04,14.04,13.93,13.99,242633.0
2018-11-14,14.11,14.14,14.01,14.04,111918.0
2018-11-13,14.13,14.13,14.09,14.09,80457.0
2018-11-12,14.18,14.18,14.04,14.1,103992.0
2018-11-09,14.23,14.23,14.15,14.16,101051.0
2018-11-08,14.23,14.27,14.2,14.25,147679.0
2018-11-07,14.09,14.27,14.09,14.24,86610.0
2018-11-06,13.97,14.07,13.97,14.06,58157.0
2018-11-05,13.91,14.02,13.91,14.01,112098.0
2018-11-02,13.9,13.95,13.9,13.92,76637.0
2018-11-01,13.83,13.95,13.83,13.9,104324.0
2018-10-31,14.02,14.04,13.89,13.91,267215.0
2018-10-30,13.87,14.0,13.83,14.0,128507.0
2018-10-29,14.12,14.12,13.88,13.96,132833.0
2018-10-26,14.12,14.12,14.01,14.07,182809.0
2018-10-25,14.15,14.15,14.07,14.12,65442.0
2018-10-24,14.14,14.18,14.08,14.09,77120.0
2018-10-23,14.27,14.28,14.19,14.19,85965.0
2018-10-22,14.34,14.34,14.29,14.32,40784.0
2018-10-19,14.36,14.42,14.29,14.31,87634.0
2018-10-18,14.41,14.41,14.34,14.34,66156.0
2018-10-17,14.4,14.46,14.39,14.44,69977.0
2018-10-16,14.36,14.47,14.32,14.44,141688.0
2018-10-15,14.31,14.31,14.21,14.3,157195.0
2018-10-12,14.25,14.33,14.25,14.28,122700.0
2018-10-11,14.17,14.24,14.17,14.21,99975.0
2018-10-10,14.32,14.37,14.12,14.14,180588.0
2018-10-09,14.39,14.41,14.35,14.35,95883.0
2018-10-08,14.33,14.4,14.25,14.37,90682.0
2018-10-05,14.51,14.53,14.24,14.38,150900.0
2018-10-04,14.68,14.71,14.51,14.54,138343.0
2018-10-03,14.73,14.7674,14.68,14.69,96605.0
2018-10-02,14.69,14.76,14.69,14.73,74737.0
2018-10-01,14.65,14.75,14.65,14.73,70554.0
2018-09-28,14.84,14.84,14.75,14.75,92177.0
2018-09-27,14.79,14.83,14.75,14.81,80031.0
2018-09-26,14.8,14.82,14.78,14.78,129300.0
2018-09-25,14.81,14.83,14.78,14.8,97134.0
2018-09-24,14.78,14.82,14.78,14.79,122069.0
2018-09-21,14.82,14.86,14.78,14.78,98661.0
2018-09-20,14.86,14.86,14.78,14.81,105604.0
2018-09-19,14.87,14.9,14.83,14.84,71377.0
2018-09-18,14.87,14.9,14.85,14.87,175830.0
2018-09-17,14.89,14.9,14.84,14.84,86751.0
2018-09-14,14.89,14.89,14.82,14.87,74522.0
2018-09-13,14.86,14.92,14.86,14.88,100837.0
2018-09-12,14.82,14.9,14.82,14.85,131891.0
2018-09-11,14.8,14.821,14.785,14.81,76589.0
2018-09-10,14.78,14.81,14.78,14.8,69272.0
2018-09-07,14.79,14.84,14.78,14.8,142805.0
2018-09-06,14.8,14.83,14.75,14.82,111625.0
2018-09-05,14.86,14.88,14.81,14.82,100594.0
2018-09-04,14.89,14.92,14.84,14.85,114214.0
2018-08-31,14.98,15.0,14.94,14.98,131429.0
2018-08-30,14.9,14.98,14.9,14.98,193463.0
2018-08-29,14.92,14.99,14.9,14.92,128632.0
2018-08-28,14.9,14.94,14.89,14.94,103989.0
2018-08-27,14.93,14.94,14.9,14.91,151700.0
2018-08-24,14.92,14.96,14.91,14.92,85818.0
2018-08-23,14.9,14.93,14.87,14.91,101161.0
2018-08-22,14.87,14.9,14.85,14.9,117806.0
2018-08-21,14.9,14.9,14.86,14.89,132261.0
2018-08-20,14.84,14.88,14.84,14.86,75644.0
2018-08-17,14.8,14.86,14.8,14.84,120034.0
2018-08-16,14.8,14.82,14.77,14.82,148745.0
2018-08-15,14.76,14.8,14.74,14.77,79073.0
2018-08-14,14.73,14.77,14.72,14.77,95210.0
2018-08-13,14.74,14.78,14.72,14.73,93287.0
2018-08-10,14.64,14.76,14.64,14.74,148155.0
2018-08-09,14.71,14.81,14.69,14.73,246609.0
2018-08-08,14.61,14.73,14.61,14.71,144131.0
2018-08-07,14.55,14.68,14.55,14.68,133238.0
2018-08-06,14.55,14.62,14.55,14.62,92547.0
2018-08-03,14.5,14.58,14.5,14.54,96347.0
2018-08-02,14.46,14.55,14.46,14.51,110353.0
2018-08-01,14.48,14.54,14.48,14.53,85328.0
2018-07-31,14.64,14.67,14.57,14.63,146442.0
2018-07-30,14.66,14.68,14.62,14.64,91932.0
2018-07-27,14.69,14.69,14.63,14.66,103707.0
2018-07-26,14.64,14.68,14.61,14.65,174841.0
2018-07-25,14.63,14.68,14.63,14.65,175009.0
2018-07-24,14.59,14.65,14.59,14.63,135346.0
2018-07-23,14.57,14.6,14.55,14.6,106742.0
2018-07-20,14.51,14.58,14.51,14.56,111725.0
2018-07-19,14.51,14.54,14.5,14.54,90541.0
2018-07-18,14.57,14.57,14.51,14.51,74679.0
2018-07-17,14.52,14.55,14.5,14.55,170242.0
2018-07-16,14.53,14.54,14.5,14.52,113030.0
2018-07-13,14.49,14.52,14.49,14.52,65794.0
2018-07-12,14.47,14.53,14.47,14.49,94024.0
2018-07-11,14.45,14.5,14.45,14.47,87176.0
2018-07-10,14.45,14.5,14.44,14.48,125200.0
2018-07-09,14.56,14.57,14.35,14.46,293433.0
2018-07-06,14.51,14.55,14.5,14.55,82354.0
2018-07-05,14.48,14.5,14.47,14.5,63761.0
2018-07-03,14.44,14.5,14.42,14.49,64404.0
2018-07-02,14.53,14.59,14.46,14.5,208537.0
2018-06-29,14.73,14.74,14.66,14.73,196139.0
2018-06-28,14.7,14.74,14.67,14.74,169558.0
2018-06-27,14.73,14.77,14.69,14.71,83740.0
2018-06-26,14.7,14.75,14.7,14.72,60242.0
2018-06-25,14.77,14.79,14.69,14.73,82846.0
2018-06-22,14.81,14.83,14.78,14.78,43288.0
2018-06-21,14.8,14.84,14.78,14.81,75775.0
2018-06-20,14.77,14.83,14.77,14.83,69641.0
2018-06-19,14.78,14.83,14.76,14.77,87339.0
2018-06-18,14.79,14.83,14.77,14.83,78660.0
2018-06-15,14.89,14.89,14.75,14.78,105401.0
2018-06-14,14.81,14.88,14.77,14.88,119116.0
2018-06-13,14.78,14.81,14.75,14.77,58069.0
2018-06-12,14.78,14.81,14.77,14.78,72733.0
2018-06-11,14.83,14.84,14.75,14.79,118212.0
2018-06-08,14.8,14.84,14.74,14.84,116101.0
2018-06-07,14.74,14.79,14.72,14.79,94425.0
2018-06-06,14.7,14.76,14.69,14.74,115381.0
2018-06-05,14.7,14.75,14.69,14.71,84119.0
2018-06-04,14.67,14.76,14.67,14.69,101093.0
2018-06-01,14.63,14.73,14.63,14.66,97194.0
2018-05-31,14.83,14.86,14.75,14.75,144354.0
2018-05-30,14.8,14.86,14.79,14.82,122351.0
2018-05-29,14.84,14.86,14.75,14.83,88259.0
2018-05-25,14.86,14.86,14.81,14.85,96754.0
2018-05-24,14.91,14.919,14.83,14.87,132830.0
2018-05-23,14.88,14.94,14.88,14.92,69141.0
2018-05-22,14.91,14.95,14.91,14.92,77710.0
2018-05-21,14.94,14.96,14.9,14.93,98735.0
2018-05-18,14.91,14.94,14.91,14.92,52805.0
2018-05-17,14.9,14.95,14.9,14.94,77817.0
2018-05-16,14.99,14.99,14.92,14.95,86991.0
2018-05-15,14.98,15.0,14.91,14.94,87237.0
2018-05-14,14.99,15.02,14.98,14.99,74204.0
2018-05-11,14.97,15.01,14.96,14.99,72164.0
2018-05-10,14.95,15.03,14.95,14.98,71507.0
2018-05-09,14.97,15.03,14.97,14.97,56272.0
2018-05-08,14.93,15.02,14.91,14.97,60722.0
2018-05-07,15.04,15.05,14.97,14.97,70876.0
2018-05-04,15.04,15.06,15.01,15.05,55500.0
2018-05-03,15.07,15.07,15.0,15.06,71413.0
2018-05-02,15.05,15.07,15.02,15.04,114533.0
2018-05-01,15.0,15.06,15.0,15.0,106477.0
2018-04-30,15.07,15.14,15.07,15.11,88167.0
2018-04-27,15.05,15.13,15.05,15.07,81369.0
2018-04-26,15.03,15.09,15.03,15.05,65991.0
2018-04-25,15.0,15.05,14.98,15.01,97901.0
2018-04-24,15.05,15.1,15.02,15.03,138894.0
2018-04-23,15.08,15.08,15.03,15.05,84654.0
2018-04-20,15.11,15.11,15.03,15.05,69596.0
2018-04-19,15.13,15.14,15.07,15.09,101218.0
2018-04-18,15.19,15.23,15.13,15.13,112658.0
2018-04-17,15.18,15.25,15.18,15.2,129121.0
2018-04-16,15.12,15.18,15.08,15.17,73153.0
2018-04-13,15.14,15.14,15.09,15.11,55439.0
2018-04-12,15.15,15.16,15.06,15.07,108222.0
2018-04-11,15.09,15.13,15.05,15.13,102623.0
2018-04-10,15.04,15.08,15.03,15.08,77224.0
2018-04-09,15.0,15.03,14.98,15.02,92932.0
2018-04-06,14.97,15.0,14.97,14.97,94731.0
2018-04-05,14.92,14.99,14.92,14.98,121180.0
2018-04-04,14.93,15.0,14.91,14.91,130418.0
2018-04-03,14.97,15.01,14.94,14.99,80778.0
2018-04-02,15.03,15.03,14.96,14.96,177115.0
2018-03-29,15.06,15.11,15.04,15.05,161401.0
2018-03-28,15.01,15.03,15.0,15.0,78201.0
2018-03-27,15.0,15.05,14.98,14.98,167690.0
2018-03-26,15.05,15.05,14.98,15.03,172944.0
2018-03-23,15.09,15.1,14.96,14.98,179320.0
2018-03-22,15.13,15.13,15.02,15.02,118100.0
2018-03-21,15.19,15.19,15.09,15.14,219723.0
2018-03-20,15.28,15.32,15.16,15.17,212760.0
2018-03-19,15.4,15.4,15.29,15.31,99983.0
2018-03-16,15.51,15.51,15.43,15.46,119692.0
2018-03-15,15.52,15.52,15.48,15.49,100879.0
2018-03-14,15.49,15.5,15.45,15.49,91226.0
2018-03-13,15.57,15.57,15.47,15.5,113874.0
2018-03-12,15.59,15.6,15.53,15.53,67826.0
2018-03-09,15.6,15.61,15.55,15.56,70664.0
2018-03-08,15.56,15.61,15.54,15.55,97302.0
2018-03-07,15.6,15.63,15.56,15.56,102695.0
2018-03-06,15.69,15.7,15.62,15.64,125923.0
2018-03-05,15.64,15.68,15.62,15.64,64663.0
2018-03-02,15.68,15.72,15.65,15.69,52910.0
2018-03-01,15.75,15.79,15.7,15.72,83148.0
2018-02-28,15.97,15.97,15.85,15.85,146627.0
2018-02-27,15.98,15.99,15.94,15.96,66593.0
2018-02-26,15.9,15.96,15.9,15.94,99373.0
2018-02-23,15.92,15.96,15.86,15.9,111154.0
2018-02-22,15.88,15.95,15.84,15.91,98673.0
2018-02-21,15.88,16.01,15.82,15.86,354856.0
2018-02-20,16.18,16.23,16.16,16.2,73403.0
2018-02-16,16.09,16.24,16.09,16.22,89611.0
2018-02-15,16.06,16.12,16.02,16.1,95052.0
2018-02-14,15.9,16.02,15.9,16.01,113466.0
2018-02-13,15.89,16.03,15.89,15.99,88241.0
2018-02-12,16.03,16.07,15.96,16.0,176447.0
2018-02-09,16.1,16.14,15.87,15.98,98544.0
2018-02-08,16.28,16.32,16.07,16.09,83138.0
2018-02-07,16.14,16.28,16.1,16.22,123164.0
2018-02-06,15.78,16.24,15.75,16.24,155978.0
2018-02-05,16.52,16.54,15.97,16.14,217061.0
2018-02-02,16.63,16.66,16.52,16.56,101604.0
2018-02-01,16.62,16.7,16.58,16.66,77800.0
2018-01-31,16.65,16.88,16.65,16.78,199381.0
2018-01-30,16.71,16.73,16.61,16.66,109557.0
2018-01-29,16.84,16.84,16.72,16.76,134465.0
2018-01-26,16.79,16.85,16.79,16.81,169746.0
2018-01-25,16.78,16.8,16.72,16.78,92846.0
2018-01-24,16.8,16.8,16.7,16.75,110552.0
2018-01-23,16.63,16.75,16.63,16.74,108062.0
2018-01-22,16.57,16.65,16.57,16.65,85387.0
2018-01-19,16.55,16.6,16.5,16.57,128445.0
2018-01-18,16.69,16.69,16.51,16.52,105640.0
2018-01-17,16.68,16.71,16.6,16.66,180086.0
2018-01-16,16.75,16.75,16.58,16.61,127533.0
2018-01-12,16.67,16.67,16.61,16.65,137862.0
2018-01-11,16.65,16.69,16.6,16.64,180728.0
2018-01-10,16.65,16.67,16.58,16.6,157379.0
2018-01-09,16.68,16.75,16.62,16.72,187338.0
2018-01-08,16.62,16.68,16.62,16.68,140057.0
2018-01-05,16.6,16.65,16.6,16.63,143598.0
2018-01-04,16.67,16.67,16.5,16.59,431863.0
2018-01-03,16.6,16.72,16.57,16.62,392568.0
2018-01-02,16.47,16.66,16.39,16.66,360205.0
2017-12-29,16.46,16.57,16.45,16.56,214456.0
2017-12-28,16.38,16.47,16.38,16.45,235527.0
2017-12-27,16.42,16.45,16.37,16.38,147758.0
2017-12-26,16.3,16.45,16.18,16.42,229209.0
2017-12-22,16.35,16.37,16.32,16.33,113834.0
2017-12-21,16.43,16.43,16.32,16.35,213638.0
2017-12-20,16.36,16.4,16.34,16.4,181668.0
2017-12-19,16.43,16.43,16.32,16.35,131129.0
2017-12-18,16.47,16.47,16.37,16.4,149457.0
2017-12-15,16.38,16.44,16.36,16.42,112321.0
2017-12-14,16.43,16.43,16.36,16.36,69106.0
2017-12-13,16.37,16.43,16.32,16.43,104310.0
2017-12-12,16.3,16.38,16.29,16.35,107537.0
2017-12-11,16.27,16.32,16.24,16.32,113614.0
2017-12-08,16.3,16.3,16.23,16.25,96721.0
2017-12-07,16.27,16.32,16.24,16.3,107867.0
2017-12-06,16.3,16.34,16.21,16.25,170464.0
2017-12-05,16.3,16.34,16.261,16.28,108502.0
2017-12-04,16.31,16.34,16.261,16.27,134892.0
2017-12-01,16.26,16.32,16.16,16.32,104414.0
2017-11-30,16.35,16.41,16.34,16.36,175483.0
2017-11-29,16.46,16.46,16.28,16.35,93221.0
2017-11-28,16.39,16.43,16.35,16.43,87220.0
2017-11-27,16.41,16.45,16.33,16.37,114082.0
2017-11-24,16.37,16.44,16.37,16.44,27644.0
2017-11-22,16.24,16.36,16.24,16.34,87244.0
2017-11-21,16.28,16.3133,16.23,16.26,178560.0
2017-11-20,16.32,16.36,16.24,16.26,143472.0
2017-11-17,16.41,16.41,16.28,16.3,133495.0
2017-11-16,16.25,16.32,16.18,16.3,141193.0
2017-11-15,16.09,16.13,15.96,16.11,243307.0
2017-11-14,16.2,16.24,16.05,16.07,220098.0
2017-11-13,16.35,16.4299,16.25,16.25,261666.0
2017-11-10,16.5,16.5092,16.3901,16.45,127879.0
2017-11-09,16.6,16.6,16.4456,16.5,124474.0
2017-11-08,16.84,16.84,16.6034,16.64,142937.0
2017-11-07,16.84,16.8424,16.77,16.83,82342.0
2017-11-06,16.78,16.82,16.76,16.82,7792.0
2017-11-03,16.85,16.85,16.72,16.76,116949.0
2017-11-02,16.75,16.85,16.75,16.84,68067.0
2017-11-01,16.86,16.86,16.72,16.77,164740.0
2017-10-31,16.96,16.9624,16.906,16.91,124776.0
2017-10-30,16.98,17.0,16.89,16.91,132235.0
2017-10-27,16.88,17.02,16.87,17.0,162198.0
2017-10-26,16.92,16.92,16.83,16.87,121405.0
2017-10-25,17.09,17.09,16.83,16.875,164776.0
2017-10-24,17.16,17.16,17.06,17.11,136154.0
2017-10-23,17.07,17.1838,17.05,17.1,142641.0
2017-10-20,17.09,17.12,17.03,17.06,170996.0
2017-10-19,17.06,17.12,17.02,17.12,94385.0
2017-10-18,17.12,17.16,17.04,17.04,119157.0
2017-10-17,17.13,17.13,17.05,17.11,111363.0
2017-10-16,17.1,17.13,17.08,17.09,166419.0
2017-10-13,17.07,17.1,17.018,17.06,49024.0
2017-10-12,17.16,17.19,17.0,17.04,170652.0
2017-10-11,17.12,17.2,17.09,17.13,157190.0
2017-10-10,16.97,17.13,16.96,17.13,169796.0
2017-10-09,16.94,16.99,16.9034,16.9866,66474.0
2017-10-06,16.92,16.93,16.85,16.92,126156.0
2017-10-05,16.96,16.98,16.89,16.92,121506.0
2017-10-04,16.94,16.977,16.9176,16.95,61055.0
2017-10-03,16.91,16.99,16.9,16.94,118827.0
2017-10-02,16.99,17.0,16.88,16.9,167451.0
2017-09-29,17.03,17.0739,17.02,17.02,193154.0
2017-09-28,16.99,17.035,16.99,17.02,95333.0
2017-09-27,17.01,17.0349,17.0,17.01,87518.0
2017-09-26,17.02,17.02,17.0,17.01,120280.0
2017-09-25,17.03,17.035,16.96,16.965,99145.0
2017-09-22,17.03,17.03,17.0007,17.01,73648.0
2017-09-21,16.99,17.03,16.989,17.0,101227.0
2017-09-20,16.95,16.97,16.9351,16.97,72280.0
2017-09-19,16.98,16.98,16.91,16.95,41814.0
2017-09-18,16.96,16.97,16.87,16.94,134739.0
2017-09-15,16.91,16.95,16.87,16.95,114204.0
2017-09-14,16.89,16.89,16.86,16.89,47504.0
2017-09-13,16.88,16.94,16.8288,16.89,94807.0
2017-09-12,16.94,16.95,16.87,16.88,138211.0
2017-09-11,16.83,16.94,16.82,16.9,271622.0
2017-09-08,16.88,16.88,16.77,16.79,70838.0
2017-09-07,16.93,16.93,16.85,16.87,73917.0
2017-09-06,16.89,16.89,16.79,16.86,98873.0
2017-09-05,16.88,16.88,16.81,16.85,111520.0
2017-09-01,16.84,16.877,16.8101,16.87,90398.0
2017-08-31,16.99,16.99,16.93,16.93,122073.0
2017-08-30,16.91,16.95,16.9,16.95,55105.0
2017-08-29,16.9,16.97,16.88,16.91,114783.0
2017-08-28,16.95,16.95,16.89,16.9,125573.0
2017-08-25,16.85,16.93,16.8351,16.93,173087.0
2017-08-24,16.83,16.88,16.81,16.84,144394.0
2017-08-23,16.77,16.8414,16.77,16.82,205689.0
2017-08-22,16.81,16.87,16.8,16.8,182760.0
2017-08-21,16.77,16.84,16.77,16.8,148041.0
2017-08-18,16.8,16.85,16.75,16.78,230238.0
2017-08-17,16.88,16.9,16.76,16.79,102678.0
2017-08-16,16.9,16.93,16.84,16.89,151685.0
2017-08-15,16.86,16.9,16.81,16.87,133410.0
2017-08-14,16.9,17.01,16.8401,16.86,114966.0
2017-08-11,16.61,16.87,16.46,16.85,201333.0
2017-08-10,16.96,16.96,16.68,16.75,189780.0
2017-08-09,17.09,17.09,16.98,17.0,185481.0
2017-08-08,17.16,17.16,17.06,17.1,121391.0
2017-08-07,17.2,17.2,17.1172,17.13,174553.0
2017-08-04,17.15,17.19,17.105,17.15,378628.0
2017-08-03,17.11,17.11,17.06,17.11,84990.0
2017-08-02,17.08,17.12,17.04,17.06,118994.0
2017-08-01,17.13,17.13,17.07,17.08,193597.0
2017-07-31,17.17,17.21,17.15,17.17,292841.0
2017-07-28,17.16,17.18,17.12,17.14,199106.0
2017-07-27,17.17,17.17,17.11,17.13,242573.0
2017-07-26,17.12,17.19,17.1101,17.15,331289.0
2017-07-25,17.18,17.18,17.09,17.1,389346.0
2017-07-24,17.17,17.2011,17.11,17.16,285734.0
2017-07-21,17.16,17.18,17.08,17.15,350168.0
2017-07-20,17.11,17.17,17.11,17.13,106856.0
2017-07-19,17.18,17.18,17.07,17.09,204773.0
2017-07-18,17.09,17.1199,17.07,17.08,123726.0
2017-07-17,17.17,17.17,17.05,17.065,222713.0
2017-07-14,17.12,17.12,17.03,17.09,214059.0
2017-07-13,17.22,17.22,17.0783,17.08,79982.0
2017-07-12,17.12,17.18,17.09,17.16,98746.0
2017-07-11,17.05,17.125,17.0027,17.09,87426.0
2017-07-10,17.04,17.07,16.98,17.04,90719.0
2017-07-07,17.05,17.09,17.0,17.07,99859.0
2017-07-06,16.87,17.1,16.85,17.03,153972.0
2017-07-05,17.25,17.25,16.84,16.89,282438.0
2017-07-03,17.22,17.22,17.12,17.15,78923.0
2017-06-30,17.14,17.31,17.14,17.24,250211.0
2017-06-29,17.29,17.29,17.07,17.1,204465.0
2017-06-28,17.27,17.3229,17.2498,17.28,168622.0
2017-06-27,17.24,17.29,17.17,17.21,147379.0
2017-06-26,17.26,17.28,17.12,17.21,134251.0
2017-06-23,17.22,17.22,17.17,17.2,91887.0
2017-06-22,17.22,17.23,17.08,17.2,114900.0
2017-06-21,17.27,17.4541,17.14,17.18,121917.0
2017-06-20,17.36,17.36,17.24,17.27,129502.0
2017-06-19,17.27,17.39,17.25,17.32,103095.0
2017-06-16,17.2,17.26,17.18,17.21,101689.0
2017-06-15,17.28,17.28,17.16,17.2,94308.0
2017-06-14,17.21,17.22,17.15,17.22,102219.0
2017-06-13,17.16,17.2,17.1,17.1,109461.0
2017-06-12,17.17,17.1772,17.136,17.16,51751.0
2017-06-09,17.2,17.2144,17.11,17.15,71688.0
2017-06-08,17.23,17.23,17.07,17.14,107134.0
2017-06-07,17.14,17.2,17.13,17.16,92057.0
2017-06-06,17.12,17.15,17.0908,17.12,79993.0
2017-06-05,17.17,17.17,17.11,17.14,80674.0
2017-06-02,17.12,17.14,17.07,17.14,92521.0
2017-06-01,17.28,17.28,17.04,17.11,179067.0
2017-05-31,17.27,17.3227,17.23,17.31,151401.0
2017-05-30,17.25,18.12,17.2231,17.27,237224.0
2017-05-26,17.24,17.25,17.19,17.25,113942.0
2017-05-25,17.19,17.24,17.19,17.23,94145.0
2017-05-24,17.17,17.24,17.16,17.21,68433.0
2017-05-23,17.17,17.18,17.13,17.17,112313.0
2017-05-22,17.12,17.16,17.08,17.15,79958.0
2017-05-19,17.1,17.2,17.1,17.13,180708.0
2017-05-18,17.08,17.11,17.01,17.11,67793.0
2017-05-17,17.12,17.17,17.01,17.07,174144.0
2017-05-16,17.22,17.24,17.17,17.17,82072.0
2017-05-15,17.17,17.1958,17.1535,17.18,119308.0
2017-05-12,17.05,17.15,17.05,17.12,75187.0
2017-05-11,17.1,17.1199,17.01,17.03,86550.0
2017-05-10,17.11,17.16,17.08,17.11,90912.0
2017-05-09,17.08,17.15,17.07,17.08,122501.0
2017-05-08,17.06,17.09,16.9976,17.05,104326.0
2017-05-05,16.98,17.04,16.9453,17.04,93937.0
2017-05-04,17.1,17.1,16.9,16.92,132420.0
2017-05-03,17.15,17.15,17.07,17.08,73246.0
2017-05-02,17.19,17.19,17.11,17.16,85714.0
2017-05-01,17.17,17.18,17.1067,17.1607,108500.0
2017-04-28,17.21,17.3,17.15,17.3,141872.0
2017-04-27,17.06,17.23,17.03,17.21,100605.0
2017-04-26,16.97,17.1,16.97,17.06,93094.0
2017-04-25,16.96,17.0,16.947,16.96,108706.0
2017-04-24,17.0,17.0,16.9,16.96,239129.0
2017-04-21,16.89,16.93,16.87,16.92,84709.0
2017-04-20,16.82,16.9,16.82,16.87,80003.0
2017-04-19,16.9,16.9,16.8,16.84,75299.0
2017-04-18,16.82,16.9,16.79,16.88,106589.0
2017-04-17,16.9,16.91,16.77,16.78,139161.0
2017-04-13,16.83,16.9198,16.83,16.9,71537.0
2017-04-12,16.93,16.93,16.8,16.83,81102.0
2017-04-11,16.88,16.93,16.8006,16.93,81520.0
2017-04-10,16.78,16.88,16.75,16.87,87917.0
2017-04-07,16.72,16.79,16.71,16.75,64240.0
2017-04-06,16.73,16.76,16.7,16.74,76184.0
2017-04-05,16.74,16.7536,16.68,16.72,75329.0
2017-04-04,16.6,16.7,16.6,16.65,108103.0
2017-04-03,16.67,16.67,16.54,16.6,61103.0
2017-03-31,16.63,16.71,16.63,16.66,154860.0
2017-03-30,16.63,16.65,16.6,16.6,129293.0
2017-03-29,16.56,16.65,16.5231,16.58,127505.0
2017-03-28,16.51,16.58,16.5,16.54,159987.0
2017-03-27,16.43,16.57,16.43,16.5,102507.0
2017-03-24,16.54,16.6,16.46,16.47,84950.0
2017-03-23,16.6,16.6,16.51,16.53,60950.0
2017-03-22,16.51,16.61,16.39,16.61,104110.0
2017-03-21,16.66,16.6899,16.4,16.44,198920.0
2017-03-20,16.61,16.72,16.58,16.65,103163.0
2017-03-17,16.49,16.62,16.49,16.6,165034.0
2017-03-16,16.67,16.67,16.45,16.46,353491.0
2017-03-15,16.53,16.64,16.3901,16.64,193900.0
2017-03-14,16.5,16.52,16.37,16.47,119671.0
2017-03-13,16.54,16.66,16.54,16.54,101774.0
2017-03-10,16.56,16.61,16.5,16.53,97771.0
2017-03-09,16.68,16.71,16.41,16.47,215419.0
2017-03-08,16.95,16.95,16.73,16.73,114276.0
2017-03-07,17.0,17.0,16.93,16.94,86898.0
2017-03-06,16.91,17.04,16.91,17.04,111328.0
2017-03-03,16.86,16.98,16.86,16.95,127192.0
2017-03-02,17.01,17.1,16.88,16.9,138139.0
2017-03-01,16.97,17.04,16.9501,16.97,96242.0
2017-02-28,16.93,17.0699,16.93,17.05,98104.0
2017-02-27,16.91,16.94,16.9,16.94,82300.0
2017-02-24,16.82,16.927,16.81,16.9,102927.0
2017-02-23,16.87,16.9099,16.84,16.84,60044.0
2017-02-22,16.81,16.9,16.7801,16.84,105406.0
2017-02-21,16.81,16.86,16.78,16.78,93144.0
2017-02-17,16.78,16.86,16.76,16.85,83619.0
2017-02-16,16.87,16.9,16.79,16.87,106811.0
2017-02-15,16.77,16.83,16.7227,16.83,83845.0
2017-02-14,16.63,16.79,16.58,16.73,90087.0
2017-02-13,16.6,16.6499,16.5669,16.63,85355.0
2017-02-10,16.57,16.6,16.5,16.54,155008.0
2017-02-09,16.7,16.72,16.53,16.54,136443.0
2017-02-08,16.72,16.77,16.66,16.71,158090.0
2017-02-07,16.74,16.75,16.64,16.72,97452.0
2017-02-06,16.67,16.74,16.61,16.74,131425.0
2017-02-03,16.64,16.69,16.6,16.64,150171.0
2017-02-02,16.54,16.57,16.51,16.55,66456.0
2017-02-01,16.61,16.63,16.52,16.55,71898.0
2017-01-31,16.65,16.6976,16.6,16.67,136385.0
2017-01-30,16.6,16.73,16.5801,16.7,130364.0
2017-01-27,16.65,16.7,16.6,16.6,130137.0
2017-01-26,16.74,16.749,16.65,16.68,69268.0
2017-01-25,16.6,16.82,16.6,16.68,168494.0
2017-01-24,16.5,16.6,16.4702,16.57,112171.0
2017-01-23,16.44,16.53,16.44,16.49,109644.0
2017-01-20,16.35,16.42,16.3401,16.41,68602.0
2017-01-19,16.31,16.3716,16.31,16.37,70594.0
2017-01-18,16.47,16.51,16.3418,16.35,158318.0
2017-01-17,16.54,16.55,16.4,16.47,129880.0
2017-01-13,16.47,16.55,16.46,16.46,89244.0
2017-01-12,16.5,16.53,16.34,16.5,161746.0
2017-01-11,16.5,16.53,16.5,16.52,149977.0
2017-01-10,16.42,16.56,16.42,16.5107,135545.0
2017-01-09,16.37,16.49,16.37,16.46,110414.0
2017-01-06,16.47,16.51,16.31,16.42,148086.0
2017-01-05,16.53,16.54,16.42,16.51,350152.0
2017-01-04,16.26,16.5,16.26,16.5,388854.0
2017-01-03,16.21,16.45,16.1331,16.32,484838.0
2016-12-30,16.02,16.11,16.02,16.08,214885.0
2016-12-29,16.01,16.13,16.0,16.02,111850.0
2016-12-28,15.8,16.1,15.8,16.03,227321.0
2016-12-27,15.91,15.98,15.91,15.93,122227.0
2016-12-23,15.87,15.95,15.87,15.92,91725.0
2016-12-22,16.0,16.0,15.89,15.9,228261.0
2016-12-21,15.96,16.0098,15.89,15.94,135921.0
2016-12-20,16.05,16.21,15.9899,16.0,174201.0
2016-12-19,16.0,16.12,16.0,16.1,51366.0
2016-12-16,16.05,16.05,15.98,15.98,82470.0
2016-12-15,15.9,16.06,15.9,16.02,189111.0
2016-12-14,16.02,16.05,15.99,16.0,198959.0
2016-12-13,15.89,16.01,15.89,16.0,458992.0
2016-12-12,15.9,15.91,15.791,15.9,128379.0
2016-12-09,15.76,15.9,15.76,15.89,105895.0
2016-12-08,15.62,15.84,15.62,15.79,140868.0
2016-12-07,15.58,15.78,15.5799,15.74,195296.0
2016-12-06,15.49,15.67,15.49,15.67,126894.0
2016-12-05,15.4,15.57,15.4,15.53,87619.0
2016-12-02,15.35,15.48,15.35,15.44,72054.0
2016-12-01,15.57,15.5798,15.33,15.33,125218.0
2016-11-30,15.7,15.75,15.6301,15.72,70726.0
2016-11-29,15.6643,15.75,15.66,15.7,69512.0
2016-11-28,15.63,15.69,15.62,15.69,91737.0
2016-11-25,15.53,15.647,15.53,15.59,45518.0
2016-11-23,15.53,15.59,15.53,15.56,130937.0
2016-11-22,15.54,15.65,15.54,15.56,111467.0
2016-11-21,15.44,15.5773,15.44,15.5001,86686.0
2016-11-18,15.35,15.4999,15.3431,15.47,97882.0
2016-11-17,15.44,15.4899,15.34,15.35,64058.0
2016-11-16,15.32,15.5199,15.2715,15.38,148191.0
2016-11-15,15.16,15.37,15.09,15.31,140289.0
2016-11-14,15.04,15.13,15.0,15.09,134839.0
2016-11-11,15.06,15.1,14.99,15.02,143981.0
2016-11-10,15.22,15.266,14.91,15.14,265618.0
2016-11-09,15.15,15.27,15.15,15.26,93799.0
2016-11-08,15.3,15.37,15.29,15.35,62754.0
2016-11-07,15.2,15.35,15.2,15.34,108079.0
2016-11-04,15.07,15.17,15.05,15.12,101580.0
2016-11-03,15.21,15.26,15.06,15.09,150845.0
2016-11-02,15.35,15.35,15.19,15.2,124720.0
2016-11-01,15.47,15.47,15.32,15.37,76234.0
2016-10-31,15.57,15.59,15.5,15.52,97519.0
2016-10-28,15.7,15.7,15.53,15.53,96044.0
2016-10-27,15.73,15.7399,15.67,15.69,127125.0
2016-10-26,15.71,15.77,15.7,15.73,94775.0
2016-10-25,15.66,15.74,15.6532,15.72,93689.0
2016-10-24,15.59,15.67,15.59,15.67,71280.0
2016-10-21,15.55,15.63,15.525,15.61,143350.0
2016-10-20,15.55,15.5999,15.49,15.53,78875.0
2016-10-19,15.51,15.6,15.5,15.6,96385.0
2016-10-18,15.48,15.56,15.401,15.5,147000.0
2016-10-17,15.44,15.45,15.39,15.4,306155.0
2016-10-14,15.43,15.47,15.39,15.39,78744.0
2016-10-13,15.41,15.43,15.37,15.41,65643.0
2016-10-12,15.52,15.52,15.41,15.46,48440.0
2016-10-11,15.51,15.52,15.4494,15.52,59667.0
2016-10-10,15.49,15.54,15.48,15.54,46643.0
2016-10-07,15.42,15.47,15.42,15.45,69965.0
2016-10-06,15.43,15.46,15.41,15.43,64374.0
2016-10-05,15.46,15.47,15.41,15.42,148329.0
2016-10-04,15.47,15.55,15.4,15.43,193654.0
2016-10-03,15.52,15.52,15.4716,15.49,89269.0
2016-09-30,15.55,15.61,15.5427,15.59,81742.0
2016-09-29,15.49,15.55,15.49,15.51,58700.0
2016-09-28,15.47,15.58,15.43,15.54,136048.0
2016-09-27,15.43,15.48,15.39,15.46,73965.0
2016-09-26,15.4,15.4599,15.39,15.4,99529.0
2016-09-23,15.54,15.59,15.47,15.47,150233.0
2016-09-22,15.65,15.73,15.59,15.59,73807.0
2016-09-21,15.48,15.61,15.48,15.59,86111.0
2016-09-20,15.45,15.49,15.4201,15.46,83013.0
2016-09-19,15.46,15.48,15.38,15.3801,69033.0
2016-09-16,15.48,15.49,15.4101,15.45,104177.0
2016-09-15,15.3,15.81,15.25,15.48,182715.0
2016-09-14,15.3,15.4,15.21,15.21,119866.0
2016-09-13,15.36,15.4482,15.28,15.31,61248.0
2016-09-12,15.42,15.57,15.39,15.48,112671.0
2016-09-09,15.68,15.75,15.42,15.45,106639.0
2016-09-08,15.84,15.94,15.75,15.76,133617.0
2016-09-07,15.81,15.89,15.81,15.87,59584.0
2016-09-06,15.8,15.85,15.79,15.85,46887.0
2016-09-02,15.7,15.76,15.7,15.76,49268.0
2016-09-01,15.81,15.81,15.7,15.73,106596.0
2016-08-31,15.84,15.86,15.8001,15.86,136725.0
2016-08-30,15.83,15.83,15.8,15.81,50410.0
2016-08-29,15.83,15.85,15.8,15.83,89266.0
2016-08-26,15.757,15.82,15.73,15.8,134312.0
2016-08-25,15.72,15.77,15.72,15.74,71237.0
2016-08-24,15.82,15.82,15.68,15.77,75793.0
2016-08-23,15.74,15.81,15.74,15.79,64821.0
2016-08-22,15.71,15.75,15.69,15.72,53185.0
2016-08-19,15.75,15.76,15.7,15.74,108388.0
2016-08-18,15.67,15.7599,15.662,15.73,75390.0
2016-08-17,15.66,15.68,15.6,15.65,97620.0
2016-08-16,15.61,15.62,15.55,15.62,212862.0
2016-08-15,15.55,15.62,15.53,15.62,124848.0
2016-08-12,15.46,15.5,15.42,15.5,83568.0
2016-08-11,15.34,15.43,15.34,15.4,66733.0
2016-08-10,15.33,15.38,15.31,15.36,111041.0
2016-08-09,15.33,15.3632,15.3,15.32,85027.0
2016-08-08,15.38,15.38,15.23,15.33,186058.0
2016-08-05,15.33,15.4,15.3,15.33,140365.0
2016-08-04,15.26,15.34,15.22,15.34,148916.0
2016-08-03,15.2,15.34,15.18,15.31,170412.0
2016-08-02,15.23,15.3,15.2,15.21,159133.0
2016-08-01,15.21,15.31,15.15,15.29,328268.0
2016-07-29,15.2,15.3118,15.19,15.31,226215.0
2016-07-28,15.25,15.25,15.19,15.23,84954.0
2016-07-27,15.29,15.29,15.14,15.23,163040.0
2016-07-26,15.29,15.3,15.24,15.28,99737.0
2016-07-25,15.25,15.26,15.21,15.26,72950.0
2016-07-22,15.28,15.35,15.24,15.27,167673.0
2016-07-21,15.27,15.3,15.23,15.27,107602.0
2016-07-20,15.12,15.29,15.12,15.27,64555.0
2016-07-19,15.18,15.1968,15.12,15.14,53757.0
2016-07-18,15.19,15.23,15.1486,15.22,98114.0
2016-07-15,15.1,15.15,15.0782,15.14,106322.0
2016-07-14,15.12,15.12,15.04,15.05,85156.0
2016-07-13,15.13,15.13,15.04,15.08,230005.0
2016-07-12,15.02,15.12,15.02,15.08,72534.0
2016-07-11,14.99,15.03,14.99,15.0,50775.0
2016-07-08,14.88,14.995,14.88,14.98,53134.0
2016-07-07,14.78,14.88,14.75,14.86,181609.0
2016-07-06,14.67,14.77,14.67,14.75,84475.0
2016-07-05,14.7,14.72,14.65,14.69,44007.0
2016-07-01,14.75,14.7643,14.71,14.73,58647.0
2016-06-30,14.68,14.85,14.65,14.83,241261.0
2016-06-29,14.59,14.69,14.59,14.68,200137.0
2016-06-28,14.46,14.5325,14.46,14.53,155508.0
2016-06-27,14.56,14.5995,14.38,14.38,121584.0
2016-06-24,14.47,14.847,14.47,14.66,162109.0
2016-06-23,14.88,14.92,14.8763,14.91,61114.0
2016-06-22,14.83,14.85,14.81,14.83,100997.0
2016-06-21,14.8,14.84,14.7976,14.83,149782.0
2016-06-20,14.8,14.85,14.75,14.79,126552.0
2016-06-17,14.71,14.77,14.7,14.77,97946.0
2016-06-16,14.79,14.79,14.69,14.73,138422.0
2016-06-15,14.86,14.86,14.8,14.8,54590.0
2016-06-14,14.83,14.8553,14.8,14.82,55713.0
2016-06-13,14.89,14.94,14.85,14.87,111301.0
2016-06-10,14.91,14.9399,14.86,14.9,170830.0
2016-06-09,14.87,14.94,14.86,14.93,155504.0
2016-06-08,14.86,14.9,14.8401,14.88,74794.0
2016-06-07,14.84,14.86,14.8,14.83,125088.0
2016-06-06,14.78,14.83,14.75,14.79,72338.0
2016-06-03,14.66,14.78,14.66,14.78,63741.0
2016-06-02,14.7,14.73,14.68,14.71,58792.0
2016-06-01,14.7,14.78,14.7,14.74,49769.0
2016-05-31,14.79,14.84,14.79,14.83,85356.0
2016-05-27,14.72,14.82,14.7,14.82,93184.0
2016-05-26,14.68,14.72,14.66,14.7,68363.0
2016-05-25,14.7,14.7,14.65,14.67,84325.0
2016-05-24,14.7,14.7244,14.59,14.63,113482.0
2016-05-23,14.64,14.82,14.64,14.68,284643.0
2016-05-20,14.61,14.64,14.58,14.62,52282.0
2016-05-19,14.69,14.69,14.54,14.56,106897.0
2016-05-18,14.69,14.75,14.66,14.73,89449.0
2016-05-17,14.7,14.71,14.6332,14.71,117551.0
2016-05-16,14.6,14.68,14.562,14.67,66031.0
2016-05-13,14.51,14.62,14.51,14.54,78936.0
2016-05-12,14.6,14.64,14.53,14.55,103682.0
2016-05-11,14.6,14.63,14.53,14.55,93987.0
2016-05-10,14.53,14.6,14.53,14.59,62136.0
2016-05-09,14.55,14.57,14.51,14.54,57978.0
2016-05-06,14.59,14.6017,14.52,14.55,69137.0
2016-05-05,14.63,14.6699,14.59,14.59,81537.0
2016-05-04,14.68,14.7299,14.59,14.63,168612.0
2016-05-03,14.67,14.7899,14.67,14.71,52196.0
2016-05-02,14.83,14.86,14.77,14.77,51494.0
2016-04-29,14.89,14.92,14.86,14.9,71239.0
2016-04-28,14.86,14.93,14.86,14.89,108216.0
2016-04-27,14.88,14.94,14.8401,14.91,97399.0
2016-04-26,14.8,14.92,14.8,14.9,170021.0
2016-04-25,14.84,14.84,14.75,14.83,171532.0
2016-04-22,14.8,14.86,14.79,14.86,61333.0
2016-04-21,14.84,14.85,14.76,14.8,78175.0
2016-04-20,14.82,14.84,14.78,14.83,54626.0
2016-04-19,14.77,14.82,14.75,14.78,91617.0
2016-04-18,14.53,14.77,14.53,14.77,230486.0
2016-04-15,14.67,14.6726,14.55,14.61,142767.0
2016-04-14,14.71,14.71,14.61,14.67,87676.0
2016-04-13,14.65,14.69,14.65,14.69,77462.0
2016-04-12,14.62,14.64,14.59,14.62,36157.0
2016-04-11,14.6,14.61,14.55,14.59,92090.0
2016-04-08,14.48,14.5663,14.48,14.56,76881.0
2016-04-07,14.42,14.47,14.4,14.47,61736.0
2016-04-06,14.44,14.49,14.3802,14.49,121976.0
2016-04-05,14.38,14.45,14.35,14.39,61506.0
2016-04-04,14.48,14.54,14.41,14.43,52343.0
2016-04-01,14.56,14.56,14.4,14.51,108892.0
2016-03-31,14.59,14.6246,14.54,14.62,88498.0
2016-03-30,14.53,14.64,14.5238,14.55,111049.0
2016-03-29,14.45,14.5,14.41,14.48,47832.0
2016-03-28,14.66,14.66,14.45,14.46,143717.0
2016-03-24,14.65,14.7,14.58,14.6,119099.0
2016-03-23,14.77,14.8,14.71,14.74,64188.0
2016-03-22,14.78,14.8,14.69,14.76,125632.0
2016-03-21,14.73,14.8,14.73,14.77,79945.0
2016-03-18,14.82,14.839,14.72,14.8,62645.0
2016-03-17,14.79,14.8,14.72,14.8,64112.0
2016-03-16,14.76,14.85,14.64,14.76,104917.0
2016-03-15,14.62,14.8,14.43,14.76,299167.0
2016-03-14,14.61,14.61,14.53,14.6,51608.0
2016-03-11,14.45,14.61,14.42,14.59,85121.0
2016-03-10,14.39,14.43,14.35,14.4,85382.0
2016-03-09,14.35,14.41,14.3101,14.38,103245.0
2016-03-08,14.29,14.3699,14.271,14.35,59794.0
2016-03-07,14.3,14.36,14.3,14.35,102601.0
2016-03-04,14.34,14.36,14.31,14.32,93764.0
2016-03-03,14.24,14.38,14.195,14.26,187884.0
2016-03-02,14.23,14.26,14.13,14.25,82651.0
2016-03-01,13.98,14.25,13.94,14.22,172984.0
2016-02-29,13.73,14.06,13.73,14.01,168323.0
2016-02-26,13.78,13.83,13.68,13.73,87359.0
2016-02-25,13.7,13.77,13.66,13.76,55028.0
2016-02-24,13.61,13.73,13.5572,13.73,59289.0
2016-02-23,13.71,13.72,13.58,13.66,105677.0
2016-02-22,13.76,13.77,13.62,13.77,151228.0
2016-02-19,13.52,13.66,13.5,13.66,67506.0
2016-02-18,13.46,13.57,13.46,13.52,113997.0
2016-02-17,13.41,13.504,13.41,13.47,117150.0
2016-02-16,13.41,13.41,13.2601,13.32,145302.0
2016-02-12,13.18,13.29,13.08,13.28,158886.0
2016-02-11,13.12,13.1295,13.0,13.08,124077.0
2016-02-10,13.25,13.3,13.19,13.2,86285.0
2016-02-09,13.14,13.24,13.11,13.24,108268.0
2016-02-08,13.38,13.38,13.23,13.25,121305.0
2016-02-05,13.42,13.49,13.4,13.45,114432.0
2016-02-04,13.5,13.54,13.435,13.47,119836.0
2016-02-03,13.54,13.59,13.47,13.55,111586.0
2016-02-02,13.57,13.57,13.454,13.54,68382.0
2016-02-01,13.59,13.66,13.5221,13.65,136499.0
2016-01-29,13.7,13.77,13.64,13.73,303015.0
2016-01-28,13.46,13.65,13.45,13.65,139609.0
2016-01-27,13.35,13.49,13.35,13.45,123330.0
2016-01-26,13.23,13.46,13.22,13.39,84628.0
2016-01-25,13.22,13.35,13.22,13.22,91194.0
2016-01-22,13.16,13.31,13.16,13.28,128287.0
2016-01-21,13.05,13.16,12.93,13.06,645579.0
2016-01-20,13.13,13.16,12.91,13.01,317376.0
2016-01-19,13.36,13.4,13.14,13.19,305208.0
2016-01-15,13.34,13.34,13.17,13.28,220344.0
2016-01-14,13.55,13.619,13.47,13.49,244331.0
2016-01-13,13.84,13.85,13.53,13.54,334171.0
2016-01-12,13.96,13.96,13.81,13.87,135616.0
2016-01-11,13.95,13.9558,13.85,13.89,148860.0
2016-01-08,14.07,14.07,13.87,13.9,98904.0
2016-01-07,13.95,14.02,13.91,13.98,120874.0
2016-01-06,13.94,14.05,13.94,14.0,149276.0
2016-01-05,13.97,14.04,13.96,14.01,117929.0
2016-01-04,13.88,14.08,13.85,13.95,85644.0
2015-12-31,14.0,14.19,13.94,14.08,202900.0
2015-12-30,14.04,14.09,13.95,14.0,162629.0
2015-12-29,14.16,14.16,14.01,14.09,142840.0
2015-12-28,14.2,14.21,14.04,14.09,134291.0
2015-12-24,14.17,14.28,14.16,14.2,53971.0
2015-12-23,14.06,14.2063,14.06,14.17,117040.0
2015-12-22,13.97,14.05,13.92,14.05,153225.0
2015-12-21,13.93,14.0,13.8651,13.99,285974.0
2015-12-18,13.84,13.94,13.83,13.93,146208.0
2015-12-17,13.8,13.89,13.68,13.82,263685.0
2015-12-16,13.51,13.79,13.51,13.79,279858.0
2015-12-15,13.38,13.57,13.38,13.49,240917.0
2015-12-14,13.53,13.62,13.29,13.36,335148.0
2015-12-11,13.75,13.76,13.46,13.58,408306.0
2015-12-10,13.8,13.8899,13.73,13.85,161725.0
2015-12-09,13.95,13.99,13.7632,13.79,179467.0
2015-12-08,13.94,13.9943,13.91,13.91,94497.0
2015-12-07,14.06,14.09,13.98,14.03,185057.0
2015-12-04,14.07,14.15,14.07,14.11,77600.0
2015-12-03,14.13,14.18,14.08,14.09,124873.0
2015-12-02,14.07,14.2,14.07,14.16,96343.0
2015-12-01,14.01,14.12,14.01,14.1,135027.0
2015-11-30,14.17,14.18,14.05,14.12,225797.0
2015-11-27,14.24,14.3299,14.1,14.15,78052.0
2015-11-25,14.32,14.3299,14.25,14.27,128327.0
2015-11-24,14.32,14.37,14.3,14.36,111029.0
2015-11-23,14.29,14.39,14.29,14.37,205529.0
2015-11-20,14.24,14.3837,14.24,14.34,168367.0
2015-11-19,14.53,14.53,14.26,14.29,160325.0
2015-11-18,14.38,14.56,14.32,14.56,380753.0
2015-11-17,14.27,14.37,14.24,14.3,174565.0
2015-11-16,14.3,14.3,14.19,14.23,144630.0
2015-11-13,14.2,14.28,14.16,14.26,332244.0
2015-11-12,14.24,14.28,14.203,14.23,147574.0
2015-11-11,14.41,14.46,14.25,14.27,116944.0
2015-11-10,14.39,14.49,14.39,14.45,85557.0
2015-11-09,14.59,14.59,14.44,14.4432,93741.0
2015-11-06,14.61,14.66,14.568,14.63,96643.0
2015-11-05,14.75,14.76,14.65,14.68,143091.0
2015-11-04,14.84,14.86,14.77,14.81,78552.0
2015-11-03,14.87,14.91,14.8,14.87,78578.0
2015-11-02,14.95,14.95,14.89,14.92,128151.0
2015-10-30,14.93,14.97,14.83,14.96,126236.0
2015-10-29,14.88,14.9,14.79,14.87,127012.0
2015-10-28,14.88,14.88,14.83,14.84,88943.0
2015-10-27,14.7,14.89,14.7,14.89,125986.0
2015-10-26,14.69,14.75,14.69,14.72,112731.0
2015-10-23,14.8,14.8399,14.69,14.74,139357.0
2015-10-22,14.81,14.9,14.75,14.75,95193.0
2015-10-21,14.85,14.86,14.78,14.8,125770.0
2015-10-20,14.8,14.85,14.76,14.81,84460.0
2015-10-19,14.81,14.85,14.76,14.84,69270.0
2015-10-16,14.68,14.87,14.6458,14.84,173294.0
2015-10-15,14.53,14.66,14.47,14.63,144634.0
2015-10-14,14.67,14.71,14.45,14.48,202047.0
2015-10-13,14.75,14.81,14.66,14.67,198906.0
2015-10-12,14.72,14.84,14.7004,14.82,147491.0
2015-10-09,14.49,14.77,14.48,14.74,341686.0
2015-10-08,14.01,14.56,14.01,14.51,877256.0
2015-10-07,13.92,14.06,13.91,14.05,150616.0
2015-10-06,13.84,13.87,13.81,13.86,191887.0
2015-10-05,13.83,13.858,13.79,13.81,245527.0
2015-10-02,13.72,13.78,13.63,13.75,188137.0
2015-10-01,13.95,13.994,13.74,13.8,152729.0
2015-09-30,14.05,14.12,13.87,14.09,215854.0
2015-09-29,14.17,14.2,13.96,14.0,124239.0
2015-09-28,14.44,14.44,14.13,14.17,87159.0
2015-09-25,14.36,14.51,14.36,14.46,155531.0
2015-09-24,14.35,14.36,14.26,14.34,125481.0
2015-09-23,14.46,14.49,14.42,14.42,74188.0
2015-09-22,14.4,14.47,14.38,14.47,102785.0
2015-09-21,14.42,14.5,14.42,14.49,136193.0
2015-09-18,14.36,14.5,14.3593,14.47,86755.0
2015-09-17,14.34,14.44,14.31,14.43,111434.0
2015-09-16,14.37,14.43,14.31,14.37,136379.0
2015-09-15,14.4,14.4,14.3401,14.36,82848.0
2015-09-14,14.43,14.44,14.35,14.38,48895.0
2015-09-11,14.428,14.47,14.394,14.4496,54812.0
2015-09-10,14.4,14.49,14.3901,14.46,66704.0
2015-09-09,14.53,14.56,14.34,14.37,68755.0
2015-09-08,14.54,14.57,14.51,14.54,71497.0
2015-09-04,14.45,14.49,14.4,14.48,105050.0
2015-09-03,14.44,14.56,14.44,14.4732,95815.0
2015-09-02,14.39,14.46,14.3701,14.46,71901.0
2015-09-01,14.34,14.37,14.2999,14.37,89424.0
2015-08-31,14.43,14.48,14.3901,14.46,95016.0
2015-08-28,14.47,14.52,14.43,14.46,76048.0
2015-08-27,14.4,14.52,14.38,14.49,116972.0
2015-08-26,14.34,14.414,14.26,14.4,186285.0
2015-08-25,14.25,14.3336,14.18,14.28,167254.0
2015-08-24,13.99,14.284,13.59,14.0999,234090.0
2015-08-21,14.5,14.5797,14.41,14.46,135208.0
2015-08-20,14.61,14.6345,14.5,14.6,155724.0
2015-08-19,14.66,14.76,14.6,14.63,150859.0
2015-08-18,14.78,14.8,14.68,14.71,115372.0
2015-08-17,14.78,14.79,14.72,14.78,89185.0
2015-08-14,14.67,14.79,14.67,14.77,81375.0
2015-08-13,14.76,14.8,14.68,14.7,130085.0
2015-08-12,14.66,14.83,14.65,14.83,125508.0
2015-08-11,14.77,14.77,14.68,14.7,127554.0
2015-08-10,14.87,14.9,14.77,14.79,104897.0
2015-08-07,14.85,14.92,14.8311,14.85,94956.0
2015-08-06,15.07,15.1055,14.82,14.8901,176132.0
2015-08-05,15.05,15.18,15.05,15.11,141598.0
2015-08-04,15.03,15.09,15.02,15.02,78475.0
2015-08-03,14.98,15.05,14.98,15.04,78790.0
2015-07-31,14.94,15.13,14.94,15.1,184541.0
2015-07-30,14.92,15.01,14.92,14.94,175921.0
2015-07-29,14.93,15.02,14.91,14.975,124087.0
2015-07-28,14.85,14.92,14.83,14.91,194203.0
2015-07-27,14.91,14.91,14.7438,14.84,106860.0
2015-07-24,15.12,15.12,14.89,14.94,112587.0
2015-07-23,15.14,15.168,15.08,15.1,108295.0
2015-07-22,15.28,15.31,15.0901,15.13,156414.0
2015-07-21,15.39,15.4,15.3,15.35,128067.0
2015-07-20,15.55,15.55,15.38,15.44,75080.0
2015-07-17,15.52,15.58,15.51,15.58,109714.0
2015-07-16,15.43,15.54,15.42,15.54,93570.0
2015-07-15,15.39,15.4493,15.37,15.39,172959.0
2015-07-14,15.46,15.48,15.41,15.41,100882.0
2015-07-13,15.52,15.52,15.45,15.45,96185.0
2015-07-10,15.54,15.57,15.51,15.51,56936.0
2015-07-09,15.53,15.5399,15.46,15.46,109685.0
2015-07-08,15.48,15.5,15.43,15.47,119338.0
2015-07-07,15.56,15.5788,15.4,15.53,145459.0
2015-07-06,15.52,15.59,15.52,15.56,79784.0
2015-07-02,15.58,15.63,15.52,15.62,112736.0
2015-07-01,15.58,15.7199,15.5601,15.59,142042.0
2015-06-30,15.61,15.72,15.58,15.64,168528.0
2015-06-29,15.58,15.63,15.47,15.55,71184.0
2015-06-26,15.82,15.82,15.64,15.64,110327.0
2015-06-25,15.97,15.97,15.78,15.78,94546.0
2015-06-24,15.96,16.02,15.9101,16.02,213715.0
2015-06-23,15.9,15.95,15.86,15.93,94682.0
2015-06-22,15.88,15.94,15.83,15.94,106647.0
2015-06-19,15.77,15.87,15.77,15.87,104639.0
2015-06-18,15.8,15.9,15.8,15.82,151473.0
2015-06-17,15.81,15.86,15.78,15.81,89635.0
2015-06-16,15.73,15.82,15.68,15.82,108159.0
2015-06-15,15.69,15.75,15.65,15.7036,79090.0
2015-06-12,15.75,15.78,15.66,15.69,148112.0
2015-06-11,15.81,15.84,15.78,15.81,57166.0
2015-06-10,15.87,15.87,15.82,15.82,59581.0
2015-06-09,15.92,15.9266,15.8,15.84,68014.0
2015-06-08,15.97,15.98,15.89,15.9,44060.0
2015-06-05,16.07,16.07,15.92,16.0,126651.0
2015-06-04,16.2,16.2101,16.1,16.1,113633.0
2015-06-03,16.26,16.26,16.2,16.2364,70077.0
2015-06-02,16.18,16.28,16.18,16.26,50605.0
2015-06-01,16.3,16.3,16.22,16.22,69878.0
2015-05-29,16.28,16.38,16.28,16.38,42516.0
2015-05-28,16.34,16.35,16.3,16.32,54570.0
2015-05-27,16.37,16.38,16.31,16.33,76098.0
2015-05-26,16.42,16.4201,16.3,16.31,49214.0
2015-05-22,16.39,16.45,16.3749,16.42,63611.0
2015-05-21,16.38,16.42,16.37,16.38,104583.0
2015-05-20,16.33,16.4,16.33,16.3592,78568.0
2015-05-19,16.38,16.4,16.31,16.33,88702.0
2015-05-18,16.42,16.42,16.3322,16.41,66049.0
2015-05-15,16.42,16.45,16.31,16.4045,72659.0
2015-05-14,16.37,16.4,16.3421,16.36,70975.0
2015-05-13,16.32,16.33,16.2801,16.33,78325.0
2015-05-12,16.36,16.38,16.31,16.34,47242.0
2015-05-11,16.4,16.4,16.34,16.36,83140.0
2015-05-08,16.44,16.46,16.39,16.44,48464.0
2015-05-07,16.33,16.44,16.3096,16.38,108727.0
2015-05-06,16.45,16.45,16.33,16.35,71646.0
2015-05-05,16.46,16.48,16.38,16.44,101107.0
2015-05-04,16.43,16.5,16.43,16.49,63195.0
2015-05-01,16.45,16.5047,16.421,16.44,80750.0
2015-04-30,16.53,16.55,16.51,16.53,100518.0
2015-04-29,16.57,16.57,16.5,16.56,100082.0
2015-04-28,16.65,16.66,16.56,16.57,112592.0
2015-04-27,16.7,16.72,16.62,16.68,102327.0
2015-04-24,16.69,16.73,16.64,16.66,154031.0
2015-04-23,16.65,16.67,16.6133,16.66,97275.0
2015-04-22,16.65,16.65,16.6,16.63,61674.0
2015-04-21,16.54,16.7,16.54,16.63,154398.0
2015-04-20,16.56,16.63,16.52,16.53,140255.0
2015-04-17,16.54,16.55,16.5,16.53,92003.0
2015-04-16,16.52,16.57,16.48,16.5668,127831.0
2015-04-15,16.5,16.53,16.46,16.5,147479.0
2015-04-14,16.43,16.48,16.43,16.48,80585.0
2015-04-13,16.48,16.48,16.4332,16.45,55898.0
2015-04-10,16.46,16.4786,16.42,16.46,36875.0
2015-04-09,16.42,16.46,16.42,16.4372,70742.0
2015-04-08,16.41,16.46,16.4,16.42,76505.0
2015-04-07,16.36,16.43,16.36,16.43,64228.0
2015-04-06,16.34,16.39,16.325,16.3868,67053.0
2015-04-02,16.35,16.35,16.31,16.34,40459.0
2015-04-01,16.26,16.3799,16.26,16.32,79641.0
2015-03-31,16.35,16.45,16.35,16.38,117860.0
2015-03-30,16.38,16.41,16.36,16.4018,48281.0
2015-03-27,16.36,16.39,16.33,16.35,107567.0
2015-03-26,16.34,16.38,16.33,16.36,68934.0
2015-03-25,16.38,16.44,16.34,16.34,126915.0
2015-03-24,16.37,16.42,16.34,16.4104,84609.0
2015-03-23,16.35,16.4,16.33,16.4,70394.0
2015-03-20,16.28,16.4,16.28,16.39,116180.0
2015-03-19,16.32,16.32,16.22,16.25,85176.0
2015-03-18,16.21,16.35,16.2,16.3465,104994.0
2015-03-17,16.32,16.32,16.18,16.25,110503.0
2015-03-16,16.3,16.32,16.2,16.31,117738.0
2015-03-13,16.23,16.26,16.18,16.26,61021.0
2015-03-12,16.23,16.2599,16.22,16.23,70847.0
2015-03-11,16.21,16.24,16.2,16.22,44326.0
2015-03-10,16.23,16.28,16.2,16.21,70315.0
2015-03-09,16.25,16.32,16.25,16.26,51668.0
2015-03-06,16.36,16.38,16.26,16.28,156037.0
2015-03-05,16.4,16.42,16.36,16.36,103958.0
2015-03-04,16.36,16.42,16.35,16.4,82778.0
2015-03-03,16.42,16.4272,16.29,16.39,95206.0
2015-03-02,16.5,16.522,16.41,16.4202,61621.0
2015-02-27,16.5,16.6,16.5,16.6,79855.0
2015-02-26,16.52,16.54,16.4717,16.53,75106.0
2015-02-25,16.49,16.53,16.45,16.52,92929.0
2015-02-24,16.47,16.49,16.41,16.46,82224.0
2015-02-23,16.37,16.5,16.35,16.46,178237.0
2015-02-20,16.39,16.3904,16.32,16.35,99791.0
2015-02-19,16.34,16.4,16.33,16.36,126966.0
2015-02-18,16.38,16.4,16.31,16.39,200427.0
2015-02-17,16.38,16.38,16.3,16.35,119469.0
2015-02-13,16.32,16.37,16.3,16.37,79472.0
2015-02-12,16.33,16.33,16.25,16.3,98145.0
2015-02-11,16.23,16.31,16.23,16.29,101461.0
2015-02-10,16.22,16.3,16.22,16.26,136543.0
2015-02-09,16.12,16.25,16.12,16.25,114329.0
2015-02-06,16.14,16.19,16.14,16.14,68596.0
2015-02-05,16.0,16.17,16.0,16.17,135472.0
2015-02-04,16.0,16.0697,15.95,15.97,152387.0
2015-02-03,15.99,16.04,15.99,16.03,205595.0
2015-02-02,16.04,16.04,15.96,15.96,99108.0
2015-01-30,16.14,16.1699,16.12,16.14,73484.0
2015-01-29,16.13,16.18,16.08,16.18,95132.0
2015-01-28,16.17,16.19,16.09,16.1,94100.0
2015-01-27,16.15,16.2,16.11,16.187,86630.0
2015-01-26,16.2,16.24,16.18,16.18,143680.0
2015-01-23,16.13,16.25,16.11,16.22,235336.0
2015-01-22,16.07,16.15,16.03,16.13,150808.0
2015-01-21,16.01,16.06,15.96,16.03,150250.0
2015-01-20,16.07,16.07,15.97,16.0,86837.0
2015-01-16,16.02,16.09,16.01,16.09,124570.0
2015-01-15,16.09,16.09,15.94,16.01,156666.0
2015-01-14,15.92,16.04,15.87,16.04,156705.0
2015-01-13,16.07,16.15,16.04,16.08,131789.0
2015-01-12,16.21,16.21,16.0,16.06,191102.0
2015-01-09,16.16,16.2251,16.1301,16.18,98298.0
2015-01-08,16.02,16.18,16.02,16.18,181105.0
2015-01-07,15.99,16.11,15.97,15.98,244417.0
2015-01-06,15.92,15.99,15.9,15.9473,83333.0
2015-01-05,15.97,15.9806,15.89,15.97,80153.0
2015-01-02,15.93,16.12,15.93,16.03,98990.0
2014-12-31,16.0,16.08,15.96,16.0,403630.0
2014-12-30,16.06,16.11,15.98,16.0,348453.0
2014-12-29,16.16,16.21,16.09,16.09,282815.0
2014-12-26,16.18,16.25,16.17,16.19,115398.0
2014-12-24,16.13,16.26,16.13,16.18,116728.0
2014-12-23,16.09,16.15,16.06,16.13,327940.0
2014-12-22,16.16,16.17,16.03,16.09,262733.0
2014-12-19,16.03,16.16,16.03,16.13,188894.0
2014-12-18,15.94,16.12,15.9,16.01,304708.0
2014-12-17,15.45,15.86,15.45,15.85,310475.0
2014-12-16,15.54,15.5502,15.372,15.47,332242.0
2014-12-15,15.66,15.74,15.51,15.59,287625.0
2014-12-12,15.79,15.79,15.65,15.66,151822.0
2014-12-11,15.88,15.99,15.79,15.84,339742.0
2014-12-10,16.0,16.04,15.835,15.84,266305.0
2014-12-09,16.15,16.15,16.0,16.09,331671.0
2014-12-08,16.41,16.4133,16.16,16.18,246673.0
2014-12-05,16.39,16.43,16.343,16.41,189160.0
2014-12-04,16.41,16.45,16.35,16.37,153385.0
2014-12-03,16.6,16.6099,16.39,16.42,207856.0
2014-12-02,16.6,16.63,16.6,16.61,105828.0
2014-12-01,16.66,16.68,16.59,16.63,104381.0
2014-11-28,16.78,16.8,16.71,16.79,54451.0
2014-11-26,16.73,16.79,16.72,16.78,104719.0
2014-11-25,16.66,16.75,16.63,16.72,157180.0
2014-11-24,16.66,16.71,16.6496,16.67,132761.0
2014-11-21,16.67,16.71,16.6,16.66,212732.0
2014-11-20,16.61,16.66,16.5725,16.64,147244.0
2014-11-19,16.66,16.68,16.63,16.64,141891.0
2014-11-18,16.71,16.75,16.66,16.72,264818.0
2014-11-17,16.85,16.85,16.68,16.71,187888.0
2014-11-14,16.98,16.99,16.83,16.86,103645.0
2014-11-13,16.99,17.05,16.97,16.97,84153.0
2014-11-12,16.95,17.0199,16.94,17.0,87993.0
2014-11-11,16.95,17.0,16.91,16.98,111329.0
2014-11-10,17.02,17.05,16.96,17.0,72161.0
2014-11-07,17.06,17.08,16.98,17.02,57004.0
2014-11-06,17.0,17.1,16.94,17.08,80829.0
2014-11-05,17.04,17.07,16.97,17.01,58008.0
2014-11-04,17.06,17.076,17.01,17.01,58639.0
2014-11-03,17.11,17.11,17.06,17.096,54933.0
2014-10-31,17.1133,17.173,17.004,17.0835,197412.0
2014-10-30,17.17,17.23,17.13,17.18,81074.0
2014-10-29,17.2,17.23,17.12,17.13,86234.0
2014-10-28,17.24,17.27,17.19,17.2,110920.0
2014-10-27,17.19,17.22,17.13,17.18,75818.0
2014-10-24,17.16,17.28,17.13,17.22,100870.0
2014-10-23,17.24,17.27,17.18,17.18,169357.0
2014-10-22,17.16,17.28,17.16,17.19,129661.0
2014-10-21,16.9,17.18,16.89,17.1647,200068.0
2014-10-20,16.88,17.03,16.8716,16.89,140832.0
2014-10-17,16.78,16.99,16.73,16.9,80221.0
2014-10-16,16.57,16.8,16.474,16.698,246413.0
2014-10-15,16.52,16.82,16.12,16.63,416316.0
2014-10-14,16.64,16.77,16.593,16.69,178134.0
2014-10-13,16.9,16.92,16.59,16.61,114512.0
2014-10-10,16.98,17.04,16.92,16.94,90277.0
2014-10-09,17.06,17.16,17.0,17.06,166537.0
2014-10-08,16.97,17.16,16.97,17.0932,217380.0
2014-10-07,17.1,17.18,17.0,17.0,93584.0
2014-10-06,16.95,17.22,16.94,17.18,290915.0
2014-10-03,16.98,17.02,16.93,16.93,133734.0
2014-10-02,16.94,17.02,16.93,16.96,165866.0
2014-10-01,16.92,17.04,16.92,17.0,130110.0
2014-09-30,16.93,17.09,16.9,17.09,250762.0
2014-09-29,16.87,16.96,16.86,16.96,92365.0
2014-09-26,16.92,16.97,16.85,16.97,97122.0
2014-09-25,17.06,17.08,16.93,16.98,173141.0
2014-09-24,17.06,17.14,17.06,17.07,102545.0
2014-09-23,17.11,17.18,17.08,17.09,134384.0
2014-09-22,17.21,17.24,17.1,17.14,113220.0
2014-09-19,17.25,17.27,17.22,17.23,48500.0
2014-09-18,17.24,17.25,17.2002,17.21,82300.0
2014-09-17,17.18,17.24,17.15,17.23,73600.0
2014-09-16,17.18,17.19,17.11,17.15,110300.0
2014-09-15,17.29,17.29,17.11,17.15,106300.0
2014-09-12,17.22,17.27,17.2,17.26,84600.0
2014-09-11,17.29,17.35,17.23,17.27,100300.0
2014-09-10,17.22,17.34,17.2,17.31,55600.0
2014-09-09,17.35,17.41,17.24,17.25,117400.0
2014-09-08,17.45,17.49,17.39,17.39,76100.0
2014-09-05,17.49,17.51,17.46,17.5,53500.0
2014-09-04,17.53,17.56,17.48,17.48,62100.0
2014-09-03,17.53,17.56,17.5,17.52,71800.0
2014-09-02,17.54,17.5551,17.5,17.51,39900.0
2014-08-29,17.63,17.67,17.6,17.66,54000.0
2014-08-28,17.58,17.64,17.53,17.64,71800.0
2014-08-27,17.58,17.64,17.58,17.6,62300.0
2014-08-26,17.51,17.64,17.51,17.62,78800.0
2014-08-25,17.58,17.61,17.5028,17.54,67000.0
2014-08-22,17.6,17.6,17.55,17.55,56100.0
2014-08-21,17.62,17.69,17.57,17.58,61200.0
2014-08-20,17.62,17.68,17.61,17.61,57800.0
2014-08-19,17.62,17.68,17.58,17.68,84900.0
2014-08-18,17.64,17.67,17.56,17.56,113600.0
2014-08-15,17.64,17.64,17.5703,17.6199,84100.0
2014-08-14,17.56,17.62,17.56,17.59,59700.0
2014-08-13,17.55,17.57,17.49,17.57,89000.0
2014-08-12,17.39,17.51,17.39,17.47,147500.0
2014-08-11,17.28,17.47,17.28,17.47,76800.0
2014-08-08,17.21,17.3,17.18,17.28,67800.0
2014-08-07,17.15,17.25,17.13,17.21,100300.0
2014-08-06,17.06,17.19,16.97,17.19,101700.0
2014-08-05,17.18,17.2,17.0,17.16,126700.0
2014-08-04,17.22,17.31,17.22,17.28,116900.0
2014-08-01,17.22,17.31,17.22,17.29,93200.0
2014-07-31,17.72,17.72,17.42,17.42,157700.0
2014-07-30,17.86,17.8699,17.7101,17.72,102900.0
2014-07-29,17.92,17.92,17.85,17.8695,50400.0
2014-07-28,17.87,17.9085,17.85,17.875,73500.0
2014-07-25,17.87,17.94,17.87,17.9,62400.0
2014-07-24,17.88,17.94,17.88,17.94,89700.0
2014-07-23,17.89,17.93,17.86,17.87,88800.0
2014-07-22,17.85,17.9,17.821,17.858,89100.0
2014-07-21,17.83,17.87,17.81,17.85,57400.0
2014-07-18,17.86,17.8833,17.8445,17.87,64900.0
2014-07-17,17.88,17.92,17.79,17.86,112600.0
2014-07-16,17.9,17.99,17.9,17.93,116200.0
2014-07-15,18.0,18.01,17.89,17.9,98900.0
2014-07-14,18.01,18.02,17.9501,17.96,63600.0
2014-07-11,17.95,18.0,17.92,17.96,44800.0
2014-07-10,17.9,17.98,17.897,17.9598,55500.0
2014-07-09,17.96,18.02,17.91,17.94,114300.0
2014-07-08,17.9,18.01,17.9,17.9701,80400.0
2014-07-07,17.94,18.0,17.89,17.9155,48300.0
2014-07-03,17.96,17.98,17.89,17.9,50800.0
2014-07-02,17.98,18.05,17.94,17.9501,65500.0
2014-07-01,18.18,18.18,17.97,17.97,73200.0
2014-06-30,18.13,18.19,18.12,18.15,114400.0
2014-06-27,18.13,18.1736,18.12,18.12,40400.0
2014-06-26,18.14,18.14,18.1151,18.13,64100.0
2014-06-25,18.15,18.2,18.12,18.12,68300.0
2014-06-24,18.17,18.22,18.15,18.15,89200.0
2014-06-23,18.12,18.13,18.11,18.13,44200.0
2014-06-20,18.16,18.18,18.1,18.1,57200.0
2014-06-19,18.12,18.17,18.07,18.16,74500.0
2014-06-18,18.05,18.15,18.03,18.11,83800.0
2014-06-17,18.09,18.12,18.03,18.09,91900.0
2014-06-16,18.06,18.07,17.97,18.05,64400.0
2014-06-13,18.01,18.03,17.97,18.03,72600.0
2014-06-12,17.92,18.0,17.88,17.97,81900.0
2014-06-11,17.94,17.97,17.87,17.9,97400.0
2014-06-10,17.86,17.93,17.86,17.89,64200.0
2014-06-09,17.89,17.93,17.88,17.88,76500.0
2014-06-06,17.92,17.94,17.9,17.9,73000.0
2014-06-05,17.88,17.97,17.87,17.88,91600.0
2014-06-04,18.0,18.0,17.88,17.89,94800.0
2014-06-03,17.99,18.02,17.95,17.964,92000.0
2014-06-02,18.1,18.1,17.99,17.99,69800.0
2014-05-30,18.08,18.15,18.0601,18.14,111000.0
2014-05-29,18.06,18.11,18.0404,18.06,102200.0
2014-05-28,18.0,18.1,17.95,18.0501,111800.0
2014-05-27,18.05,18.09,17.99,18.0,57600.0
2014-05-23,18.0,18.0469,18.0,18.02,50900.0
2014-05-22,18.02,18.06,18.0,18.01,83700.0
2014-05-21,18.04,18.05,18.0,18.02,77700.0
2014-05-20,18.01,18.04,17.97,18.02,55300.0
2014-05-19,18.06,18.06,18.02,18.03,61700.0
2014-05-16,18.02,18.05,17.94,18.04,120900.0
2014-05-15,17.96,17.987,17.948,17.98,91100.0
2014-05-14,17.95,17.99,17.93,17.99,65600.0
2014-05-13,18.01,18.03,17.93,17.97,78500.0
2014-05-12,18.06,18.06,17.94,17.9799,80900.0
2014-05-09,17.89,18.0299,17.89,18.0,78100.0
2014-05-08,17.87,17.919,17.87,17.87,77600.0
2014-05-07,17.86,17.884,17.85,17.86,74700.0
2014-05-06,17.9,17.93,17.86,17.86,72900.0
2014-05-05,17.9,17.94,17.87,17.94,88600.0
2014-05-02,17.9,17.92,17.86,17.92,47400.0
2014-05-01,17.87,17.92,17.79,17.88,76900.0
2014-04-30,18.0,18.02,17.97,18.02,71000.0
2014-04-29,17.98,18.01,17.96,18.0,78500.0
2014-04-28,17.98,17.98,17.91,17.96,58400.0
2014-04-25,17.94,17.941,17.9,17.94,83100.0
2014-04-24,18.0,18.0,17.86,17.94,106900.0
2014-04-23,17.86,17.94,17.85,17.9,114400.0
2014-04-22,17.86,17.88,17.83,17.86,77400.0
2014-04-21,17.92,17.92,17.84,17.88,88100.0
2014-04-17,17.8,17.88,17.7739,17.88,123200.0
2014-04-16,17.76,17.8,17.71,17.79,112800.0
2014-04-15,17.68,17.71,17.65,17.68,91100.0
2014-04-14,17.65,17.7,17.63,17.69,94600.0
2014-04-11,17.58,17.67,17.58,17.64,63200.0
2014-04-10,17.67,17.71,17.58,17.64,148500.0
2014-04-09,17.66,17.7,17.57,17.7,110000.0
2014-04-08,17.57,17.65,17.54,17.65,67200.0
2014-04-07,17.48,17.6,17.48,17.57,99500.0
2014-04-04,17.65,17.69,17.5,17.51,125600.0
2014-04-03,17.52,17.59,17.47,17.54,150400.0
2014-04-02,17.6,17.62,17.47,17.53,137600.0
2014-04-01,17.67,17.67,17.6,17.61,65300.0
2014-03-31,17.62,17.74,17.62,17.73,97500.0
2014-03-28,17.57,17.64,17.55,17.61,68100.0
2014-03-27,17.54,17.59,17.5,17.56,101000.0
2014-03-26,17.59,17.62,17.5501,17.59,110900.0
2014-03-25,17.48,17.6,17.48,17.56,89600.0
2014-03-24,17.5,17.553,17.46,17.46,82700.0
2014-03-21,17.53,17.62,17.48,17.51,172600.0
2014-03-20,17.53,17.58,17.45,17.51,113200.0
2014-03-19,17.65,17.69,17.53,17.53,59500.0
2014-03-18,17.56,17.67,17.54,17.62,111700.0
2014-03-17,17.62,17.62,17.4902,17.52,74100.0
2014-03-14,17.45,17.56,17.43,17.52,155000.0
2014-03-13,17.67,17.68,17.44,17.54,252100.0
2014-03-12,17.58,17.72,17.56,17.66,277900.0
2014-03-11,17.74,17.8,17.64,17.64,91500.0
2014-03-10,17.63,17.7798,17.61,17.75,160100.0
2014-03-07,17.79,17.79,17.6,17.63,54800.0
2014-03-06,17.77,17.83,17.7432,17.78,187600.0
2014-03-05,18.02,18.0445,17.78,17.78,96500.0
2014-03-04,18.01,18.11,18.01,18.02,136800.0
2014-03-03,17.8,18.04,17.7862,18.02,263900.0
2014-02-28,17.88,18.02,17.87,17.88,95000.0
2014-02-27,17.77,17.98,17.77,17.91,85300.0
2014-02-26,17.85,17.85,17.76,17.82,71500.0
2014-02-25,17.75,17.85,17.73,17.85,65800.0
2014-02-24,17.83,17.85,17.71,17.73,82900.0
2014-02-21,17.81,17.85,17.76,17.77,96300.0
2014-02-20,17.81,17.85,17.74,17.85,83300.0
2014-02-19,17.72,17.8,17.7,17.75,87000.0
2014-02-18,17.77,17.84,17.7,17.77,110000.0
2014-02-14,17.79,17.8,17.72,17.8,71500.0
2014-02-13,17.62,17.73,17.6,17.73,97300.0
2014-02-12,17.7,17.71,17.6,17.63,74900.0
2014-02-11,17.59,17.68,17.58,17.64,44100.0
2014-02-10,17.55,17.63,17.51,17.62,85400.0
2014-02-07,17.49,17.63,17.45,17.58,89600.0
2014-02-06,17.37,17.49,17.33,17.46,142700.0
2014-02-05,17.39,17.53,17.35,17.44,66300.0
2014-02-04,17.35,17.48,17.35,17.45,126500.0
2014-02-03,17.37,17.45,17.31,17.34,112600.0
2014-01-31,17.42,17.59,17.42,17.51,73200.0
2014-01-30,17.62,17.65,17.48,17.53,121000.0
2014-01-29,17.55,17.556,17.4,17.5,111400.0
2014-01-28,17.66,17.66,17.55,17.56,89700.0
2014-01-27,17.82,17.83,17.55,17.65,176200.0
2014-01-24,17.62,17.83,17.61,17.79,170000.0
2014-01-23,17.63,17.77,17.62,17.65,114200.0
2014-01-22,17.71,17.77,17.6701,17.7,114200.0
2014-01-21,17.74,17.76,17.6375,17.666,149900.0
2014-01-17,17.68,17.72,17.61,17.64,85600.0
2014-01-16,17.54,17.71,17.5,17.71,121400.0
2014-01-15,17.52,17.61,17.49,17.49,115600.0
2014-01-14,17.41,17.59,17.41,17.47,144100.0
2014-01-13,17.42,17.49,17.42,17.49,160000.0
2014-01-10,17.4,17.5252,17.4,17.45,78300.0
2014-01-09,17.38,17.47,17.38,17.42,99300.0
2014-01-08,17.28,17.43,17.28,17.4,94000.0
2014-01-07,17.15,17.39,17.15,17.32,131200.0
2014-01-06,17.11,17.31,17.11,17.16,116500.0
2014-01-03,17.18,17.25,17.08,17.11,123500.0
2014-01-02,17.15,17.25,17.1,17.21,226200.0
2013-12-31,17.14,17.27,17.11,17.22,295700.0
2013-12-30,17.38,17.38,17.12,17.1598,285800.0
2013-12-27,17.31,17.37,17.23,17.34,162500.0
2013-12-26,17.3,17.4399,17.3,17.38,147700.0
2013-12-24,17.22,17.4,17.22,17.31,79400.0
2013-12-23,17.09,17.39,17.09,17.3,161800.0
2013-12-20,17.01,17.1194,16.97,17.07,202300.0
2013-12-19,17.0,17.11,16.99,17.0,204400.0
2013-12-18,17.1,17.22,17.01,17.02,252400.0
2013-12-17,16.99,17.21,16.96,17.14,185600.0
2013-12-16,17.05,17.099,17.0,17.0,272800.0
2013-12-13,17.11,17.17,17.02,17.1,163400.0
2013-12-12,17.06,17.14,17.06,17.11,152500.0
2013-12-11,17.1,17.19,17.07,17.12,263300.0
2013-12-10,17.2,17.24,17.09,17.13,163500.0
2013-12-09,17.05,17.25,17.05,17.13,144500.0
2013-12-06,17.06,17.12,17.02,17.09,160500.0
2013-12-05,17.09,17.1599,17.0844,17.09,111000.0
2013-12-04,17.12,17.24,17.12,17.17,98400.0
2013-12-03,17.19,17.3,17.19,17.23,162400.0
2013-12-02,17.26,17.3196,17.15,17.26,112800.0
2013-11-29,17.3,17.45,17.3,17.4,55500.0
2013-11-27,17.26,17.38,17.22,17.34,96600.0
2013-11-26,17.26,17.36,17.24,17.27,79400.0
2013-11-25,17.37,17.37,17.27,17.29,165200.0
2013-11-22,17.3,17.35,17.25,17.28,116500.0
2013-11-21,17.31,17.37,17.28,17.28,97100.0
2013-11-20,17.45,17.4999,17.3,17.35,152500.0
2013-11-19,17.39,17.5,17.3701,17.43,98400.0
2013-11-18,17.43,17.49,17.43,17.43,193900.0
2013-11-15,17.44,17.48,17.4001,17.44,78100.0
2013-11-14,17.4205,17.4798,17.37,17.43,78900.0
2013-11-13,17.36,17.48,17.35,17.42,133300.0
2013-11-12,17.44,17.53,17.41,17.42,99000.0
2013-11-11,17.41,17.54,17.41,17.51,89700.0
2013-11-08,17.41,17.5,17.4,17.47,54600.0
2013-11-07,17.56,17.6299,17.47,17.47,121400.0
2013-11-06,17.6,17.66,17.57,17.57,104300.0
2013-11-05,17.68,17.7185,17.56,17.57,114800.0
2013-11-04,17.58,17.67,17.57,17.63,73600.0
2013-11-01,17.53,17.62,17.45,17.58,81500.0
2013-10-31,17.62,17.68,17.6,17.62,71600.0
2013-10-30,17.71,17.7699,17.61,17.66,107800.0
2013-10-29,17.69,17.8,17.67,17.69,112300.0
2013-10-28,17.65,17.73,17.6301,17.69,101500.0
2013-10-25,17.6,17.75,17.58,17.69,117200.0
2013-10-24,17.6,17.73,17.58,17.64,103500.0
2013-10-23,17.56,17.69,17.56,17.62,100200.0
2013-10-22,17.51,17.7,17.51,17.64,144000.0
2013-10-21,17.55,17.64,17.4701,17.52,104900.0
2013-10-18,17.56,17.71,17.49,17.59,138600.0
2013-10-17,17.33,17.69,17.32,17.61,129600.0
2013-10-16,17.48,17.58,17.31,17.33,139900.0
2013-10-15,17.4,17.468,17.32,17.39,70700.0
2013-10-14,17.34,17.49,17.33,17.47,91600.0
2013-10-11,17.28,17.46,17.22,17.45,110900.0
2013-10-10,17.36,17.45,17.2601,17.36,84800.0
2013-10-09,17.29,17.3599,17.23,17.3,79200.0
2013-10-08,17.4,17.4999,17.22,17.28,115000.0
2013-10-07,17.39,17.4899,17.34,17.44,72600.0
2013-10-04,17.53,17.59,17.35,17.44,106500.0
2013-10-03,17.43,17.66,17.28,17.62,85800.0
2013-10-02,17.52,17.62,17.38,17.43,124000.0
2013-10-01,17.57,17.68,17.55,17.6,132700.0
2013-09-30,17.7,17.79,17.54,17.54,182300.0
2013-09-27,17.59,17.77,17.59,17.76,58500.0
2013-09-26,17.61,17.72,17.56,17.67,105100.0
2013-09-25,17.63,17.68,17.53,17.626,103600.0
2013-09-24,17.62,17.7193,17.6,17.64,56400.0
2013-09-23,17.75,17.85,17.65,17.65,89800.0
2013-09-20,17.75,17.78,17.6711,17.74,126300.0
2013-09-19,17.7,17.82,17.7,17.8,229300.0
2013-09-18,17.23,17.66,17.02,17.65,146300.0
2013-09-17,17.16,17.35,17.12,17.31,116400.0
2013-09-16,17.04,17.22,17.04,17.12,157900.0
2013-09-13,17.03,17.078,16.94,17.01,88000.0
2013-09-12,17.02,17.08,17.0,17.03,99200.0
2013-09-11,16.88,17.1196,16.88,17.03,192300.0
2013-09-10,17.01,17.04,16.93,16.951,146600.0
2013-09-09,17.0,17.08,16.95,16.98,65600.0
2013-09-06,16.97,17.07,16.91,16.96,117700.0
2013-09-05,16.98,17.15,16.91,16.93,280400.0
2013-09-04,17.33,17.49,16.98,16.98,320400.0
2013-09-03,17.03,17.42,17.02,17.42,89100.0
2013-08-30,17.07,17.15,17.05,17.11,71100.0
2013-08-29,16.95,17.15,16.95,17.11,88800.0
2013-08-28,17.04,17.21,16.96,17.08,131700.0
2013-08-27,17.0,17.2,17.0,17.1,188000.0
2013-08-26,17.2,17.28,17.09,17.18,97300.0
2013-08-23,17.08,17.25,17.06,17.17,66300.0
2013-08-22,16.96,17.24,16.94,17.13,102900.0
2013-08-21,16.93,17.0634,16.81,17.02,147500.0
2013-08-20,16.96,17.17,16.96,17.05,123800.0
2013-08-19,16.94,17.14,16.93,16.965,142600.0
2013-08-16,17.12,17.19,16.92,16.95,231000.0
2013-08-15,17.22,17.3,16.96,17.02,176500.0
2013-08-14,17.39,17.4399,17.2,17.2,106800.0
2013-08-13,17.5,17.5,17.31,17.32,110400.0
2013-08-12,17.4,17.53,17.4,17.51,66400.0
2013-08-09,17.19,17.4806,17.19,17.4,72100.0
2013-08-08,17.37,17.52,17.19,17.25,82900.0
2013-08-07,17.33,17.53,17.2503,17.42,64200.0
2013-08-06,17.45,17.53,17.21,17.45,105600.0
2013-08-05,17.62,17.67,17.45,17.51,116000.0
2013-08-02,17.53,17.9,17.53,17.77,109600.0
2013-08-01,17.67,17.74,17.42,17.51,255500.0
2013-07-31,17.59,17.7,17.58,17.63,143800.0
2013-07-30,17.56,17.63,17.41,17.63,79000.0
2013-07-29,17.48,17.57,17.3,17.4,129300.0
2013-07-26,17.6,17.65,17.42,17.51,114300.0
2013-07-25,17.67,17.72,17.6,17.6699,66100.0
2013-07-24,17.75,17.82,17.6,17.63,82100.0
2013-07-23,17.75,17.84,17.53,17.79,106600.0
2013-07-22,17.5,17.66,17.43,17.63,66300.0
2013-07-19,17.64,17.7,17.396,17.43,93600.0
2013-07-18,17.62,17.75,17.5501,17.71,112900.0
2013-07-17,17.35,17.66,17.35,17.62,131500.0
2013-07-16,17.63,17.63,17.34,17.38,141800.0
2013-07-15,17.5,17.6002,17.41,17.54,133700.0
2013-07-12,17.65,17.65,17.25,17.28,111100.0
2013-07-11,17.32,17.67,17.32,17.6699,155900.0
2013-07-10,17.16,17.25,17.07,17.2,68800.0
2013-07-09,16.85,17.2099,16.8401,17.12,144600.0
2013-07-08,16.76,17.1,16.76,16.95,170200.0
2013-07-05,17.23,17.23,16.808,16.81,99400.0
2013-07-03,17.0445,17.23,17.04,17.23,67300.0
2013-07-02,17.54,17.57,17.12,17.14,111700.0
2013-07-01,17.6,17.78,17.46,17.5,117000.0
2013-06-28,17.7,17.85,17.47,17.56,94300.0
2013-06-27,17.51,17.87,17.47,17.83,90000.0
2013-06-26,17.28,17.56,17.28,17.5,187000.0
2013-06-25,16.81,17.16,16.71,17.16,173400.0
2013-06-24,17.18,17.27,16.65,16.79,388700.0
2013-06-21,17.44,17.44,17.18,17.34,132900.0
2013-06-20,17.5,17.5108,17.2,17.33,301600.0
2013-06-19,17.65,17.83,17.5,17.57,202800.0
2013-06-18,17.71,17.71,17.58,17.69,236700.0
2013-06-17,17.8,17.99,17.51,17.55,259600.0
2013-06-14,17.63,17.7799,17.56,17.63,115500.0
2013-06-13,17.59,17.69,17.36,17.66,151100.0
2013-06-12,17.68,17.77,17.5,17.525,145500.0
2013-06-11,17.66,17.96,17.6301,17.69,139500.0
2013-06-10,17.97,18.0,17.86,17.88,249000.0
2013-06-07,17.86,17.9899,17.83,17.94,137400.0
2013-06-06,17.93,17.98,17.75,17.91,198200.0
2013-06-05,17.89,18.05,17.86,17.99,120300.0
2013-06-04,17.98,18.09,17.91,17.98,213400.0
2013-06-03,18.18,18.3299,17.85,18.0,171300.0
2013-05-31,18.43,18.49,18.19,18.2001,136300.0
2013-05-30,18.58,18.66,18.3601,18.39,122000.0
2013-05-29,18.73,18.73,18.35,18.5,190100.0
2013-05-28,18.87,18.87,18.68,18.73,97200.0
2013-05-24,18.85,18.85,18.7,18.75,102600.0
2013-05-23,18.76,18.9,18.68,18.83,175300.0
2013-05-22,19.06,19.07,18.81,18.8791,139800.0
2013-05-21,18.9,19.1,18.9,19.07,110600.0
2013-05-20,19.03,19.04,18.91,18.95,70000.0
2013-05-17,19.11,19.114,18.9,19.0,116300.0
2013-05-16,19.0,19.11,18.8708,19.01,138600.0
2013-05-15,19.07,19.14,18.91,18.935,128600.0
2013-05-14,18.98,19.07,18.93,18.99,133300.0
2013-05-13,19.16,19.16,18.95,19.04,125400.0
2013-05-10,19.12,19.19,19.06,19.15,84000.0
2013-05-09,19.2,19.2,19.05,19.13,88100.0
2013-05-08,19.2,19.257,19.12,19.19,67600.0
2013-05-07,19.05,19.16,18.992,19.16,90800.0
2013-05-06,19.12,19.16,18.95,18.95,103600.0
2013-05-03,19.25,19.25,19.0901,19.16,51900.0
2013-05-02,19.2,19.21,19.11,19.2,66900.0
2013-05-01,19.11,19.14,19.0,19.14,10000.0
2013-04-30,19.05,19.24,19.05,19.1299,98300.0
2013-04-29,19.16,19.16,19.05,19.1,47000.0
2013-04-26,19.02,19.11,18.941,19.09,57500.0
2013-04-25,19.0,19.11,18.96,19.06,98600.0
2013-04-24,18.89,19.0,18.83,19.0,93000.0
2013-04-23,18.9,18.94,18.82,18.88,68800.0
2013-04-22,18.96,18.96,18.74,18.79,109000.0
2013-04-19,18.8,18.97,18.8,18.8,67100.0
2013-04-18,18.92,18.92,18.77,18.84,68400.0
2013-04-17,18.97,18.98,18.7601,18.89,93900.0
2013-04-16,19.0,19.08,18.88,18.97,117200.0
2013-04-15,19.15,19.15,18.83,18.9,129400.0
2013-04-12,18.96,19.13,18.96,19.13,67900.0
2013-04-11,18.95,19.09,18.89,19.08,83900.0
2013-04-10,18.89,18.99,18.84,18.95,133800.0
2013-04-09,19.02,19.02,18.88,18.93,98500.0
2013-04-08,18.83,19.04,18.83,18.97,58400.0
2013-04-05,18.7,18.9099,18.65,18.8899,136100.0
2013-04-04,18.8,18.94,18.76,18.89,81500.0
2013-04-03,18.77,18.94,18.69,18.8,124400.0
2013-04-02,18.97,19.02,18.84,18.85,68400.0
2013-04-01,18.9,19.03,18.8425,18.91,49900.0
2013-03-28,19.05,19.1099,18.98,18.98,120600.0
2013-03-27,19.06,19.0948,18.92,19.05,62900.0
2013-03-26,18.95,19.1199,18.94,19.06,85400.0
2013-03-25,18.98,19.009,18.85,18.96,139100.0
2013-03-22,18.92,19.0,18.87,18.98,94700.0
2013-03-21,18.88,19.0,18.77,18.95,118100.0
2013-03-20,18.86,18.9802,18.78,18.82,82900.0
2013-03-19,19.0,19.14,18.85,18.9,97100.0
2013-03-18,18.8,19.04,18.8,19.04,112000.0
2013-03-15,19.12,19.2,18.75,18.84,259800.0
2013-03-14,19.03,19.1099,18.9301,19.06,102700.0
2013-03-13,19.15,19.1999,19.03,19.1,109100.0
2013-03-12,19.05,19.16,18.93,19.07,208500.0
2013-03-11,18.8,19.04,18.77,19.02,118300.0
2013-03-08,18.89,18.9,18.79,18.87,75800.0
2013-03-07,18.8,19.0,18.8,18.84,96100.0
2013-03-06,18.98,18.99,18.63,18.85,167100.0
2013-03-05,19.16,19.16,18.83,18.87,87500.0
2013-03-04,18.95,19.07,18.85,19.07,149800.0
2013-03-01,18.86,18.95,18.79,18.93,88400.0
2013-02-28,18.95,18.95,18.82,18.95,109500.0
2013-02-27,18.95,18.95,18.81,18.92,145900.0
2013-02-26,18.8,18.927,18.75,18.85,207500.0
2013-02-25,18.9,18.92,18.75,18.8,100700.0
2013-02-22,18.82,18.8799,18.784,18.87,98500.0
2013-02-21,18.92,18.92,18.73,18.75,127100.0
2013-02-20,18.95,18.95,18.78,18.85,177400.0
2013-02-19,18.86,18.92,18.75,18.89,135400.0
2013-02-15,18.95,18.97,18.7,18.77,103000.0
2013-02-14,18.76,18.92,18.75,18.85,99100.0
2013-02-13,19.02,19.02,18.75,18.85,75800.0
2013-02-12,18.88,18.9499,18.79,18.91,114800.0
2013-02-11,18.75,18.84,18.75,18.79,68700.0
2013-02-08,18.78,18.93,18.6729,18.82,158700.0
2013-02-07,18.68,18.68,18.56,18.67,135400.0
2013-02-06,18.79,18.79,18.55,18.68,126300.0
2013-02-05,18.52,18.71,18.52,18.7,22000.0
2013-02-04,18.62,18.71,18.5,18.591,155700.0
2013-02-01,18.9,18.9,18.68,18.71,23400.0
2013-01-31,18.97,18.97,18.81,18.83,111900.0
2013-01-30,18.94,18.9725,18.82,18.89,114700.0
2013-01-29,18.9,18.9999,18.8602,18.97,126900.0
2013-01-28,19.12,19.12,18.9,18.9,132800.0
2013-01-25,19.04,19.04,18.99,19.03,70500.0
2013-01-24,19.01,19.05,18.95,18.96,138000.0
2013-01-23,18.99,19.02,18.95,18.96,128200.0
2013-01-22,18.91,19.03,18.87,18.95,121000.0
2013-01-18,18.91,18.99,18.85,18.91,107700.0
2013-01-17,18.97,18.98,18.86,18.98,128100.0
2013-01-16,18.76,19.33,18.73,18.93,240100.0
2013-01-15,18.72,18.79,18.68,18.77,132500.0
2013-01-14,18.67,18.7399,18.66,18.72,83300.0
2013-01-11,18.74,18.74,18.65,18.6899,72900.0
2013-01-10,18.78,18.78,18.63,18.7,139400.0
2013-01-09,18.69,18.77,18.65,18.77,106200.0
2013-01-08,18.61,18.69,18.57,18.67,111600.0
2013-01-07,18.69,18.74,18.55,18.56,150900.0
2013-01-04,18.4,18.71,18.341,18.69,214400.0
2013-01-03,18.42,18.48,18.33,18.42,141400.0
2013-01-02,18.16,18.44,18.14,18.41,103900.0
2012-12-31,17.73,18.15,17.66,18.12,154000.0
2012-12-28,17.92,17.96,17.79,17.81,128900.0
2012-12-27,18.04,18.04,17.7832,17.96,47800.0
2012-12-26,18.01,18.1,18.0,18.09,114800.0
2012-12-24,18.1,18.11,18.0,18.05,116200.0
2012-12-21,18.0,18.12,18.0,18.05,101700.0
2012-12-20,18.03,18.07,17.98,18.06,129700.0
2012-12-19,17.95,18.06,17.95,18.01,117300.0
2012-12-18,18.05,18.05,17.88,17.99,122700.0
2012-12-17,17.83,18.05,17.81,18.04,171000.0
2012-12-14,17.77,17.94,17.77,17.82,130600.0
2012-12-13,17.89,17.95,17.74,17.83,119900.0
2012-12-12,17.93,18.05,17.91,17.93,135000.0
2012-12-11,17.9,18.0,17.83,18.0,182300.0
2012-12-10,17.84,17.89,17.72,17.86,211100.0
2012-12-07,17.86,17.86,17.6221,17.81,177800.0
2012-12-06,17.79,17.9,17.74,17.76,125700.0
2012-12-05,17.74,17.8,17.71,17.8,130200.0
2012-12-04,17.82,17.9,17.73,17.78,178200.0
2012-12-03,17.79,17.86,17.75,17.85,30200.0
2012-11-30,17.81,17.95,17.81,17.91,117200.0
2012-11-29,17.8,17.89,17.8,17.82,117200.0
2012-11-28,17.73,17.87,17.73,17.79,151500.0
2012-11-27,17.66,17.89,17.66,17.84,146700.0
2012-11-26,17.74,17.88,17.67,17.74,168300.0
2012-11-23,17.93,17.94,17.75,17.88,44900.0
2012-11-21,17.63,17.81,17.52,17.78,323600.0
2012-11-20,18.17,18.2,17.99,18.05,115700.0
2012-11-19,18.04,18.23,17.9983,18.09,116500.0
2012-11-16,17.7,17.99,17.4707,17.91,200500.0
2012-11-15,17.65,17.76,16.83,17.64,392800.0
2012-11-14,17.98,18.086,17.46,17.5,210300.0
2012-11-13,18.19,18.28,18.02,18.03,137300.0
2012-11-12,18.34,18.34,18.13,18.23,114300.0
2012-11-09,18.45,18.48,18.18,18.27,89900.0
2012-11-08,18.58,18.65,18.41,18.45,93400.0
2012-11-07,18.64,18.64,18.36,18.56,80000.0
2012-11-06,18.7,18.7,18.59,18.62,50200.0
2012-11-05,18.69,18.69,18.56,18.65,57700.0
2012-11-02,18.71,18.71,18.5516,18.65,54300.0
2012-11-01,18.71,18.71,18.55,18.68,79200.0
2012-10-31,18.62,18.88,18.46,18.78,179100.0
2012-10-26,18.62,18.77,18.51,18.56,183600.0
2012-10-25,18.83,18.83,18.44,18.57,218100.0
2012-10-24,18.85,18.9,18.71,18.71,121400.0
2012-10-23,18.8,18.87,18.7,18.81,130800.0
2012-10-22,18.77,18.922,18.7418,18.84,105400.0
2012-10-19,18.9,18.9,18.75,18.7531,83600.0
2012-10-18,18.86,18.97,18.81,18.89,109200.0
2012-10-17,18.86,18.92,18.81,18.88,95400.0
2012-10-16,18.88,18.92,18.7,18.78,152700.0
2012-10-15,18.78,18.83,18.63,18.78,71600.0
2012-10-12,18.72,18.79,18.62,18.73,102400.0
2012-10-11,18.68,18.76,18.52,18.67,100700.0
2012-10-10,18.8,18.8,18.48,18.57,117100.0
2012-10-09,18.79,18.81,18.68,18.81,112900.0
2012-10-08,18.69,18.81,18.5937,18.7,92600.0
2012-10-05,18.7,18.72,18.55,18.61,58900.0
2012-10-04,18.65,18.67,18.54,18.64,77300.0
2012-10-03,18.6,18.6361,18.5,18.54,106700.0
2012-10-02,18.61,18.7399,18.6,18.61,63700.0
2012-10-01,18.71,18.78,18.64,18.65,96700.0
2012-09-28,18.67,18.79,18.65,18.74,135100.0
2012-09-27,18.7,18.74,18.61,18.67,62100.0
2012-09-26,18.8,18.8,18.58,18.61,94800.0
2012-09-25,18.84,18.84,18.75,18.75,178700.0
2012-09-24,18.85,18.8699,18.7,18.77,155600.0
2012-09-21,18.8,18.9,18.69,18.79,171500.0
2012-09-20,18.67,18.7848,18.62,18.68,123500.0
2012-09-19,18.9,18.95,18.79,18.8,175900.0
2012-09-18,18.88,18.92,18.8201,18.85,123200.0
2012-09-17,18.92,18.94,18.83,18.89,106900.0
2012-09-14,18.71,18.85,18.68,18.82,133100.0
2012-09-13,18.54,18.72,18.48,18.68,125600.0
2012-09-12,18.52,18.54,18.42,18.53,72100.0
2012-09-11,18.32,18.48,18.28,18.48,83100.0
2012-09-10,18.24,18.3033,18.23,18.27,55700.0
2012-09-07,18.35,18.35,18.22,18.26,59300.0
2012-09-06,18.34,18.34,18.2,18.26,75300.0
2012-09-05,18.34,18.34,18.2,18.2,100500.0
2012-09-04,18.27,18.34,18.18,18.33,74600.0
2012-08-31,18.38,18.39,18.27,18.36,90000.0
2012-08-30,18.23,18.38,18.23,18.38,114000.0
2012-08-29,18.33,18.363,18.27,18.28,76300.0
2012-08-28,18.32,18.3599,18.1965,18.3,140300.0
2012-08-27,18.37,18.38,18.27,18.3,134700.0
2012-08-24,18.29,18.38,18.21,18.38,80100.0
2012-08-23,18.31,18.34,18.25,18.29,103700.0
2012-08-22,18.29,18.3799,18.25,18.36,117000.0
2012-08-21,18.3,18.39,17.92,18.28,163500.0
2012-08-20,18.32,18.35,18.26,18.33,130500.0
2012-08-17,18.33,18.4,18.255,18.32,125200.0
2012-08-16,18.36,18.42,18.2,18.3,137400.0
2012-08-15,18.39,18.42,18.26,18.35,105900.0
2012-08-14,18.28,18.42,18.15,18.33,174300.0
2012-08-13,18.24,18.3,18.199,18.3,64400.0
2012-08-10,18.26,18.26,18.14,18.21,89400.0
2012-08-09,18.23,18.29,18.13,18.23,184600.0
2012-08-08,18.12,18.26,18.12,18.18,80200.0
2012-08-07,18.2,18.27,18.14,18.18,84300.0
2012-08-06,18.3,18.3,18.13,18.23,75500.0
2012-08-03,18.25,18.29,18.175,18.23,74800.0
2012-08-02,18.1,18.25,18.02,18.25,115700.0
2012-08-01,18.07,18.35,18.07,18.21,100900.0
2012-07-31,18.09,18.22,18.03,18.22,133800.0
2012-07-30,18.11,18.15,18.0852,18.14,89100.0
2012-07-27,18.06,18.14,18.0,18.11,75800.0
2012-07-26,18.09,18.1,17.98,18.03,90900.0
2012-07-25,18.04,18.1,17.94,17.97,165000.0
2012-07-24,17.97,18.0,17.91,17.98,129200.0
2012-07-23,17.91,18.0023,17.9,17.9689,93800.0
2012-07-20,18.03,18.06,17.95,17.98,59500.0
2012-07-19,18.06,18.17,18.01,18.02,109100.0
2012-07-18,18.01,18.12,17.99,18.12,94400.0
2012-07-17,18.09,18.15,17.952,18.12,87600.0
2012-07-16,18.09,18.09,17.9,17.99,85600.0
2012-07-13,18.02,18.08,17.89,18.01,67200.0
2012-07-12,17.96,18.01,17.79,17.9,74100.0
2012-07-11,17.98,18.09,17.93,17.96,53000.0
2012-07-10,18.05,18.1,17.92,18.0,80900.0
2012-07-09,17.98,18.0748,17.89,18.05,136000.0
2012-07-06,17.9,18.04,17.85,17.97,96400.0
2012-07-05,17.92,17.93,17.77,17.93,62700.0
2012-07-03,17.88,18.05,17.79,17.88,130600.0
2012-07-02,17.79,17.88,17.67,17.88,76200.0
2012-06-29,17.96,18.14,17.65,17.65,244600.0
2012-06-28,17.74,17.92,17.74,17.9,61700.0
2012-06-27,17.67,17.85,17.6352,17.74,92500.0
2012-06-26,17.48,18.0,17.33,17.71,261500.0
2012-06-25,17.6,17.6,17.47,17.52,77000.0
2012-06-22,17.55,17.76,17.55,17.72,93000.0
2012-06-21,17.74,17.74,17.5,17.56,111600.0
2012-06-20,17.68,17.81,17.54,17.73,95100.0
2012-06-19,17.49,17.67,17.45,17.65,125300.0
2012-06-18,17.43,17.54,17.31,17.44,108800.0
2012-06-15,17.45,17.529,17.29,17.36,123800.0
2012-06-14,17.23,17.4188,17.23,17.38,59500.0
2012-06-13,17.15,17.32,17.15,17.25,93300.0
2012-06-12,17.22,17.2852,17.1317,17.23,64100.0
2012-06-11,17.32,17.32,17.14,17.19,84200.0
2012-06-08,17.0,17.22,16.92,17.2,82100.0
2012-06-07,17.04,17.15,16.87,16.87,68100.0
2012-06-06,16.93,17.08,16.81,17.03,103300.0
2012-06-05,16.99,17.08,16.78,16.9,151700.0
2012-06-04,17.15,17.1993,16.94,16.94,110000.0
2012-06-01,17.19,17.29,17.04,17.2,30200.0
2012-05-31,17.46,18.18,17.41,17.41,154000.0
2012-05-30,17.46,17.46,17.396,17.44,69500.0
2012-05-29,17.45,17.59,17.38,17.59,83300.0
2012-05-25,17.36,17.49,17.16,17.36,103500.0
2012-05-24,17.41,17.44,17.15,17.35,162200.0
2012-05-23,17.3,17.36,17.21,17.34,77000.0
2012-05-22,17.43,17.4399,17.28,17.34,69600.0
2012-05-21,17.2,17.42,17.1,17.39,79500.0
2012-05-18,17.2,17.35,17.06,17.13,130000.0
2012-05-17,17.55,17.59,17.1801,17.23,190200.0
2012-05-16,17.71,17.81,17.57,17.58,157800.0
2012-05-15,17.84,17.87,17.53,17.57,176000.0
2012-05-14,17.98,17.98,17.77,17.79,106400.0
2012-05-11,17.92,18.03,17.8948,17.98,56000.0
2012-05-10,18.02,18.02,17.9038,17.92,91200.0
2012-05-09,17.95,17.96,17.76,17.96,77700.0
2012-05-08,17.95,17.97,17.82,17.97,76300.0
2012-05-07,17.9,17.99,17.86,17.96,71000.0
2012-05-04,17.94,17.97,17.88,17.92,47800.0
2012-05-03,18.09,18.1,17.91,17.9599,126000.0
2012-05-02,18.06,18.1,18.04,18.05,76000.0
2012-05-01,18.12,18.14,17.98,18.0699,15000.0
2012-04-30,18.1,18.2,18.1,18.2,135000.0
2012-04-27,18.15,18.16,18.05,18.1563,117500.0
2012-04-26,18.01,18.18,18.0,18.16,161700.0
2012-04-25,18.13,18.13,17.86,18.09,160200.0
2012-04-24,18.03,18.05,17.9,18.02,109500.0
2012-04-23,17.92,17.98,17.83,17.98,81800.0
2012-04-20,18.08,18.08,17.91,17.94,112100.0
2012-04-19,18.09,18.18,18.05,18.1,109500.0
2012-04-18,18.05,18.1,17.97,18.06,116400.0
2012-04-17,18.05,18.06,17.96,18.05,118300.0
2012-04-16,18.01,18.04,17.94,18.04,96800.0
2012-04-13,17.98,18.0,17.87,17.9399,73600.0
2012-04-12,17.92,18.02,17.84,17.9699,111700.0
2012-04-11,17.72,18.0,17.64,17.87,150500.0
2012-04-10,18.0,18.04,17.61,17.68,148200.0
2012-04-09,18.11,18.11,17.8,17.94,89900.0
2012-04-05,18.12,18.12,18.05,18.05,79400.0
2012-04-04,18.1,18.1799,18.04,18.09,84100.0
2012-04-03,18.24,18.24,18.04,18.11,116200.0
2012-04-02,17.99,18.2,17.99,18.14,26800.0
2012-03-30,18.26,18.26,18.11,18.13,105300.0
2012-03-29,18.25,18.27,18.1,18.19,164400.0
2012-03-28,18.19,18.26,18.04,18.21,145100.0
2012-03-27,18.1,18.14,17.98,18.14,171000.0
2012-03-26,17.98,18.1501,17.91,18.07,153700.0
2012-03-23,17.88,18.03,17.84,17.94,97900.0
2012-03-22,18.09,18.13,17.93,17.94,103500.0
2012-03-21,18.19,18.26,18.0527,18.08,121200.0
2012-03-20,18.25,18.27,18.12,18.2271,147600.0
2012-03-19,18.12,18.32,18.1,18.22,161800.0
2012-03-16,18.12,18.2,18.04,18.09,169700.0
2012-03-15,18.07,18.09,17.92,18.05,181500.0
2012-03-14,17.89,18.0878,17.8252,17.9599,259700.0
2012-03-13,17.95,17.95,17.758,17.88,136800.0
2012-03-12,18.08,18.08,17.55,17.81,103800.0
2012-03-09,17.91,18.12,17.88,18.01,110900.0
2012-03-08,17.85,17.94,17.713,17.94,127500.0
2012-03-07,17.72,17.96,17.615,17.86,160300.0
2012-03-06,17.95,17.99,17.58,17.77,304200.0
2012-03-05,17.82,18.02,17.765,18.02,203300.0
2012-03-02,18.09,18.11,17.82,17.82,244500.0
2012-03-01,17.91,18.05,17.91,18.05,34000.0
2012-02-29,17.96,18.02,17.9301,17.9898,165500.0
2012-02-28,17.95,18.0199,17.84,17.97,207400.0
2012-02-27,17.79,17.9,17.751,17.89,164000.0
2012-02-24,17.5,17.79,17.5,17.78,254800.0
2012-02-23,17.68,17.68,17.51,17.52,170700.0
2012-02-22,17.64,17.733,17.57,17.62,177800.0
2012-02-21,17.69,17.69,17.56,17.61,160800.0
2012-02-17,17.59,17.65,17.5,17.55,178200.0
2012-02-16,17.27,17.48,17.26,17.48,214700.0
2012-02-15,17.23,17.4564,17.23,17.32,206100.0
2012-02-14,17.3,17.37,17.2,17.37,156700.0
2012-02-13,17.33,17.33,17.22,17.32,119500.0
2012-02-10,17.26,17.26,17.18,17.24,110500.0
2012-02-09,17.28,17.32,17.18,17.24,185600.0
2012-02-08,17.17,17.28,17.11,17.22,159000.0
2012-02-07,17.22,17.29,17.0569,17.17,258800.0
2012-02-06,16.95,17.23,16.93,17.23,187000.0
2012-02-03,17.02,17.1061,16.93,17.06,188000.0
2012-02-02,17.15,17.2185,16.975,17.02,176100.0
2012-02-01,17.22,17.24,17.05,17.11,36800.0
2012-01-31,17.07,17.19,17.0125,17.19,232400.0
2012-01-30,16.87,16.94,16.7736,16.93,148300.0
2012-01-27,16.88,16.9,16.7,16.85,159200.0
2012-01-26,16.67,16.84,16.67,16.84,175600.0
2012-01-25,16.48,16.68,16.4475,16.68,209400.0
2012-01-24,16.45,16.49,16.38,16.46,179800.0
2012-01-23,16.4,16.49,16.36,16.39,131600.0
2012-01-20,16.32,16.43,16.3,16.43,177200.0
2012-01-19,16.34,16.38,16.2774,16.37,149400.0
2012-01-18,16.16,16.29,16.14,16.24,145700.0
2012-01-17,16.24,16.25,16.1,16.17,155700.0
2012-01-13,16.05,16.15,15.96,16.06,77500.0
2012-01-12,16.04,16.27,15.98,16.09,188500.0
2012-01-11,15.9,16.18,15.9,16.13,182500.0
2012-01-10,15.89,15.99,15.8375,15.95,143000.0
2012-01-09,15.72,15.87,15.696,15.87,111200.0
2012-01-06,15.66,15.73,15.57,15.7,126600.0
2012-01-05,15.52,15.64,15.45,15.62,154100.0
2012-01-04,15.42,15.55,15.35,15.54,138800.0
2012-01-03,15.3,15.55,15.3,15.5,155200.0
2011-12-30,15.26,15.29,15.2,15.27,355600.0
2011-12-29,15.18,15.34,15.18,15.32,239400.0
2011-12-28,15.2,15.23,15.1,15.17,334600.0
2011-12-27,15.3,15.38,15.3,15.31,314100.0
2011-12-23,15.35,15.39,15.27,15.38,259400.0
2011-12-22,15.22,15.4,15.12,15.29,342300.0
2011-12-21,15.3,15.36,15.13,15.24,265100.0
2011-12-20,15.3,15.36,15.24,15.275,268400.0
2011-12-19,15.35,15.37,15.1,15.16,176800.0
2011-12-16,15.36,15.46,15.23,15.3044,149800.0
2011-12-15,15.5,15.61,15.32,15.36,204500.0
2011-12-14,15.52,15.6,15.29,15.54,123600.0
2011-12-13,15.48,15.67,15.46,15.61,128100.0
2011-12-12,15.62,15.6907,15.37,15.51,172900.0
2011-12-09,15.57,15.72,15.5101,15.66,198700.0
2011-12-08,15.48,15.54,15.36,15.47,133800.0
2011-12-07,15.52,15.58,15.46,15.53,179600.0
2011-12-06,15.51,15.58,15.46,15.49,130600.0
2011-12-05,15.55,15.6,15.45,15.52,174400.0
2011-12-02,15.6,15.6,15.4,15.48,157300.0
2011-12-01,15.62,15.68,15.455,15.52,163700.0
2011-11-30,15.8,15.8,15.61,15.78,170400.0
2011-11-29,15.5,15.57,15.31,15.52,148400.0
2011-11-28,15.62,15.7765,15.38,15.43,158300.0
2011-11-25,15.26,15.439,15.26,15.3899,38900.0
2011-11-23,15.47,15.57,15.26,15.26,118700.0
2011-11-22,15.54,15.58,15.4,15.44,128000.0
2011-11-21,15.71,15.76,15.44,15.58,148700.0
2011-11-18,15.85,15.94,15.75,15.79,81700.0
2011-11-17,15.88,16.04,15.71,15.78,194900.0
2011-11-16,15.7,16.07,15.67,15.81,189400.0
2011-11-15,15.9,16.12,15.67,15.87,155900.0
2011-11-14,15.86,15.96,15.85,15.94,104100.0
2011-11-11,15.97,16.11,15.85,15.93,241300.0
2011-11-10,16.12,16.19,15.81,15.84,146100.0
2011-11-09,15.99,16.22,15.98,16.07,76800.0
2011-11-08,16.27,16.47,16.02,16.29,156800.0
2011-11-07,16.2,16.3,16.12,16.26,84600.0
2011-11-04,16.11,16.28,16.11,16.24,85400.0
2011-11-03,16.48,16.52,16.29,16.32,90100.0
2011-11-02,16.33,16.66,16.3008,16.53,47400.0
2011-11-01,16.38,16.38,16.14,16.28,73900.0
2011-10-31,16.4,16.74,16.4,16.63,206600.0
2011-10-28,16.55,16.62,16.33,16.48,78800.0
2011-10-27,16.44,16.59,16.201,16.55,236600.0
2011-10-26,15.97,16.29,15.9699,16.04,168200.0
2011-10-25,15.97,16.2035,15.78,15.83,194300.0
2011-10-24,16.01,16.39,16.01,16.08,119300.0
2011-10-21,16.02,16.19,15.81,16.1,112500.0
2011-10-20,16.08,16.17,15.94,16.03,115800.0
2011-10-19,15.98,16.27,15.89,16.03,136600.0
2011-10-18,15.4,16.0,15.4,16.0,127500.0
2011-10-17,15.75,15.9,15.42,15.47,195200.0
2011-10-14,15.6,15.86,15.51,15.7,78100.0
2011-10-13,15.72,15.72,15.34,15.56,129800.0
2011-10-12,15.5,15.88,15.41,15.65,158700.0
2011-10-11,15.1,15.54,14.9,15.54,254900.0
2011-10-10,14.9,15.25,14.8,15.25,119400.0
2011-10-07,14.92,14.95,14.58,14.65,100700.0
2011-10-06,14.47,14.77,14.4298,14.77,139000.0
2011-10-05,14.34,14.48,14.242,14.43,189100.0
2011-10-04,14.92,15.0,14.03,14.29,351700.0
2011-10-03,15.72,15.75,15.1,15.2,19600.0
2011-09-30,15.5,16.02,15.26,16.02,499800.0
2011-09-29,15.75,15.88,15.5,15.58,121800.0
2011-09-28,15.51,15.68,15.45,15.57,130700.0
2011-09-27,15.6,15.67,15.45,15.51,211800.0
2011-09-26,15.38,15.5,15.21,15.5,207600.0
2011-09-23,15.37,15.66,15.37,15.55,179000.0
2011-09-22,15.76,15.84,15.4,15.43,124900.0
2011-09-21,15.93,16.08,15.84,15.92,117300.0
2011-09-20,15.96,16.18,15.91,15.9572,176600.0
2011-09-19,15.93,16.149,15.922,16.0,101300.0
2011-09-16,15.85,16.15,15.85,15.93,99200.0
2011-09-15,15.92,15.98,15.8,15.86,90400.0
2011-09-14,15.99,16.0699,15.77,15.77,190600.0
2011-09-13,15.92,16.01,15.81,15.99,80000.0
2011-09-12,15.96,16.05,15.77,15.9099,83700.0
2011-09-09,16.02,16.1,15.92,15.99,77500.0
2011-09-08,16.23,16.28,16.026,16.1,93900.0
2011-09-07,16.16,16.3,16.13,16.23,67600.0
2011-09-06,16.1,16.2399,15.97,16.09,61400.0
2011-09-02,15.9,16.5,15.9,16.37,89500.0
2011-09-01,16.81,16.81,16.34,16.4,21800.0
2011-08-31,16.78,16.79,16.59,16.71,129100.0
2011-08-30,16.69,16.8,16.51,16.63,106600.0
2011-08-29,16.52,16.59,16.32,16.57,121600.0
2011-08-26,15.86,16.22,15.86,16.21,90200.0
2011-08-25,16.01,16.04,15.84,15.87,121000.0
2011-08-24,16.16,16.186,15.821,15.97,171800.0
2011-08-23,15.99,16.28,15.95,16.11,135900.0
2011-08-22,16.38,16.42,15.9537,15.99,84200.0
2011-08-19,16.17,16.33,16.07,16.21,107500.0
2011-08-18,16.38,16.41,16.07,16.26,115300.0
2011-08-17,16.47,16.86,16.44,16.78,132100.0
2011-08-16,16.54,16.65,16.36,16.37,122600.0
2011-08-15,16.7,16.94,16.6,16.63,138800.0
2011-08-12,16.04,16.46,16.0,16.46,169400.0
2011-08-11,15.42,16.12,15.42,16.04,324100.0
2011-08-10,15.63,15.8,15.32,15.53,224700.0
2011-08-09,15.79,16.29,15.1707,15.88,260000.0
2011-08-08,16.03,16.74,15.54,15.59,422600.0
2011-08-05,16.86,17.104,16.64,16.92,248200.0
2011-08-04,17.7,17.7,16.24,16.99,446700.0
2011-08-03,17.59,17.77,17.37,17.75,151700.0
2011-08-02,17.72,17.83,17.58,17.58,155100.0
2011-08-01,17.93,18.09,17.64,17.77,165300.0
2011-07-29,17.76,17.92,17.5,17.92,255800.0
2011-07-28,17.91,18.1099,17.62,17.76,264500.0
2011-07-27,18.2,18.271,17.91,17.9999,219000.0
2011-07-26,18.45,18.52,18.33,18.34,112900.0
2011-07-25,18.47,18.67,18.41,18.46,204900.0
2011-07-22,18.63,18.84,18.46,18.8,140700.0
2011-07-21,18.78,18.78,18.61,18.7,78900.0
2011-07-20,18.54,18.77,18.42,18.61,128400.0
2011-07-19,18.59,18.67,18.4539,18.6499,107700.0
2011-07-18,18.41,18.5712,18.38,18.5,121500.0
2011-07-15,18.62,18.62,18.38,18.46,78500.0
2011-07-14,18.73,18.73,18.45,18.48,78700.0
2011-07-13,18.58,18.74,18.5,18.716,107800.0
2011-07-12,18.58,18.64,18.53,18.6,69500.0
2011-07-11,18.38,18.6128,18.38,18.5299,61300.0
2011-07-08,18.55,18.57,18.39,18.552,152900.0
2011-07-07,18.74,18.82,18.6,18.62,110100.0
2011-07-06,18.84,18.84,18.6,18.71,85400.0
2011-07-05,18.71,18.9,18.62,18.83,87700.0
2011-07-01,18.49,18.9,18.49,18.85,32600.0
2011-06-30,18.7,18.79,18.6265,18.7371,111400.0
2011-06-29,18.72,18.8306,18.65,18.7,72100.0
2011-06-28,18.46,18.65,18.4591,18.65,67200.0
2011-06-27,18.38,18.44,18.3499,18.43,72400.0
2011-06-24,18.58,18.59,18.34,18.38,66600.0
2011-06-23,18.46,18.59,18.43,18.5856,96600.0
2011-06-22,18.49,18.76,18.42,18.59,98400.0
2011-06-21,18.54,18.54,18.35,18.48,115100.0
2011-06-20,18.49,18.5999,18.42,18.49,51800.0
2011-06-17,18.59,18.59,18.47,18.59,108000.0
2011-06-16,18.4,18.65,18.36,18.5,107300.0
2011-06-15,18.52,18.6164,18.3,18.3482,192100.0
2011-06-14,18.63,18.79,18.62,18.74,87900.0
2011-06-13,18.7,18.7,18.5699,18.69,62600.0
2011-06-10,18.74,18.8,18.61,18.61,88700.0
2011-06-09,18.89,18.89,18.62,18.75,96500.0
2011-06-08,18.9,18.91,18.73,18.91,64500.0
2011-06-07,18.88,18.94,18.83,18.8901,83100.0
2011-06-06,18.86,18.91,18.7,18.83,104800.0
2011-06-03,18.86,19.04,18.86,18.9001,88000.0
2011-06-02,19.13,19.13,18.92,18.9601,121300.0
2011-06-01,19.11,19.194,19.05,19.17,16000.0
2011-05-31,19.18,19.24,19.1,19.23,99000.0
2011-05-27,19.13,19.2635,19.09,19.2258,85600.0
2011-05-26,18.9369,19.09,18.92,19.09,106300.0
2011-05-25,18.91,18.99,18.8,18.96,119800.0
2011-05-24,19.0,19.02,18.77,18.86,162900.0
2011-05-23,19.0,19.07,18.87,18.9001,134900.0
2011-05-20,19.22,19.27,19.01,19.01,120000.0
2011-05-19,19.33,19.33,19.11,19.13,102200.0
2011-05-18,19.18,19.34,19.12,19.2201,114400.0
2011-05-17,19.23,19.33,19.06,19.1,183900.0
2011-05-16,19.33,19.36,19.16,19.16,93000.0
2011-05-13,19.21,19.31,19.16,19.29,117100.0
2011-05-12,19.1,19.22,19.04,19.22,138000.0
2011-05-11,19.21,19.21,19.05,19.12,114200.0
2011-05-10,19.07,19.2,18.99,19.19,111000.0
2011-05-09,18.98,19.09,18.98,19.05,78000.0
2011-05-06,18.94,19.1,18.86,19.1,82200.0
2011-05-05,19.0,19.0201,18.85,18.86,125500.0
2011-05-04,19.0,19.04,18.88,18.97,79000.0
2011-05-03,18.95,19.04,18.81,19.03,138000.0
2011-05-02,19.04,19.06,18.98,18.98,102000.0
2011-04-29,19.0,19.15,19.0,19.14,120000.0
2011-04-28,18.99,19.03,18.94,18.97,146200.0
2011-04-27,18.86,19.0,18.85,18.99,126500.0
2011-04-26,18.87,18.936,18.76,18.86,193200.0
2011-04-25,19.01,19.12,18.8,18.8,281200.0
2011-04-21,19.15,19.15,18.95,19.11,150900.0
2011-04-20,19.3,19.3,19.02,19.13,153200.0
2011-04-19,19.09,19.17,19.01,19.15,144300.0
2011-04-18,18.91,19.07,18.87,19.06,112000.0
2011-04-15,18.97,18.97,18.81,18.92,92600.0
2011-04-14,18.98,18.98,18.82,18.87,105500.0
2011-04-13,19.04,19.09,18.95,18.95,120100.0
2011-04-12,18.94,19.12,18.87,19.08,121400.0
2011-04-11,18.87,18.94,18.81,18.94,85500.0
2011-04-08,18.86,18.95,18.8401,18.87,127600.0
2011-04-07,18.88,18.88,18.76,18.83,109900.0
2011-04-06,18.85,18.89,18.72,18.88,111900.0
2011-04-05,18.7,18.83,18.66,18.75,143100.0
2011-04-04,18.99,18.99,18.73,18.7401,132700.0
2011-04-01,18.81,18.925,18.734,18.92,98600.0
2011-03-31,18.7,18.99,18.7,18.96,204800.0
2011-03-30,18.7,18.84,18.68,18.7,100600.0
2011-03-29,18.71,18.75,18.62,18.66,128400.0
2011-03-28,18.9,18.9,18.67,18.72,174300.0
2011-03-25,18.94,18.94,18.76,18.8899,79200.0
2011-03-24,18.8,19.25,18.77,18.8,99300.0
2011-03-23,18.69,18.86,18.67,18.86,97100.0
2011-03-22,18.7,18.75,18.6401,18.75,98600.0
2011-03-21,18.73,18.79,18.65,18.79,74200.0
2011-03-18,18.75,18.774,18.5345,18.66,101300.0
2011-03-17,18.6,18.76,18.574,18.73,128100.0
2011-03-16,18.63,18.71,18.5,18.56,107900.0
2011-03-15,18.54,18.61,18.28,18.52,132700.0
2011-03-14,18.65,18.74,18.61,18.61,62100.0
2011-03-11,18.74,18.83,18.61,18.7,107800.0
2011-03-10,18.73,18.89,18.66,18.73,94500.0
2011-03-09,18.9,18.91,18.72,18.8,101200.0
2011-03-08,18.82,18.99,18.77,18.84,111000.0
2011-03-07,18.95,19.02,18.81,18.83,80500.0
2011-03-04,19.0,19.03,18.85,18.9644,79100.0
2011-03-03,19.07,19.07,18.88,19.04,91200.0
2011-03-02,18.83,19.07,18.7713,18.96,100800.0
2011-03-01,19.08,19.09,18.76,18.89,74600.0
2011-02-28,18.99,19.07,18.91,19.07,107800.0
2011-02-25,18.9,19.12,18.82,18.89,167900.0
2011-02-24,18.96,19.05,18.8,18.95,134000.0
2011-02-23,18.92,19.14,18.83,18.98,146500.0
2011-02-22,19.39,19.39,18.89,18.91,205900.0
2011-02-18,19.49,19.56,19.34,19.45,113500.0
2011-02-17,19.28,19.53,19.22,19.52,125800.0
2011-02-16,19.31,19.58,19.25,19.3,213200.0
2011-02-15,19.37,19.4,19.21,19.2311,78300.0
2011-02-14,19.43,19.52,19.21,19.29,150500.0
2011-02-11,19.47,19.47,19.25,19.39,123100.0
2011-02-10,19.35,19.45,19.26,19.45,101700.0
2011-02-09,19.0,19.44,18.97,19.44,158300.0
2011-02-08,19.22,19.22,19.06,19.086,116300.0
2011-02-07,19.03,19.23,19.03,19.17,158900.0
2011-02-04,19.01,19.17,18.95,19.1141,115600.0
2011-02-03,18.99,19.081,18.9,19.06,93700.0
2011-02-02,18.89,19.09,18.86,19.03,108400.0
2011-02-01,18.79,19.12,18.79,19.0,133800.0
2011-01-31,19.0,19.03,18.75,18.906,85600.0
2011-01-28,18.93,19.09,18.9,18.96,104200.0
2011-01-27,18.97,19.05,18.88,19.0,116200.0
2011-01-26,18.95,19.0,18.73,18.94,149800.0
2011-01-25,19.01,19.04,18.81,18.87,126100.0
2011-01-24,18.96,19.13,18.84,18.94,140000.0
2011-01-21,19.0,19.03,18.86,19.016,85800.0
2011-01-20,19.03,19.11,18.8301,18.9,121200.0
2011-01-19,18.87,19.16,18.75,19.16,305100.0
2011-01-18,18.89,18.97,18.6,18.9,139400.0
2011-01-14,18.7599,18.8693,18.7,18.86,106200.0
2011-01-13,18.74,18.79,18.65,18.7005,141200.0
2011-01-12,18.72,18.78,18.63,18.7,129100.0
2011-01-11,18.7,18.87,18.67,18.76,123700.0
2011-01-10,18.69,18.83,18.55,18.8,111600.0
2011-01-07,18.87,18.87,18.63,18.79,124700.0
2011-01-06,18.68,18.87,18.57,18.8,157100.0
2011-01-05,18.52,18.72,18.35,18.64,160400.0
2011-01-04,18.15,18.51,18.065,18.48,181300.0
2011-01-03,18.25,18.25,17.96,18.05,202800.0
2010-12-31,18.11,18.27,18.089,18.17,321000.0
2010-12-30,18.18,18.38,18.11,18.12,245800.0
2010-12-29,18.2,18.41,18.0,18.26,290900.0
2010-12-28,18.5,18.566,18.17,18.28,281800.0
2010-12-27,18.7,18.73,18.3,18.41,192900.0
2010-12-23,18.27,18.64,18.139,18.63,174600.0
2010-12-22,18.15,18.34,18.05,18.18,204000.0
2010-12-21,18.7,18.7,18.01,18.12,230700.0
2010-12-20,18.26,18.38,17.9499,18.05,354300.0
2010-12-17,18.23,18.29,18.04,18.162,201900.0
2010-12-16,18.29,18.36,18.01,18.21,271400.0
2010-12-15,18.38,18.4199,18.045,18.2,277400.0
2010-12-14,18.38,18.56,18.29,18.3,216100.0
2010-12-13,18.52,18.5399,18.25,18.41,202100.0
2010-12-10,18.71,18.71,18.26,18.56,238400.0
2010-12-09,18.67,18.9,18.4,18.63,195300.0
2010-12-08,18.67,18.91,18.4,18.76,234000.0
2010-12-07,18.81,18.97,18.6,18.82,180500.0
2010-12-06,19.15,19.1599,18.774,18.78,134900.0
2010-12-03,19.25,19.28,18.99,19.1,97400.0
2010-12-02,19.0,19.46,18.56,19.34,243400.0
2010-12-01,19.19,19.19,18.77,18.95,135200.0
2010-11-30,18.8,19.27,18.65,19.27,29200.0
2010-11-29,19.1,19.1,18.7,18.77,136600.0
2010-11-26,19.12,19.19,19.03,19.1,22000.0
2010-11-24,19.0,19.18,18.7,19.11,88800.0
2010-11-23,19.02,19.0699,18.51,18.8501,154600.0
2010-11-22,19.4,19.4,18.76,19.0,162900.0
2010-11-19,19.1,19.23,18.96,19.23,94900.0
2010-11-18,19.5,19.5,18.81,18.9,163100.0
2010-11-17,18.9,19.11,18.74,19.01,133800.0
2010-11-16,18.25,18.98,17.73,18.82,317000.0
2010-11-15,19.7,19.902,18.58,18.97,86000.0
2010-11-12,20.05,20.07,19.56,19.61,28000.0
2010-11-11,20.01,20.12,20.01,20.05,69500.0
2010-11-10,20.14,20.14,20.0,20.028,79800.0
2010-11-09,20.09,20.1,20.01,20.1,99500.0
2010-11-08,20.09,20.14,19.88,20.14,124500.0
2010-11-05,20.07,20.14,20.02,20.06,73300.0
2010-11-04,20.03,20.19,20.01,20.02,115900.0
2010-11-03,20.01,20.07,20.0,20.05,103800.0
2010-11-02,20.01,20.01,20.0,20.0,227800.0
2010-11-01,20.0,20.02,20.0,20.0,620400.0
2010-10-29,20.0,20.05,20.0,20.01,63200.0
2010-10-28,20.01,20.04,20.0,20.0,78000.0
2010-10-27,20.09,20.13,20.0,20.0105,94400.0
2010-10-26,20.09,20.15,20.05,20.12,44000.0
2010-10-25,20.05,20.15,20.02,20.05,85400.0
2010-10-22,20.09,20.19,20.02,20.02,44500.0
2010-10-21,20.48,20.48,20.02,20.03,39900.0
2010-10-20,20.19,20.19,20.02,20.0205,34300.0
2010-10-19,20.14,20.2,20.04,20.18,44900.0
2010-10-18,20.14,20.2,20.07,20.1395,33900.0
2010-10-15,20.16,20.18,20.043,20.1,41800.0
2010-10-14,20.05,20.25,20.01,20.06,46200.0
2010-10-13,20.25,20.25,20.0,20.03,48900.0
2010-10-12,20.05,20.32,20.03,20.28,29200.0
2010-10-11,20.08,20.15,20.0,20.04,44200.0
2010-10-08,20.1,20.1,20.01,20.02,31900.0
2010-10-07,20.05,20.11,20.05,20.08,16800.0
2010-10-06,20.18,20.19,20.03,20.08,37700.0
2010-10-05,20.05,20.2,20.01,20.15,90500.0
2010-10-04,20.15,20.18,20.0,20.0,73100.0
2010-10-01,20.12,20.2,20.09,20.15,50200.0
2010-09-30,20.04,20.1204,20.0,20.11,87500.0
2010-09-29,20.0,20.01,20.0,20.01,68400.0
2010-09-28,20.0,20.01,20.0,20.0,579600.0
