date,1. open,2. high,3. low,4. close,5. volume
2021-03-18,27.1,27.49,26.84,27.01,72740.0
2021-03-17,27.8,27.8,27.04,27.2,87309.0
2021-03-16,28.14,28.16,27.26,27.84,90739.0
2021-03-15,28.58,28.84,27.93,28.33,82662.0
2021-03-12,28.0,28.8,28.0,28.75,85898.0
2021-03-11,28.07,28.61,27.61,28.15,117292.0
2021-03-10,27.65,28.01,27.2,27.95,89947.0
2021-03-09,28.2,28.3,27.49,27.64,80612.0
2021-03-08,27.06,28.04,26.96,27.88,102648.0
2021-03-05,26.37,27.31,25.75,27.23,218838.0
2021-03-04,25.17,26.48,25.17,26.03,113540.0
2021-03-03,24.86,25.765,24.69,25.27,77588.0
2021-03-02,24.77,25.53,24.49,24.85,98484.0
2021-03-01,25.84,25.84,24.81,25.07,83805.0
2021-02-26,24.48,25.66,24.47,25.3,114184.0
2021-02-25,26.0,26.0,22.01,24.4,168475.0
2021-02-24,24.09,26.09,24.09,25.89,68315.0
2021-02-23,23.31,24.1,23.27,23.94,53482.0
2021-02-22,22.96,23.54,22.88,23.38,48460.0
2021-02-19,23.15,23.26,22.69,23.21,66389.0
2021-02-18,23.38,23.57,22.57,23.15,52014.0
2021-02-17,22.95,23.6205,22.95,23.36,88500.0
2021-02-16,23.11,23.34,22.91,23.27,80110.0
2021-02-12,22.91,23.39,22.87,23.17,59683.0
2021-02-11,23.16,23.445,22.79,23.05,63172.0
2021-02-10,23.55,23.67,23.0,23.11,56408.0
2021-02-09,23.55,23.95,23.315,23.39,77300.0
2021-02-08,23.1,23.54,22.97,23.42,209752.0
2021-02-05,23.32,23.32,22.63,22.98,91466.0
2021-02-04,23.14,23.22,22.87,23.04,38129.0
2021-02-03,23.24,23.45,22.53,23.12,110248.0
2021-02-02,23.71,24.07,23.29,23.29,34258.0
2021-02-01,23.63,23.86,23.0,23.54,89706.0
2021-01-29,24.58,24.58,23.21,23.43,95023.0
2021-01-28,23.89,25.2,23.58,24.36,165029.0
2021-01-27,23.62,24.1,23.475,23.56,119526.0
2021-01-26,24.51,24.91,23.95,24.24,73486.0
2021-01-25,24.38,24.73,23.91,24.29,58132.0
2021-01-22,23.73,24.53,23.66,24.53,76597.0
2021-01-21,24.36,24.79,23.88,24.03,78341.0
2021-01-20,23.99,24.52,23.59,24.51,88702.0
2021-01-19,23.99,24.17,23.51,23.96,78941.0
2021-01-15,22.59,23.82,22.47,23.77,93274.0
2021-01-14,22.04,23.06,22.04,22.96,72002.0
2021-01-13,22.63,22.7,21.77,21.95,76428.0
2021-01-12,22.52,23.06,22.48,22.77,34021.0
2021-01-11,22.62,23.21,22.24,22.44,49195.0
2021-01-08,23.3,23.3,22.43,22.96,49517.0
2021-01-07,22.9,23.465,22.6,23.25,64074.0
2021-01-06,21.22,22.97,21.22,22.86,162675.0
2021-01-05,21.42,21.69,20.95,21.02,62199.0
2021-01-04,21.71,21.71,21.15,21.42,86894.0
2020-12-31,21.4,21.42,21.09,21.35,31983.0
2020-12-30,21.7,21.77,21.1307,21.4,75283.0
2020-12-29,21.95,21.95,21.23,21.56,50402.0
2020-12-28,21.64,21.916,21.53,21.74,40703.0
2020-12-24,21.82,21.93,21.14,21.3,37671.0
2020-12-23,21.39,21.82,21.2,21.69,117788.0
2020-12-22,21.38,21.39,21.04,21.26,60999.0
2020-12-21,21.06,21.41,20.85,21.29,46812.0
2020-12-18,22.0,22.355,21.18,21.44,378558.0
2020-12-17,21.85,21.93,21.2,21.76,68564.0
2020-12-16,21.73,21.99,21.43,21.77,55153.0
2020-12-15,21.25,21.85,21.03,21.72,45668.0
2020-12-14,21.89,21.89,20.96,21.02,76599.0
2020-12-11,22.47,22.47,21.51,21.57,74458.0
2020-12-10,22.97,23.01,22.56,22.68,97985.0
2020-12-09,24.25,24.25,23.095,23.1,87296.0
2020-12-08,24.17,24.45,23.83,24.05,99788.0
2020-12-07,24.7,24.7,23.98,24.45,91760.0
2020-12-04,24.04,24.66,23.81,24.6,99393.0
2020-12-03,23.39,24.1275,23.27,23.94,76853.0
2020-12-02,22.93,23.44,22.72,23.27,86639.0
2020-12-01,22.72,23.48,22.72,22.83,88046.0
2020-11-30,22.63,22.87,22.32,22.41,175446.0
2020-11-27,22.4,22.905,22.3435,22.82,27902.0
2020-11-25,22.92,22.94,22.34,22.5,41778.0
2020-11-24,23.29,23.42,22.92,23.0,95552.0
2020-11-23,23.04,23.13,22.89,22.96,64745.0
2020-11-20,22.14,22.99,22.14,22.82,79508.0
2020-11-19,22.96,23.105,22.14,22.36,64785.0
2020-11-18,23.3,23.73,22.92,23.1,79148.0
2020-11-17,23.52,23.565,22.95,23.3,72310.0
2020-11-16,23.21,23.65,22.99,23.62,158462.0
2020-11-13,22.71,23.04,22.65,22.78,251614.0
2020-11-12,22.56,22.9,22.13,22.4,152176.0
2020-11-11,22.95,23.19,22.52,22.78,74440.0
2020-11-10,23.33,23.42,22.75,23.0,95796.0
2020-11-09,23.54,24.175,22.93,22.93,182484.0
2020-11-06,21.24,23.92,21.24,22.21,261160.0
2020-11-05,20.5,21.08,20.26,21.01,196944.0
2020-11-04,20.5,21.02,20.02,20.25,59590.0
2020-11-03,19.65,20.92,19.65,20.76,108224.0
2020-11-02,18.8,19.3,18.76,19.26,104923.0
2020-10-30,18.43,18.53,18.135,18.52,104641.0
2020-10-29,18.41,18.7,18.12,18.46,73448.0
2020-10-28,18.52,18.82,18.25,18.44,106841.0
2020-10-27,19.29,19.29,18.36,18.86,51054.0
2020-10-26,19.63,19.63,19.16,19.4,41787.0
2020-10-23,19.62,20.11,19.62,19.86,46614.0
2020-10-22,19.4,19.625,19.1,19.5,58317.0
2020-10-21,19.31,19.63,19.15,19.29,46291.0
2020-10-20,19.87,19.87,19.3,19.4,37781.0
2020-10-19,20.37,20.87,19.44,19.64,45755.0
2020-10-16,19.99,20.68,19.99,20.44,56495.0
2020-10-15,19.85,20.45,19.65,20.17,65099.0
2020-10-14,20.4,20.49,20.03,20.13,40918.0
2020-10-13,20.64,20.64,20.2501,20.4,51099.0
2020-10-12,20.5,21.19,20.49,20.86,87172.0
2020-10-09,20.76,20.76,20.43,20.5,48521.0
2020-10-08,20.46,20.8,20.38,20.49,70020.0
2020-10-07,19.85,20.27,19.74,20.21,92421.0
2020-10-06,19.99,20.255,19.5,19.6,82098.0
2020-10-05,19.06,19.93,18.83,19.72,88350.0
2020-10-02,18.19,19.035,18.19,18.89,88917.0
2020-10-01,17.94,18.73,17.55,18.53,347973.0
2020-09-30,17.77,18.14,17.73,17.87,125968.0
2020-09-29,17.75,17.97,17.42,17.87,103280.0
2020-09-28,17.94,18.17,17.67,17.71,90934.0
2020-09-25,17.32,17.81,17.32,17.7,65358.0
2020-09-24,17.77,18.02,17.4,17.54,111729.0
2020-09-23,18.07,18.19,17.74,17.81,126405.0
2020-09-22,18.36,18.36,17.8,18.06,100172.0
2020-09-21,18.77,18.925,18.0,18.35,141891.0
2020-09-18,18.72,19.3797,18.37,19.21,341061.0
2020-09-17,17.99,18.45,17.9,18.35,61902.0
2020-09-16,17.76,18.44,17.68,18.25,88747.0
2020-09-15,18.41,18.58,17.79,17.8,40568.0
2020-09-14,18.23,18.525,18.16,18.29,64188.0
2020-09-11,19.09,19.09,18.0,18.12,120230.0
2020-09-10,18.78,19.12,18.58,18.97,113557.0
2020-09-09,18.79,19.06,18.62,18.81,146651.0
2020-09-08,18.83,18.88,18.29,18.62,63671.0
2020-09-04,19.13,19.17,18.35,19.0,61134.0
2020-09-03,19.39,19.41,18.76,18.83,100496.0
2020-09-02,18.8,19.46,18.69,19.37,77117.0
2020-09-01,18.41,18.9,18.28,18.87,109559.0
2020-08-31,18.73,18.85,18.29,18.6,88095.0
2020-08-28,18.57,18.89,18.27,18.88,53413.0
2020-08-27,18.5,18.85,18.3,18.35,68028.0
2020-08-26,18.85,18.85,18.07,18.34,91332.0
2020-08-25,19.66,19.82,18.32,18.9,90542.0
2020-08-24,19.9,19.96,19.22,19.65,94415.0
2020-08-21,18.95,19.67,18.84,19.64,166666.0
2020-08-20,18.54,19.395,18.54,19.11,150199.0
2020-08-19,19.0,19.34,18.67,18.79,76436.0
2020-08-18,18.74,18.86,18.36,18.81,93551.0
2020-08-17,18.51,18.83,18.32,18.74,76237.0
2020-08-14,18.47,18.71,18.44,18.56,39955.0
2020-08-13,18.58,18.86,18.5,18.7,75863.0
2020-08-12,18.89,18.91,18.15,18.79,100964.0
2020-08-11,19.44,19.73,18.51,18.61,107469.0
2020-08-10,19.09,19.665,19.05,19.14,70094.0
2020-08-07,18.7,19.782,18.7,18.99,87409.0
2020-08-06,19.5,19.5,17.11,18.73,506849.0
2020-08-05,20.0,20.48,19.62,20.47,124306.0
2020-08-04,19.23,19.78,19.21,19.75,133396.0
2020-08-03,19.69,19.73,19.06,19.24,111863.0
2020-07-31,20.05,20.32,18.88,19.46,130453.0
2020-07-30,19.9,20.82,19.64,20.21,73703.0
2020-07-29,19.52,20.41,19.52,20.25,78269.0
2020-07-28,19.33,19.8,19.33,19.44,105871.0
2020-07-27,18.77,19.57,18.77,19.37,74622.0
2020-07-24,19.11,19.35,18.79,18.83,373253.0
2020-07-23,19.28,19.83,19.22,19.26,63089.0
2020-07-22,19.46,19.78,19.04,19.35,83163.0
2020-07-21,19.37,19.79,19.32,19.53,80078.0
2020-07-20,19.32,19.36,19.06,19.11,64265.0
2020-07-17,19.39,20.06,19.35,19.42,88000.0
2020-07-16,19.22,19.39,18.72,19.37,345000.0
2020-07-15,18.9,19.27,18.66,19.22,322400.0
2020-07-14,17.97,18.59,17.76,18.53,76300.0
2020-07-13,17.81,18.36,17.65,17.98,90800.0
2020-07-10,17.3,17.64,17.01,17.63,96100.0
2020-07-09,18.23,18.26,17.25,17.32,152000.0
2020-07-08,18.67,18.83,18.12,18.36,169800.0
2020-07-07,19.11,19.21,18.67,18.75,152600.0
2020-07-06,19.5,19.5,18.75,19.33,135000.0
2020-07-02,19.21,19.59,19.05,19.11,142400.0
2020-07-01,19.08,19.3,18.71,18.81,264200.0
2020-06-30,18.6,19.13,18.31,19.02,129100.0
2020-06-29,18.19,19.26,18.19,18.73,127000.0
2020-06-26,18.4,18.53,17.89,18.12,273222.0
2020-06-25,18.09,18.63,17.8,18.61,227281.0
2020-06-24,18.91,18.91,17.96,18.24,154141.0
2020-06-23,19.08,19.45,18.37,19.12,194914.0
2020-06-22,18.32,18.94,18.17,18.72,234764.0
2020-06-19,18.42,19.0,18.22,18.55,302173.0
2020-06-18,17.96,18.36,17.86,18.33,146348.0
2020-06-17,18.67,18.67,18.06,18.16,121844.0
2020-06-16,18.52,18.84,17.98,18.58,165379.0
2020-06-15,18.07,18.15,17.56,17.88,194032.0
2020-06-12,19.16,19.67,18.25,18.63,300589.0
2020-06-11,19.82,19.955,18.39,18.5,336317.0
2020-06-10,21.08,21.08,20.235,20.5,311843.0
2020-06-09,20.93,21.51,20.74,21.19,215951.0
2020-06-08,20.68,21.42,20.56,21.34,282995.0
2020-06-05,20.03,20.69,20.03,20.39,230253.0
2020-06-04,19.9,20.21,19.44,19.66,268665.0
2020-06-03,20.34,21.1,20.165,20.34,314007.0
2020-06-02,20.0,20.41,19.56,20.03,186210.0
2020-06-01,19.9,20.24,19.45,19.86,259833.0
2020-05-29,18.37,19.98,18.2,19.9,307894.0
2020-05-28,18.62,19.525,18.46,18.61,368167.0
2020-05-27,18.07,18.595,17.49,18.47,182732.0
2020-05-26,17.55,18.22,17.5,17.8,176077.0
2020-05-22,17.37,17.37,16.63,16.97,121958.0
2020-05-21,16.83,17.78,16.83,17.29,193761.0
2020-05-20,17.02,17.34,16.83,17.0,198282.0
2020-05-19,16.75,17.23,16.69,16.71,238393.0
2020-05-18,16.97,17.38,16.75,16.98,151400.0
2020-05-15,15.85,16.73,15.85,16.42,241730.0
2020-05-14,15.37,16.05,15.08,15.89,162466.0
2020-05-13,16.72,16.72,15.48,15.71,176986.0
2020-05-12,16.88,17.5,16.875,16.96,207681.0
2020-05-11,15.55,17.13,15.53,16.77,365612.0
2020-05-08,15.22,15.575,15.22,15.34,294383.0
2020-05-07,16.8,17.11,14.38,14.99,525310.0
2020-05-06,16.45,16.9575,16.15,16.22,269155.0
2020-05-05,16.83,17.245,16.49,16.56,218806.0
2020-05-04,16.5,16.82,16.28,16.64,175298.0
2020-05-01,16.45,16.92,16.43,16.74,309552.0
2020-04-30,16.32,17.06,16.13,16.93,257629.0
2020-04-29,16.65,17.37,16.36,16.69,380801.0
2020-04-28,16.76,16.76,16.0,16.04,246864.0
2020-04-27,16.23,16.64,16.0702,16.34,284351.0
2020-04-24,16.21,16.61,15.955,16.24,228364.0
2020-04-23,15.99,17.02,15.99,16.23,253359.0
2020-04-22,15.95,16.48,15.75,16.08,284309.0
2020-04-21,16.15,16.46,15.56,15.63,213527.0
2020-04-20,16.16,16.66,16.16,16.51,267382.0
2020-04-17,16.5,16.81,16.02,16.56,468646.0
2020-04-16,15.44,16.37,15.41,16.1,458622.0
2020-04-15,15.01,15.8,14.83,15.61,476667.0
2020-04-14,15.4,15.91,15.19,15.55,242716.0
2020-04-13,15.26,15.52,15.02,15.34,339504.0
2020-04-09,14.75,15.66,14.71,15.5,248899.0
2020-04-08,13.91,14.89,13.51,14.46,248664.0
2020-04-07,13.58,14.12,13.51,13.61,366862.0
2020-04-06,12.63,13.39,12.62,13.15,242661.0
2020-04-03,12.19,12.57,11.94,12.08,258645.0
2020-04-02,12.28,13.16,11.92,12.38,259684.0
2020-04-01,13.45,13.64,12.41,12.6,324113.0
2020-03-31,14.16,14.28,13.56,14.1,410793.0
2020-03-30,14.08,14.74,13.9,14.32,266527.0
2020-03-27,13.93,14.47,13.615,14.04,352968.0
2020-03-26,14.71,15.82,13.83,14.52,374590.0
2020-03-25,11.98,14.75,11.81,14.51,282359.0
2020-03-24,10.65,12.145,10.65,11.98,409211.0
2020-03-23,10.08,10.37,9.7243,10.15,209178.0
2020-03-20,10.4,11.425,9.77,10.08,408403.0
2020-03-19,10.2,10.8,9.22,10.52,402630.0
2020-03-18,13.12,13.12,9.13,10.27,587866.0
2020-03-17,12.88,13.66,12.32,13.62,405202.0
2020-03-16,15.09,15.09,12.51,12.62,366427.0
2020-03-13,14.73,15.59,13.91,15.59,308432.0
2020-03-12,14.31,14.99,13.75,13.76,387831.0
2020-03-11,15.11,15.87,15.0,15.37,188152.0
2020-03-10,15.21,15.73,14.8,15.47,230836.0
2020-03-09,14.4,15.11,13.84,14.71,350012.0
2020-03-06,15.1,15.77,14.84,15.49,253768.0
2020-03-05,14.82,15.63,14.79,15.6,261150.0
2020-03-04,14.5,15.8302,14.5,15.32,244891.0
2020-03-03,14.86,15.15,14.17,14.26,203801.0
2020-03-02,14.91,14.93,14.29,14.9,157215.0
2020-02-28,14.27,15.41,14.25,14.99,369895.0
2020-02-27,14.82,14.96,13.535,14.74,408529.0
2020-02-26,15.62,16.05,15.06,15.17,231418.0
2020-02-25,16.43,16.43,15.44,15.59,169461.0
2020-02-24,16.91,16.91,16.25,16.36,223642.0
2020-02-21,17.57,17.57,16.91,17.41,196716.0
2020-02-20,17.63,17.75,17.41,17.64,98884.0
2020-02-19,17.63,17.89,17.43,17.76,158081.0
2020-02-18,17.6,17.73,17.48,17.56,91151.0
2020-02-14,17.98,18.04,17.42,17.64,115882.0
2020-02-13,17.83,18.13,17.71,18.0,97671.0
2020-02-12,17.12,17.92,17.12,17.92,161487.0
2020-02-11,16.95,17.14,16.58,17.02,178523.0
2020-02-10,16.92,16.9452,16.53,16.89,183288.0
2020-02-07,17.53,17.53,16.88,16.98,201351.0
2020-02-06,17.73,17.755,17.32,17.64,148175.0
2020-02-05,17.24,17.76,17.24,17.73,159968.0
2020-02-04,17.56,17.64,17.01,17.05,305508.0
2020-02-03,17.69,17.78,17.48,17.54,178015.0
2020-01-31,17.82,17.86,17.57,17.62,369836.0
2020-01-30,17.73,18.08,17.68,18.01,158872.0
2020-01-29,18.06,18.32,17.695,17.95,305894.0
2020-01-28,17.45,18.14,17.435,17.98,202929.0
2020-01-27,17.27,17.64,17.27,17.37,180825.0
2020-01-24,17.64,17.77,17.45,17.58,237378.0
2020-01-23,17.7,17.88,17.35,17.7,148915.0
2020-01-22,17.92,17.97,17.65,17.81,207078.0
2020-01-21,17.45,18.05,17.45,18.03,161092.0
2020-01-17,17.96,17.96,17.09,17.6,190431.0
2020-01-16,17.54,18.04,17.54,17.92,220574.0
2020-01-15,16.5,17.595,16.5,17.46,248309.0
2020-01-14,16.68,17.02,16.3,16.55,259527.0
2020-01-13,17.15,17.19,16.31,16.67,330623.0
2020-01-10,17.75,17.99,17.17,17.25,263976.0
2020-01-09,18.9,18.9,17.36,17.65,490008.0
2020-01-08,18.88,19.45,18.68,18.82,321085.0
2020-01-07,19.29,19.29,18.52,18.96,253311.0
2020-01-06,18.6,19.35,18.45,19.34,155702.0
2020-01-03,18.43,18.98,18.3401,18.73,139963.0
2020-01-02,18.78,18.83,18.1,18.79,170703.0
2019-12-31,18.55,18.62,18.26,18.49,304977.0
2019-12-30,18.96,18.99,18.6615,18.7,72352.0
2019-12-27,19.2,19.32,18.81,18.93,146457.0
2019-12-26,19.44,19.5946,19.12,19.21,128409.0
2019-12-24,19.36,19.72,19.26,19.37,66717.0
2019-12-23,19.0,19.44,18.645,19.31,312761.0
2019-12-20,19.2,19.44,18.87,18.92,377826.0
2019-12-19,18.69,19.35,18.61,19.17,233980.0
2019-12-18,19.37,19.53,18.56,18.61,202689.0
2019-12-17,20.0,20.13,19.23,19.31,346048.0
2019-12-16,19.96,20.245,19.86,19.9,591421.0
2019-12-13,19.64,19.98,19.34,19.5,165020.0
2019-12-12,19.18,19.77,19.1,19.68,296926.0
2019-12-11,18.99,19.4,18.99,19.26,160875.0
2019-12-10,18.9,19.215,18.83,19.07,164781.0
2019-12-09,19.2,19.29,18.9,19.02,132688.0
2019-12-06,19.06,19.52,19.03,19.26,181735.0
2019-12-05,18.66,19.2201,18.66,18.9,152452.0
2019-12-04,19.28,19.38,18.55,18.58,224387.0
2019-12-03,18.97,19.35,18.875,19.07,172153.0
2019-12-02,19.04,19.51,18.97,19.2,441220.0
2019-11-29,19.12,19.55,19.12,19.15,76158.0
2019-11-27,19.01,19.46,18.98,19.17,158832.0
2019-11-26,18.66,19.31,18.4,19.04,258992.0
2019-11-25,17.95,18.76,17.58,18.65,311808.0
2019-11-22,17.83,18.23,17.47,17.72,246780.0
2019-11-21,18.38,18.45,17.55,17.73,386374.0
2019-11-20,19.11,19.2,17.99,18.38,452348.0
2019-11-19,19.35,19.83,19.31,19.32,349579.0
2019-11-18,19.61,19.945,18.94,19.29,331340.0
2019-11-15,19.02,19.81,18.77,19.62,305385.0
2019-11-14,18.41,19.03,18.4,18.88,342897.0
2019-11-13,18.21,18.82,18.145,18.23,334720.0
2019-11-12,18.07,18.73,17.97,18.44,359223.0
2019-11-11,18.3,18.61,17.6,17.99,447135.0
2019-11-08,18.59,18.93,18.02,18.37,345829.0
2019-11-07,16.43,18.97,16.41,18.68,550100.0
2019-11-06,15.75,15.8975,15.56,15.64,390093.0
2019-11-05,15.5,16.07,15.5,15.78,195073.0
2019-11-04,15.56,15.6,15.14,15.45,190385.0
2019-11-01,15.15,15.54,15.0,15.43,141490.0
2019-10-31,15.26,15.34,14.79,15.13,256706.0
2019-10-30,15.28,15.6,15.12,15.29,148752.0
2019-10-29,15.02,15.41,15.02,15.31,184321.0
2019-10-28,14.67,15.22,14.67,15.06,133279.0
2019-10-25,14.54,14.99,14.4195,14.64,198979.0
2019-10-24,15.01,15.06,14.305,14.59,239523.0
2019-10-23,15.26,15.3903,14.9,15.01,174386.0
2019-10-22,14.77,15.4,14.58,15.26,301023.0
2019-10-21,14.44,15.28,14.44,14.84,287207.0
2019-10-18,14.32,14.56,13.91,14.34,202471.0
2019-10-17,13.89,14.54,13.81,14.4,247714.0
2019-10-16,13.98,14.2,13.575,13.8,311342.0
2019-10-15,13.66,14.35,13.5,14.0,298446.0
2019-10-14,13.8,14.1452,13.5,13.62,245002.0
2019-10-11,13.98,14.28,13.75,13.93,294801.0
2019-10-10,13.95,14.22,13.7,13.73,258810.0
2019-10-09,14.09,14.29,13.8,13.87,234163.0
2019-10-08,14.33,14.44,13.9,13.99,319985.0
2019-10-07,13.79,15.247,13.79,14.46,622946.0
2019-10-04,13.38,13.93,13.38,13.79,423671.0
2019-10-03,12.89,13.73,12.89,13.4,475092.0
2019-10-02,13.03,13.37,12.84,12.87,368867.0
2019-10-01,13.43,13.68,12.66,13.04,415218.0
2019-09-30,13.71,13.71,13.1,13.4,507107.0
2019-09-27,14.18,14.38,13.65,13.7,391809.0
2019-09-26,15.06,15.1,13.93,14.11,590153.0
2019-09-25,15.37,15.67,14.95,15.03,413467.0
2019-09-24,15.42,16.03,14.8,15.37,704848.0
2019-09-23,15.4,15.81,14.95,15.08,818411.0
2019-09-20,15.6,15.78,15.0,15.4,731998.0
2019-09-19,16.13,16.31,15.59,15.61,234229.0
2019-09-18,16.57,16.88,15.47,16.04,267671.0
2019-09-17,16.33,16.94,16.33,16.53,382393.0
2019-09-16,16.74,17.31,15.32,16.36,887631.0
2019-09-13,17.92,17.92,16.79,16.97,784173.0
2019-09-12,18.9,19.075,18.0,18.05,319309.0
2019-09-11,19.08,19.31,18.5,19.15,258785.0
2019-09-10,18.58,19.34,18.58,19.02,486085.0
2019-09-09,18.53,18.82,18.2,18.61,502202.0
2019-09-06,19.11,19.11,18.44,18.47,342016.0
2019-09-05,19.25,19.3,18.54,19.09,304028.0
2019-09-04,20.17,20.41,18.98,18.99,253801.0
2019-09-03,20.27,20.645,19.89,19.99,227012.0
2019-08-30,21.09,21.255,20.41,20.52,325907.0
2019-08-29,20.48,20.99,20.14,20.86,468600.0
2019-08-28,20.47,21.01,20.04,20.23,378222.0
2019-08-27,21.84,21.84,20.375,20.51,207806.0
2019-08-26,21.37,22.08,21.34,21.7,229516.0
2019-08-23,21.76,21.965,20.82,21.06,264359.0
2019-08-22,23.12,23.12,21.86,21.87,183858.0
2019-08-21,23.38,23.58,22.99,23.04,190161.0
2019-08-20,23.75,23.94,23.16,23.22,77295.0
2019-08-19,24.63,24.68,23.305,23.78,215987.0
2019-08-16,25.0,25.37,23.28,24.22,420084.0
2019-08-15,25.39,25.39,24.55,24.89,152815.0
2019-08-14,25.27,25.62,24.92,25.15,150871.0
2019-08-13,25.75,26.485,25.4,25.58,183467.0
2019-08-12,25.7,26.72,25.47,25.75,123805.0
2019-08-09,25.43,25.95,24.64,25.66,104348.0
2019-08-08,25.18,27.64,24.7,25.82,240866.0
2019-08-07,21.69,22.68,21.69,22.32,135897.0
2019-08-06,21.81,22.0,21.58,21.98,62052.0
2019-08-05,22.63,22.63,21.2,21.74,144437.0
2019-08-02,23.21,23.21,22.54,22.97,91909.0
2019-08-01,23.88,24.1,23.17,23.39,115257.0
2019-07-31,24.64,25.15,23.77,23.98,145703.0
2019-07-30,24.18,24.64,23.43,24.55,115669.0
2019-07-29,24.57,24.9,24.01,24.4,54717.0
2019-07-26,24.05,24.77,24.05,24.54,61166.0
2019-07-25,23.8,24.25,23.65,23.92,118957.0
2019-07-24,25.23,25.67,25.0,25.39,127365.0
2019-07-23,26.6,26.615,25.375,25.5,79582.0
2019-07-22,26.01,26.51,25.895,26.5,143561.0
2019-07-19,25.28,26.095,25.28,26.0,86883.0
2019-07-18,24.95,25.52,24.87,25.51,50287.0
2019-07-17,24.55,25.25,24.55,25.03,69460.0
2019-07-16,24.67,24.92,24.43,24.63,47037.0
2019-07-15,24.75,25.25,24.555,24.69,60795.0
2019-07-12,24.64,24.85,24.36,24.74,73814.0
2019-07-11,24.52,24.91,24.34,24.6,79287.0
2019-07-10,24.89,25.4,24.5225,24.55,56920.0
2019-07-09,25.01,25.01,24.5,24.9,128185.0
2019-07-08,25.01,25.44,24.825,25.16,80972.0
2019-07-05,24.46,25.305,24.32,25.03,68302.0
2019-07-03,24.55,24.92,24.305,24.54,38145.0
2019-07-02,24.18,24.48,23.78,24.41,109955.0
2019-07-01,24.25,24.365,23.74,24.22,96577.0
2019-06-28,23.13,24.1,22.96,23.85,159426.0
2019-06-27,22.52,23.27,22.52,23.02,99520.0
2019-06-26,23.26,23.56,22.46,22.49,115664.0
2019-06-25,23.12,23.33,22.92,23.08,74859.0
2019-06-24,23.26,23.62,23.1019,23.16,60526.0
2019-06-21,23.35,23.35,22.66,23.21,234575.0
2019-06-20,23.7,23.9,23.27,23.41,93408.0
2019-06-19,23.24,23.6,22.8,23.47,95808.0
2019-06-18,23.16,23.875,22.635,23.25,105758.0
2019-06-17,22.8,23.21,22.4,23.02,89490.0
2019-06-14,23.97,24.01,22.7,22.72,73101.0
2019-06-13,23.1,24.06,22.89,24.03,106429.0
2019-06-12,23.71,23.71,22.36,22.93,140551.0
2019-06-11,23.8,23.925,23.14,23.85,98576.0
2019-06-10,23.73,23.95,23.54,23.61,52122.0
2019-06-07,23.64,23.855,23.15,23.63,52097.0
2019-06-06,24.32,24.33,23.35,23.6,45774.0
2019-06-05,25.32,25.495,24.24,24.26,70617.0
2019-06-04,25.1,25.59,24.65,25.21,107991.0
2019-06-03,24.59,25.1,24.47,24.83,144869.0
2019-05-31,23.92,24.59,23.54,24.5,112275.0
2019-05-30,25.12,25.19,23.58,24.15,106181.0
2019-05-29,24.98,25.37,24.805,25.04,63151.0
2019-05-28,25.72,25.85,24.95,25.16,82995.0
2019-05-24,26.29,26.48,25.28,25.77,56157.0
2019-05-23,26.69,26.69,25.93,26.08,79198.0
2019-05-22,27.29,27.8,26.4,26.99,100771.0
2019-05-21,26.72,27.865,26.47,27.33,116916.0
2019-05-20,26.54,26.89,26.1,26.5,119724.0
2019-05-17,25.53,26.84,25.53,26.63,112379.0
2019-05-16,25.19,25.83,25.01,25.81,104202.0
2019-05-15,25.74,25.82,25.1,25.13,121371.0
2019-05-14,26.21,26.35,25.58,25.98,101676.0
2019-05-13,27.0,27.14,25.9,26.08,133380.0
2019-05-10,27.37,27.82,27.125,27.4,147211.0
2019-05-09,26.0,27.53,25.56,27.24,262457.0
2019-05-08,24.15,24.15,23.45,23.68,92905.0
2019-05-07,23.96,24.335,23.8,24.22,84997.0
2019-05-06,23.97,24.33,23.855,24.15,76612.0
2019-05-03,23.17,24.21,23.14,24.15,96909.0
2019-05-02,22.1,23.13,22.1,23.06,80597.0
2019-05-01,22.69,22.69,22.12,22.15,189189.0
2019-04-30,22.97,22.97,22.175,22.72,113798.0
2019-04-29,23.23,23.29,22.835,23.03,75258.0
2019-04-26,22.83,23.345,22.51,23.22,72583.0
2019-04-25,22.02,22.8,21.84,22.74,61084.0
2019-04-24,21.8,22.24,21.64,22.05,184761.0
2019-04-23,21.24,21.92,21.06,21.8,125972.0
2019-04-22,20.88,21.29,20.87,21.18,148313.0
2019-04-18,20.82,21.08,20.56,20.88,98090.0
2019-04-17,22.58,22.58,20.41,20.93,279792.0
2019-04-16,22.82,22.82,22.37,22.61,91168.0
2019-04-15,22.87,23.11,22.49,22.71,47553.0
2019-04-12,23.22,23.22,22.515,22.83,105120.0
2019-04-11,23.49,23.49,22.741,23.19,84268.0
2019-04-10,23.05,23.845,22.83,23.53,166715.0
2019-04-09,22.71,23.33,22.5,23.07,132755.0
2019-04-08,22.97,23.29,22.645,22.77,105969.0
2019-04-05,23.27,23.39,23.05,23.08,99670.0
2019-04-04,23.37,23.71,23.05,23.3,114835.0
2019-04-03,23.58,23.58,23.015,23.37,101579.0
2019-04-02,22.84,23.43,22.43,23.26,98254.0
2019-04-01,22.95,23.37,22.7,22.89,137720.0
2019-03-29,23.24,23.24,22.52,22.82,175505.0
2019-03-28,22.88,23.34,22.33,23.24,119705.0
2019-03-27,22.89,23.12,22.45,22.9,182555.0
2019-03-26,24.9,24.9,23.0,23.07,93741.0
2019-03-25,24.43,24.89,24.02,24.64,138213.0
2019-03-22,25.66,25.89,24.28,24.42,170390.0
2019-03-21,25.72,26.3,25.72,25.91,88925.0
2019-03-20,26.61,26.66,25.5,25.85,130878.0
2019-03-19,27.28,27.28,26.36,26.8,144687.0
2019-03-18,24.63,27.32,24.63,27.28,229451.0
2019-03-15,24.08,24.94,24.08,24.61,374230.0
2019-03-14,24.13,24.69,23.93,24.0,116087.0
2019-03-13,23.97,24.45,23.72,24.15,115477.0
2019-03-12,23.34,24.21,23.08,23.91,101677.0
2019-03-11,23.18,23.52,22.97,23.34,113698.0
2019-03-08,23.13,23.24,22.86,23.1,82996.0
2019-03-07,23.24,23.54,22.96,23.26,70417.0
2019-03-06,24.86,24.92,22.89,23.25,195842.0
2019-03-05,26.13,26.13,24.74,24.82,126781.0
2019-03-04,26.1,26.6,25.71,26.16,196131.0
2019-03-01,25.57,26.3,24.5,26.24,137831.0
2019-02-28,22.59,27.81,22.35,25.44,464985.0
2019-02-27,21.42,22.01,21.16,21.51,126246.0
2019-02-26,21.54,21.71,20.99,21.44,74470.0
2019-02-25,21.35,22.07,21.2,21.54,91822.0
2019-02-22,21.59,21.59,21.06,21.26,62062.0
2019-02-21,21.31,21.9,21.05,21.5,141793.0
2019-02-20,20.4,21.62,20.27,21.32,107776.0
2019-02-19,20.55,20.645,20.21,20.37,82222.0
2019-02-15,20.69,20.74,20.38,20.55,55836.0
2019-02-14,20.43,20.75,20.01,20.51,76764.0
2019-02-13,20.51,20.69,19.965,20.37,62141.0
2019-02-12,20.37,20.5,19.77,20.39,63779.0
2019-02-11,20.07,20.21,19.4,20.2,149579.0
2019-02-08,20.07,20.14,19.58,19.98,67661.0
2019-02-07,19.98,20.23,19.73,20.04,52617.0
2019-02-06,19.78,20.51,19.78,20.13,74219.0
2019-02-05,20.25,20.355,19.755,19.82,66940.0
2019-02-04,19.97,20.48,19.9,20.12,102668.0
2019-02-01,20.15,20.44,19.87,20.0,120277.0
2019-01-31,20.1,20.25,19.91,20.16,70757.0
2019-01-30,20.14,20.22,19.91,20.09,62301.0
2019-01-29,20.03,20.08,19.83,19.98,44030.0
2019-01-28,19.77,20.03,19.6,19.98,51181.0
2019-01-25,19.8,20.16,19.5,19.87,125154.0
2019-01-24,19.73,20.08,19.5911,19.79,34336.0
2019-01-23,19.83,19.88,19.52,19.79,72509.0
2019-01-22,19.41,19.97,19.37,19.83,141415.0
2019-01-18,19.32,19.65,19.09,19.62,176975.0
2019-01-17,18.38,19.45,18.37,19.26,109733.0
2019-01-16,17.8152,18.52,17.705,18.52,77074.0
2019-01-15,17.46,17.86,17.29,17.75,100549.0
2019-01-14,17.54,17.7853,17.36,17.45,60240.0
2019-01-11,17.41,17.9,17.37,17.65,97230.0
2019-01-10,18.4,18.52,17.42,17.53,148782.0
2019-01-09,18.12,18.85,17.96,18.54,84198.0
2019-01-08,18.26,18.39,17.57,18.14,198682.0
2019-01-07,17.62,18.08,17.3575,17.9,108767.0
2019-01-04,17.38,17.92,17.2,17.66,71188.0
2019-01-03,17.49,17.49,16.74,17.14,130783.0
2019-01-02,17.19,17.58,16.88,17.57,95039.0
2018-12-31,17.43,17.56,17.05,17.39,109844.0
2018-12-28,17.42,17.97,17.36,17.37,84320.0
2018-12-27,16.96,17.36,16.62,17.33,148807.0
2018-12-26,16.19,17.21,16.19,17.18,115764.0
2018-12-24,16.16,16.68,16.16,16.23,44544.0
2018-12-21,16.42,16.8,16.15,16.24,270048.0
2018-12-20,16.29,17.4,16.056,16.47,182128.0
2018-12-19,15.58,16.42,15.45,15.78,195763.0
2018-12-18,16.09,16.2072,15.47,15.58,211784.0
2018-12-17,17.08,17.08,16.05,16.25,150690.0
2018-12-14,17.31,17.72,17.06,17.33,119741.0
2018-12-13,17.79,17.81,16.83,17.35,149325.0
2018-12-12,18.66,18.7,17.56,17.67,125449.0
2018-12-11,19.26,19.34,18.37,18.38,115500.0
2018-12-10,19.03,19.1,18.6,18.91,160483.0
2018-12-07,19.03,19.53,19.03,19.07,238038.0
2018-12-06,18.74,19.13,18.08,19.09,388470.0
2018-12-04,18.94,19.04,18.73,18.97,123602.0
2018-12-03,19.33,19.58,18.58,18.94,88208.0
2018-11-30,19.18,19.3,18.46,19.08,144691.0
2018-11-29,18.82,19.68,18.535,19.26,114990.0
2018-11-28,18.02,19.0335,17.65,18.98,166989.0
2018-11-27,18.22,18.4,17.72,17.91,124540.0
2018-11-26,18.12,18.36,17.85,18.17,91339.0
2018-11-23,17.69,18.28,17.69,18.05,36932.0
2018-11-21,17.46,17.97,17.29,17.75,101576.0
2018-11-20,18.23,18.445,17.4,17.46,133854.0
2018-11-19,18.87,19.02,18.18,18.35,161831.0
2018-11-16,19.04,19.04,18.51,18.83,159633.0
2018-11-15,19.12,19.25,18.47,19.22,138234.0
2018-11-14,19.72,20.01,19.2606,19.29,143184.0
2018-11-13,19.88,20.24,19.11,19.63,217793.0
2018-11-12,20.75,20.81,19.21,19.82,415885.0
2018-11-09,21.93,21.98,20.13,20.89,691275.0
2018-11-08,18.45,22.16,17.195,22.0,539210.0
2018-11-07,19.2,19.97,18.95,19.38,232437.0
2018-11-06,18.96,19.33,18.9,19.07,102780.0
2018-11-05,18.76,19.07,18.5,19.02,107340.0
2018-11-02,19.13,19.39,18.69,18.75,117357.0
2018-11-01,17.21,19.38,17.12,19.08,324205.0
2018-10-31,17.19,17.3,16.88,17.16,214644.0
2018-10-30,17.58,17.73,17.0,17.06,192208.0
2018-10-29,17.99,18.0,17.51,17.6,155727.0
2018-10-26,17.52,17.895,17.0,17.74,178348.0
2018-10-25,16.76,17.87,16.76,17.7,216912.0
2018-10-24,16.67,16.97,16.565,16.63,178029.0
2018-10-23,17.24,17.24,16.69,16.73,128029.0
2018-10-22,17.38,17.49,17.16,17.43,103023.0
2018-10-19,17.16,17.72,17.02,17.25,171979.0
2018-10-18,18.32,18.32,17.05,17.21,172511.0
2018-10-17,18.2,18.58,17.97,18.4,113200.0
2018-10-16,17.88,18.31,17.72,18.23,418363.0
2018-10-15,17.41,18.0,17.39,17.74,210482.0
2018-10-12,18.24,18.25,17.24,17.42,225191.0
2018-10-11,19.42,19.44,18.13,18.2,165983.0
2018-10-10,19.15,19.84,19.15,19.45,163041.0
2018-10-09,18.94,19.15,18.58,19.12,225186.0
2018-10-08,18.73,19.31,18.73,18.94,135884.0
2018-10-05,18.84,18.86,18.52,18.79,176439.0
2018-10-04,19.3,19.6,18.79,18.86,150121.0
2018-10-03,19.23,19.31,18.87,19.3,129120.0
2018-10-02,19.43,19.69,19.08,19.13,210501.0
2018-10-01,18.99,19.57,18.99,19.41,250828.0
2018-09-28,19.5,19.5,18.68,18.89,362915.0
2018-09-27,19.31,19.9,19.2,19.54,191224.0
2018-09-26,19.5,19.56,18.65,19.28,200841.0
2018-09-25,21.08,21.13,19.5814,19.7,199525.0
2018-09-24,21.31,21.69,21.01,21.02,114610.0
2018-09-21,21.46,21.62,21.37,21.38,247996.0
2018-09-20,21.82,22.09,21.28,21.42,198244.0
2018-09-19,20.92,21.8,20.92,21.71,168246.0
2018-09-18,20.5,21.06,20.5,20.95,121162.0
2018-09-17,20.44,20.63,20.23,20.58,114075.0
2018-09-14,20.62,21.055,20.45,20.48,128530.0
2018-09-13,20.35,20.91,20.01,20.57,182372.0
2018-09-12,20.67,20.78,20.05,20.35,149158.0
2018-09-11,20.57,20.97,20.45,20.67,165766.0
2018-09-10,21.17,21.2,20.51,20.63,166627.0
2018-09-07,21.17,21.51,21.01,21.15,88681.0
2018-09-06,21.3,21.41,20.8701,21.2,188671.0
2018-09-05,21.64,21.81,21.25,21.32,225627.0
2018-09-04,21.72,22.03,21.37,21.69,125704.0
2018-08-31,21.98,21.98,21.42,21.77,184429.0
2018-08-30,22.27,22.55,21.82,21.98,131910.0
2018-08-29,22.64,22.9,22.27,22.28,74564.0
2018-08-28,22.42,22.76,22.31,22.71,102473.0
2018-08-27,22.82,22.82,22.16,22.42,117680.0
2018-08-24,22.81,22.81,22.05,22.73,293186.0
2018-08-23,23.46,23.46,22.68,22.8,152070.0
2018-08-22,23.82,23.96,23.4,23.46,149791.0
2018-08-21,23.81,24.05,23.57,23.8,94473.0
2018-08-20,24.25,24.25,23.5,23.76,163596.0
2018-08-17,23.88,24.34,23.71,24.3,102211.0
2018-08-16,24.28,24.45,23.95,24.02,133306.0
2018-08-15,24.31,24.38,23.85,24.3,122004.0
2018-08-14,24.9,25.0,24.17,24.45,135525.0
2018-08-13,24.51,24.83,24.38,24.78,121066.0
2018-08-10,25.19,25.4,24.37,24.48,164121.0
2018-08-09,25.48,25.645,24.97,25.29,189218.0
2018-08-08,24.47,25.75,24.16,25.38,308441.0
2018-08-07,26.2,26.28,24.52,24.61,294164.0
2018-08-06,25.83,26.43,25.73,26.22,251913.0
2018-08-03,26.29,27.6,24.9001,25.94,454959.0
2018-08-02,30.0,31.5,25.0001,26.16,1110539.0
2018-08-01,35.36,36.1,35.02,35.8,179392.0
2018-07-31,34.79,35.675,34.72,35.51,140854.0
2018-07-30,35.64,35.88,34.46,34.66,235303.0
2018-07-27,37.21,37.41,35.5,35.75,150273.0
2018-07-26,37.14,37.72,37.1,37.21,75247.0
2018-07-25,37.15,37.625,36.56,37.15,96340.0
2018-07-24,37.64,37.9,37.13,37.19,96728.0
2018-07-23,37.45,38.05,37.32,37.66,108645.0
2018-07-20,37.61,37.9675,37.45,37.5,87658.0
2018-07-19,37.6,38.03,37.33,37.5,119567.0
2018-07-18,37.86,38.18,37.39,37.81,113147.0
2018-07-17,38.22,38.41,37.47,37.86,131302.0
2018-07-16,38.76,39.07,38.11,38.28,106699.0
2018-07-13,38.76,38.96,38.53,38.76,151154.0
2018-07-12,38.73,39.02,38.485,38.73,102047.0
2018-07-11,38.4,39.2,38.34,38.61,125758.0
2018-07-10,39.52,39.6102,38.57,38.59,132958.0
2018-07-09,39.53,40.44,39.23,39.28,94491.0
2018-07-06,39.81,40.02,39.2,39.25,89205.0
2018-07-05,39.69,40.07,39.36,39.81,183649.0
2018-07-03,39.24,39.8,39.04,39.63,96947.0
2018-07-02,39.03,39.295,38.42,39.11,162168.0
2018-06-29,39.44,39.79,38.92,39.06,211214.0
2018-06-28,40.47,40.47,38.85,39.41,381370.0
2018-06-27,41.38,41.5647,40.31,40.54,155477.0
2018-06-26,41.06,41.82,40.18,41.37,213256.0
2018-06-25,42.11,42.11,40.285,41.06,241988.0
2018-06-22,43.47,43.8361,42.18,42.39,510100.0
2018-06-21,41.9,44.01,41.71,43.28,294246.0
2018-06-20,41.21,41.92,40.83,41.71,315014.0
2018-06-19,38.73,41.1,38.73,41.05,261883.0
2018-06-18,38.54,39.01,38.2201,38.79,206228.0
2018-06-15,36.9,38.46,36.9,38.46,328840.0
2018-06-14,36.7,37.0,36.2,36.88,148530.0
2018-06-13,35.51,36.52,35.51,36.52,144135.0
2018-06-12,35.9,36.1,35.31,35.48,135146.0
2018-06-11,35.5,36.03,35.2387,35.86,145353.0
2018-06-08,35.96,36.03,35.26,35.51,231992.0
2018-06-07,35.91,36.265,35.825,35.99,100772.0
2018-06-06,36.7,37.485,35.56,35.97,134841.0
2018-06-05,36.6,37.8497,36.5,36.75,177588.0
2018-06-04,36.7,36.79,36.28,36.59,139061.0
2018-06-01,36.79,36.81,36.35,36.7,106665.0
2018-05-31,37.25,37.339,36.53,36.65,110699.0
2018-05-30,37.02,37.545,36.72,37.12,130246.0
2018-05-29,36.87,36.87,36.39,36.71,130321.0
2018-05-25,36.52,37.04,36.51,36.98,91008.0
2018-05-24,36.4,36.7,36.09,36.43,86152.0
2018-05-23,36.25,36.58,36.13,36.38,110935.0
2018-05-22,35.89,36.6,35.511,36.23,108099.0
2018-05-21,36.11,36.24,35.77,35.86,131942.0
2018-05-18,36.21,36.21,35.58,35.91,152385.0
2018-05-17,34.67,36.2,34.67,35.94,254831.0
2018-05-16,33.22,34.85,33.22,34.62,325418.0
2018-05-15,32.87,33.2975,32.84,33.2,203333.0
2018-05-14,32.04,33.48,32.04,32.83,134107.0
2018-05-11,32.13,32.5,32.06,32.09,180234.0
2018-05-10,31.69,32.99,31.57,32.07,218588.0
2018-05-09,30.52,31.55,29.86,31.42,215304.0
2018-05-08,27.65,30.7,27.5011,30.56,255221.0
2018-05-07,28.04,28.2,27.68,28.07,92325.0
2018-05-04,27.71,28.14,27.56,28.03,80251.0
2018-05-03,28.24,28.3,27.61,27.79,75353.0
2018-05-02,28.22,28.61,28.16,28.27,128708.0
2018-05-01,28.36,28.53,28.0,28.24,53972.0
2018-04-30,28.74,29.04,28.35,28.35,81915.0
2018-04-27,28.86,28.97,28.455,28.65,84825.0
2018-04-26,28.96,28.99,28.49,28.81,65176.0
2018-04-25,28.85,28.9587,28.54,28.9,60792.0
2018-04-24,28.67,29.16,28.53,28.85,86671.0
2018-04-23,28.94,28.99,28.32,28.54,72334.0
2018-04-20,28.99,29.17,28.66,28.89,115621.0
2018-04-19,28.55,29.285,28.45,29.05,122375.0
2018-04-18,28.64,28.78,28.5,28.61,76633.0
2018-04-17,27.97,28.54,27.96,28.47,102807.0
2018-04-16,27.43,28.08,27.395,27.85,112236.0
2018-04-13,27.18,27.35,27.07,27.27,82960.0
2018-04-12,27.12,27.39,26.89,27.08,77535.0
2018-04-11,27.18,27.401,26.98,27.02,102690.0
2018-04-10,27.37,27.49,27.22,27.28,93340.0
2018-04-09,27.3,27.5,27.01,27.24,120977.0
2018-04-06,27.71,27.88,27.08,27.2,121046.0
2018-04-05,27.3,27.8,27.27,27.78,101350.0
2018-04-04,26.28,27.3,26.26,27.19,172794.0
2018-04-03,25.84,26.62,25.665,26.57,113587.0
2018-04-02,26.25,26.51,25.65,25.83,262325.0
2018-03-29,25.98,26.28,25.46,26.14,312589.0
2018-03-28,25.89,26.25,25.845,25.99,111080.0
2018-03-27,26.13,26.21,25.85,25.87,80339.0
2018-03-26,26.25,26.36,25.605,26.06,116637.0
2018-03-23,26.4,26.66,25.95,25.97,137632.0
2018-03-22,26.52,27.02,26.2862,26.31,135249.0
2018-03-21,26.32,26.99,26.32,26.69,79848.0
2018-03-20,26.44,26.57,26.31,26.38,92137.0
2018-03-19,26.28,26.76,26.08,26.48,89985.0
2018-03-16,26.36,26.78,26.36,26.41,229035.0
2018-03-15,25.9,26.57,25.785,26.4,114031.0
2018-03-14,26.15,26.4,25.85,25.89,186214.0
2018-03-13,26.23,26.75,26.01,26.05,126686.0
2018-03-12,26.75,26.75,26.06,26.24,172759.0
2018-03-09,26.5,26.78,26.45,26.75,147784.0
2018-03-08,26.47,26.59,26.09,26.36,125753.0
2018-03-07,26.39,26.75,26.29,26.5,145015.0
2018-03-06,26.44,26.75,26.12,26.57,144831.0
2018-03-05,25.86,26.84,25.86,26.43,145155.0
2018-03-02,26.64,26.77,25.52,26.0,166764.0
2018-03-01,25.75,28.66,25.29,26.67,348987.0
2018-02-28,25.23,25.33,24.19,24.3,180607.0
2018-02-27,25.23,25.8552,25.14,25.14,132035.0
2018-02-26,25.0,25.39,24.89,25.29,96386.0
2018-02-23,25.49,25.59,24.67,24.99,158947.0
2018-02-22,25.43,25.77,25.09,25.34,154626.0
2018-02-21,25.25,25.83,25.1852,25.36,116220.0
2018-02-20,25.44,25.44,24.96,25.18,131344.0
2018-02-16,24.11,25.52,24.11,25.48,200488.0
2018-02-15,24.16,24.26,23.885,24.2,120265.0
2018-02-14,23.92,24.195,23.84,24.06,157097.0
2018-02-13,23.77,24.35,23.74,24.11,122413.0
2018-02-12,24.18,24.31,23.68,23.89,146429.0
2018-02-09,24.28,24.57,23.82,24.17,132747.0
2018-02-08,24.31,24.6,24.08,24.11,135868.0
2018-02-07,24.13,24.59,23.85,24.36,151372.0
2018-02-06,23.26,24.38,23.26,24.29,162735.0
2018-02-05,23.67,24.13,23.45,23.57,200804.0
2018-02-02,23.43,23.95,23.39,23.79,166003.0
2018-02-01,22.98,23.7,22.75,23.62,122050.0
2018-01-31,23.27,23.49,22.76,22.98,110567.0
2018-01-30,23.61,23.61,22.96,23.23,108149.0
2018-01-29,23.9,24.26,23.84,23.88,105091.0
2018-01-26,24.01,24.17,23.671,24.0,70819.0
2018-01-25,24.05,24.15,23.9,24.01,84998.0
2018-01-24,24.25,24.25,23.95,23.99,71313.0
2018-01-23,24.07,24.25,23.85,24.17,55860.0
2018-01-22,24.23,24.28,23.905,24.1,69577.0
2018-01-19,24.26,24.49,24.09,24.36,88503.0
2018-01-18,24.62,24.62,24.1,24.29,69607.0
2018-01-17,24.2,24.78,24.045,24.71,75885.0
2018-01-16,24.85,24.97,24.02,24.04,111072.0
2018-01-12,24.8,25.06,24.71,24.86,45999.0
2018-01-11,24.47,24.99,24.47,24.76,65512.0
2018-01-10,24.23,24.54,24.13,24.46,82440.0
2018-01-09,24.52,24.67,24.12,24.38,91563.0
2018-01-08,25.17,25.185,24.34,24.52,93880.0
2018-01-05,25.5,25.5,24.97,25.23,106805.0
2018-01-04,25.18,25.54,25.11,25.37,70852.0
2018-01-03,24.41,25.24,24.17,25.08,143516.0
2018-01-02,24.86,24.86,24.27,24.4,166256.0
2017-12-29,25.91,25.91,24.61,24.85,220823.0
2017-12-28,25.76,26.08,25.76,25.91,53549.0
2017-12-27,26.38,26.48,25.68,25.76,114690.0
2017-12-26,26.37,26.74,26.28,26.3,62061.0
2017-12-22,26.44,26.7,26.315,26.49,87451.0
2017-12-21,26.555,26.65,26.32,26.39,89826.0
2017-12-20,26.51,26.74,26.0,26.49,97169.0
2017-12-19,25.97,26.27,25.86,25.96,55741.0
2017-12-18,26.71,26.81,25.88,26.0,77049.0
2017-12-15,26.27,26.67,25.87,26.66,283842.0
2017-12-14,26.38,26.55,25.75,25.99,112955.0
2017-12-13,26.83,26.83,26.08,26.39,154279.0
2017-12-12,26.4,26.8,26.4,26.71,116249.0
2017-12-11,26.28,26.92,26.2,26.37,119179.0
2017-12-08,27.0,27.0,26.12,26.26,161703.0
2017-12-07,27.03,27.03,26.36,26.92,186698.0
2017-12-06,27.44,27.51,26.93,26.94,125746.0
2017-12-05,28.85,29.08,27.37,27.41,142148.0
2017-12-04,29.14,29.43,28.51,28.87,192771.0
2017-12-01,28.45,28.64,27.41,28.57,140160.0
2017-11-30,28.71,28.935,27.87,28.42,196319.0
2017-11-29,28.05,29.23,27.9,28.5,216924.0
2017-11-28,27.9,28.2,27.57,27.91,99988.0
2017-11-27,27.79,28.0,27.38,27.9,144310.0
2017-11-24,27.82,27.92,27.51,27.67,38209.0
2017-11-22,28.09,28.64,27.67,27.81,136700.0
2017-11-21,27.43,28.05,27.305,27.91,166142.0
2017-11-20,27.31,27.36,26.77,27.24,76499.0
2017-11-17,26.9,27.71,26.9,27.18,123334.0
2017-11-16,26.36,27.26,26.36,27.08,110495.0
2017-11-15,27.14,27.2319,26.225,26.25,105353.0
2017-11-14,26.27,27.6,26.27,27.09,133882.0
2017-11-13,26.64,27.04,26.38,26.54,236875.0
2017-11-10,27.39,27.61,25.82,26.48,209988.0
2017-11-09,25.65,27.56,25.06,27.33,445635.0
2017-11-08,24.05,24.6,23.96,24.37,225563.0
2017-11-07,24.19,24.35,24.05,24.19,90972.0
2017-11-06,24.2,24.41,24.03,24.26,90259.0
2017-11-03,24.09,24.27,23.87,24.2,83034.0
2017-11-02,23.98,24.35,23.96,24.02,93158.0
2017-11-01,24.16,24.45,23.73,24.05,62762.0
2017-10-31,23.63,24.16,23.6,24.01,113679.0
2017-10-30,23.72,23.86,23.37,23.55,68933.0
2017-10-27,23.33,23.89,23.33,23.69,182590.0
2017-10-26,23.58,23.65,23.34,23.37,89069.0
2017-10-25,23.95,24.01,23.46,23.46,138250.0
2017-10-24,24.16,24.23,23.68,23.93,76198.0
2017-10-23,24.12,24.35,24.07,24.22,114120.0
2017-10-20,24.19,24.39,24.17,24.19,71793.0
2017-10-19,23.84,24.14,23.55,24.12,105397.0
2017-10-18,23.76,24.03,23.68,23.82,133663.0
2017-10-17,23.55,23.74,23.42,23.66,141045.0
2017-10-16,23.9,24.15,23.5821,23.61,110231.0
2017-10-13,24.02,24.29,23.75,23.99,167195.0
2017-10-12,23.91,24.479,23.8125,24.14,104944.0
2017-10-11,24.0,24.09,23.79,23.85,173659.0
2017-10-10,23.91,24.14,23.7,23.92,124281.0
2017-10-09,23.9,24.07,23.72,23.97,186455.0
2017-10-06,23.82,24.12,23.82,23.96,123666.0
2017-10-05,24.27,24.27,23.86,23.99,167151.0
2017-10-04,24.17,24.55,24.08,24.33,228724.0
2017-10-03,23.96,24.2,23.77,24.08,317525.0
2017-10-02,23.86,24.15,23.52,24.14,226708.0
2017-09-29,22.93,24.31,22.7,23.68,492230.0
2017-09-28,21.21,23.08,21.195,22.97,500818.0
2017-09-27,21.92,22.42,21.14,21.23,588415.0
2017-09-26,22.96,23.68,21.73,21.74,600005.0
2017-09-25,23.57,24.05,22.87,22.95,378541.0
2017-09-22,23.8,23.83,23.4,23.54,333829.0
2017-09-21,23.67,24.065,23.615,23.75,196857.0
2017-09-20,23.76,23.93,23.54,23.65,219698.0
2017-09-19,24.48,24.48,23.76,23.86,173634.0
2017-09-18,24.44,25.07,24.21,24.35,239230.0
2017-09-15,24.31,24.75,23.91,24.44,259031.0
2017-09-14,24.47,24.49,24.13,24.15,159205.0
2017-09-13,24.0,24.65,24.0,24.44,134490.0
2017-09-12,24.06,24.18,23.92,23.99,77230.0
2017-09-11,24.09,24.18,23.96,24.08,102474.0
2017-09-08,24.02,24.3,23.825,24.11,93055.0
2017-09-07,24.56,24.56,23.94,24.0,121797.0
2017-09-06,23.85,24.68,23.83,24.5,136280.0
2017-09-05,24.21,24.41,23.85,23.9,155587.0
2017-09-01,24.69,24.77,24.28,24.39,66656.0
2017-08-31,24.52,25.41,24.43,24.71,203476.0
2017-08-30,24.57,24.95,24.42,24.5,106834.0
2017-08-29,24.42,24.74,24.13,24.69,101020.0
2017-08-28,24.65,24.73,24.39,24.51,103930.0
2017-08-25,24.48,24.56,24.18,24.5,63189.0
2017-08-24,23.99,24.41,23.7,24.4,121921.0
2017-08-23,23.53,24.01,23.4166,23.89,95245.0
2017-08-22,23.3,24.03,23.24,23.57,208084.0
2017-08-21,23.15,23.45,22.88,23.28,151103.0
2017-08-18,23.24,23.5,23.021,23.2,208018.0
2017-08-17,23.58,24.11,23.41,23.43,154123.0
2017-08-16,23.99,24.1,23.474,23.64,170845.0
2017-08-15,23.34,23.9,23.025,23.75,114634.0
2017-08-14,22.79,23.8299,22.58,23.35,201069.0
2017-08-11,21.91,22.4,21.864,22.22,202439.0
2017-08-10,21.28,22.605,21.23,22.35,221090.0
2017-08-09,20.3,22.42,20.3,21.26,276619.0
2017-08-08,16.75,20.29,16.7406,19.29,408384.0
2017-08-07,15.16,15.65,15.16,15.58,54817.0
2017-08-04,15.39,15.48,15.18,15.26,44105.0
2017-08-03,15.3,15.5,15.23,15.27,43215.0
2017-08-02,15.32,15.59,15.1226,15.3,46052.0
2017-08-01,15.51,15.68,15.15,15.3,64122.0
2017-07-31,15.56,16.0,15.31,15.48,84078.0
2017-07-28,15.15,15.61,15.09,15.56,51386.0
2017-07-27,15.57,15.71,15.051,15.16,55515.0
2017-07-26,15.56,15.67,15.47,15.6,39727.0
2017-07-25,15.67,15.77,15.42,15.57,40677.0
2017-07-24,15.62,16.1,15.26,15.6,68045.0
2017-07-21,15.81,15.81,15.51,15.62,75747.0
2017-07-20,15.79,15.86,15.71,15.73,20805.0
2017-07-19,15.86,16.01,15.78,15.8,53983.0
2017-07-18,16.13,16.38,15.65,15.83,54991.0
2017-07-17,16.12,16.18,15.98,16.14,41520.0
2017-07-14,16.15,16.21,16.004,16.12,67362.0
2017-07-13,16.06,16.11,15.72,16.1,65592.0
2017-07-12,16.0,16.45,16.0,16.13,116085.0
2017-07-11,16.18,16.33,15.82,16.01,68483.0
2017-07-10,16.61,16.61,16.07,16.14,62515.0
2017-07-07,16.44,16.84,16.43,16.71,49659.0
2017-07-06,16.63,16.75,16.25,16.39,115057.0
2017-07-05,17.16,17.16,16.5401,16.64,59003.0
2017-07-03,16.98,17.4,16.98,17.17,21359.0
2017-06-30,16.75,17.11,16.58,16.91,84900.0
2017-06-29,17.14,17.14,16.635,16.75,72490.0
2017-06-28,16.92,17.33,16.86,17.12,57955.0
2017-06-27,16.95,17.06,16.625,16.84,29572.0
2017-06-26,16.98,17.12,16.82,16.96,53834.0
2017-06-23,17.15,17.17,16.67,16.97,240299.0
2017-06-22,16.38,17.27,16.38,17.14,43017.0
2017-06-21,16.51,16.9,16.37,16.4,99736.0
2017-06-20,16.43,16.75,16.43,16.5,51376.0
2017-06-19,16.65,16.96,16.37,16.4,101008.0
2017-06-16,16.22,16.69,16.19,16.52,206022.0
2017-06-15,16.49,16.79,16.37,16.54,55241.0
2017-06-14,16.71,16.8003,16.47,16.54,39042.0
2017-06-13,16.8,17.08,16.63,16.68,56848.0
2017-06-12,16.96,17.23,16.69,16.81,66689.0
2017-06-09,16.54,17.09,16.54,16.94,84008.0
2017-06-08,16.52,16.67,16.32,16.59,61011.0
2017-06-07,16.65,17.26,16.47,16.55,62538.0
2017-06-06,16.62,16.73,16.42,16.53,33580.0
2017-06-05,16.94,16.99,16.61,16.75,35486.0
2017-06-02,16.84,17.26,16.8,16.95,66326.0
2017-06-01,16.31,17.0,16.31,16.84,52839.0
2017-05-31,16.58,16.58,16.24,16.27,71887.0
2017-05-30,16.56,16.57,16.32,16.54,93259.0
2017-05-26,16.55,16.67,16.335,16.63,45090.0
2017-05-25,16.38,16.79,16.21,16.57,91800.0
2017-05-24,16.45,16.865,16.108,16.34,60381.0
2017-05-23,16.15,16.48,15.81,16.43,101817.0
2017-05-22,16.22,16.24,15.82,16.09,84495.0
2017-05-19,16.23,16.55,16.06,16.22,109449.0
2017-05-18,16.25,16.37,15.99,16.25,124045.0
2017-05-17,15.97,16.32,15.84,16.22,163050.0
2017-05-16,16.51,16.51,16.03,16.27,73204.0
2017-05-15,16.67,16.8,16.23,16.5,97118.0
2017-05-12,17.18,17.18,16.55,16.6,89630.0
2017-05-11,17.39,17.43,17.09,17.28,66506.0
2017-05-10,17.6,17.74,17.44,17.53,84352.0
2017-05-09,17.1,17.9,16.7001,17.58,104092.0
2017-05-08,18.09,18.26,17.995,18.21,44023.0
2017-05-05,18.15,18.15,17.88,18.08,40441.0
2017-05-04,17.85,18.04,17.75,18.01,35907.0
2017-05-03,18.31,18.48,17.88,17.91,66454.0
2017-05-02,18.15,18.47,18.14,18.26,79122.0
2017-05-01,18.14,18.245,17.99,18.16,109881.0
2017-04-28,18.25,18.38,18.07,18.1,193393.0
2017-04-27,18.45,18.67,18.12,18.13,41730.0
2017-04-26,18.22,18.67,18.22,18.29,139079.0
2017-04-25,18.78,18.855,18.19,18.21,71986.0
2017-04-24,18.66,18.79,18.48,18.62,52389.0
2017-04-21,18.45,18.55,18.25,18.31,63564.0
2017-04-20,18.17,18.66,18.04,18.5,48448.0
2017-04-19,18.11,18.345,17.95,18.04,77339.0
2017-04-18,18.08,18.08,17.77,18.06,76967.0
2017-04-17,17.9,18.19,17.8,18.15,56501.0
2017-04-13,18.25,18.41,17.62,17.87,125146.0
2017-04-12,18.38,18.59,18.215,18.38,86018.0
2017-04-11,18.15,18.58,18.09,18.48,56424.0
2017-04-10,18.06,18.49,18.06,18.25,51481.0
2017-04-07,17.99,18.315,17.86,18.05,57069.0
2017-04-06,17.66,18.08,17.56,18.04,57133.0
2017-04-05,17.98,18.14,17.67,17.68,113331.0
2017-04-04,17.71,18.04,17.48,17.85,189144.0
2017-04-03,17.6,17.73,17.18,17.68,182860.0
2017-03-31,17.3,17.69,17.14,17.57,169685.0
2017-03-30,17.24,17.47,17.2,17.38,91177.0
2017-03-29,17.02,17.37,16.85,17.24,65705.0
2017-03-28,16.93,17.21,16.82,17.11,86602.0
2017-03-27,16.53,17.12,16.5,17.02,109213.0
2017-03-24,16.62,16.8,16.55,16.73,105488.0
2017-03-23,16.65,16.875,16.54,16.6,93767.0
2017-03-22,16.83,17.145,16.49,16.67,105397.0
2017-03-21,17.18,17.2,16.81,16.83,139965.0
2017-03-20,17.17,17.23,16.875,17.06,98519.0
2017-03-17,17.2,17.41,17.02,17.18,275147.0
2017-03-16,17.98,18.13,17.17,17.22,152477.0
2017-03-15,17.1,18.05,17.03,18.0,100784.0
2017-03-14,16.88,17.15,16.595,17.12,484558.0
2017-03-13,17.19,17.19,16.87,17.02,77419.0
2017-03-10,16.71,17.2,16.71,17.17,109104.0
2017-03-09,17.13,17.32,16.65,16.68,87128.0
2017-03-08,17.77,18.01,17.04,17.09,108163.0
2017-03-07,17.6,18.21,17.265,17.88,161397.0
2017-03-06,17.97,18.34,17.7,17.74,167643.0
2017-03-03,18.59,18.68,18.15,18.24,108951.0
2017-03-02,18.57,18.91,18.25,18.68,148420.0
2017-03-01,18.83,19.2699,18.58,19.12,88867.0
2017-02-28,18.63,18.82,18.47,18.67,85060.0
2017-02-27,19.07,19.15,18.64,18.81,62947.0
2017-02-24,18.98,19.24,18.7701,19.17,49543.0
2017-02-23,18.9,19.35,18.6401,19.27,51503.0
2017-02-22,18.54,19.08,18.54,19.02,52176.0
2017-02-21,18.14,18.79,18.14,18.75,80681.0
2017-02-17,18.18,18.34,18.06,18.33,84172.0
2017-02-16,18.89,18.9599,18.32,18.35,103351.0
2017-02-15,18.88,19.0,18.68,18.81,89896.0
2017-02-14,18.97,19.08,18.85,18.98,95638.0
2017-02-13,19.36,19.63,18.93,19.11,43417.0
2017-02-10,19.49,19.61,19.24,19.28,31739.0
2017-02-09,19.27,19.72,19.15,19.42,39827.0
2017-02-08,18.86,19.3,18.682,19.24,45421.0
2017-02-07,19.73,19.73,18.96,18.99,93415.0
2017-02-06,19.97,20.105,19.63,19.67,49374.0
2017-02-03,19.05,20.02,18.9,20.0,97373.0
2017-02-02,19.06,19.42,18.76,18.93,112091.0
2017-02-01,19.18,19.43,18.81,19.0,153086.0
2017-01-31,19.0,19.18,18.92,19.11,86442.0
2017-01-30,19.22,19.22,18.85,19.02,45307.0
2017-01-27,19.69,19.69,19.22,19.28,44359.0
2017-01-26,20.03,20.06,19.66,19.73,34422.0
2017-01-25,19.81,20.22,19.54,20.14,41068.0
2017-01-24,19.66,19.85,19.43,19.74,50038.0
2017-01-23,19.79,20.14,19.45,19.64,48706.0
2017-01-20,19.35,19.99,19.33,19.74,51375.0
2017-01-19,19.86,19.905,19.31,19.42,54374.0
2017-01-18,20.56,20.865,19.76,19.81,50033.0
2017-01-17,20.96,20.96,20.36,20.4,44269.0
2017-01-13,20.7,21.12,20.43,21.09,40661.0
2017-01-12,20.99,21.09,20.51,20.56,31883.0
2017-01-11,21.49,21.54,21.07,21.17,39175.0
2017-01-10,21.03,21.56,21.03,21.42,60813.0
2017-01-09,21.11,21.25,20.82,20.94,35124.0
2017-01-06,21.36,21.48,20.97,21.27,32664.0
2017-01-05,21.36,21.79,21.11,21.24,38180.0
2017-01-04,21.32,21.63,21.25,21.47,77048.0
2017-01-03,20.81,21.38,20.6,21.31,231682.0
2016-12-30,21.64,22.25,20.58,20.7,83489.0
2016-12-29,22.16,22.26,21.76,21.84,41091.0
2016-12-28,22.6,22.71,22.1,22.15,32649.0
2016-12-27,22.61,22.89,22.529,22.58,27287.0
2016-12-23,22.61,22.79,22.33,22.59,43174.0
2016-12-22,23.11,23.17,22.49,22.5,32458.0
2016-12-21,23.29,23.29,23.05,23.16,104996.0
2016-12-20,23.21,23.545,22.74,23.37,59016.0
2016-12-19,23.55,23.59,22.99,23.09,57471.0
2016-12-16,23.5,23.58,23.26,23.46,176763.0
2016-12-15,23.19,23.645,23.12,23.38,87496.0
2016-12-14,23.7,23.7,23.24,23.26,41755.0
2016-12-13,23.49,23.92,23.46,23.68,63567.0
2016-12-12,22.96,23.42,22.9,23.31,105038.0
2016-12-09,22.8,23.0,22.63,22.91,108966.0
2016-12-08,22.7,22.89,22.49,22.76,86548.0
2016-12-07,22.28,22.8,22.18,22.7,68867.0
2016-12-06,22.46,22.7,22.1,22.34,111377.0
2016-12-05,22.17,22.92,22.17,22.4,149659.0
2016-12-02,22.46,22.74,22.03,22.13,66300.0
2016-12-01,22.28,22.92,22.22,22.5,67346.0
2016-11-30,22.43,22.49,22.2,22.28,77808.0
2016-11-29,22.23,22.48,21.97,22.44,98445.0
2016-11-28,22.17,22.39,22.03,22.23,61722.0
2016-11-25,22.28,22.48,22.05,22.42,22920.0
2016-11-23,22.13,22.41,21.88,22.4,77638.0
2016-11-22,22.13,22.27,21.78,22.26,98995.0
2016-11-21,22.3,22.41,21.78,22.07,42642.0
2016-11-18,22.08,22.35,22.04,22.31,58772.0
2016-11-17,21.81,22.14,21.81,21.98,58226.0
2016-11-16,21.76,22.1899,21.65,21.87,88569.0
2016-11-15,22.54,22.5561,21.57,21.83,128598.0
2016-11-14,22.25,22.84,21.91,22.59,361813.0
2016-11-11,21.56,22.08,21.01,22.05,252049.0
2016-11-10,20.0,21.75,19.77,21.52,200065.0
2016-11-09,19.78,20.04,19.21,19.99,94663.0
2016-11-08,19.9,20.04,19.72,19.82,55217.0
2016-11-07,19.37,20.09,19.37,19.94,119906.0
2016-11-04,18.93,19.37,18.87,19.0,123935.0
2016-11-03,20.05,20.1212,18.62,19.16,142574.0
2016-11-02,20.17,20.63,20.035,20.37,47359.0
2016-11-01,20.64,20.64,20.19,20.25,58422.0
2016-10-31,20.53,20.75,20.48,20.68,37186.0
2016-10-28,21.35,21.35,20.395,20.43,55231.0
2016-10-27,21.55,21.69,21.23,21.4,40334.0
2016-10-26,21.7,21.99,21.31,21.41,36067.0
2016-10-25,21.88,22.21,21.66,21.85,54509.0
2016-10-24,21.82,22.14,21.74,21.96,36672.0
2016-10-21,21.83,21.84,21.58,21.77,40337.0
2016-10-20,21.82,22.19,21.75,22.01,33664.0
2016-10-19,21.89,22.01,21.65,21.89,35623.0
2016-10-18,21.69,22.13,21.66,21.88,103553.0
2016-10-17,21.56,21.7,21.41,21.53,54001.0
2016-10-14,21.5,21.62,21.33,21.54,63786.0
2016-10-13,21.81,21.81,21.19,21.41,110875.0
2016-10-12,21.39,22.0,21.13,21.89,229861.0
2016-10-11,21.85,22.02,21.27,21.34,81193.0
2016-10-10,21.58,22.16,21.58,21.84,97437.0
2016-10-07,21.5,21.52,20.97,21.5,52797.0
2016-10-06,21.59,22.09,21.17,21.43,45117.0
2016-10-05,21.58,21.95,21.355,21.69,57264.0
2016-10-04,21.49,21.71,21.31,21.51,127181.0
2016-10-03,21.86,21.94,21.44,21.49,84216.0
2016-09-30,21.63,22.05,21.32,21.93,104583.0
2016-09-29,21.87,22.03,21.33,21.51,78347.0
2016-09-28,21.84,22.1,21.5,21.86,70973.0
2016-09-27,21.98,22.26,21.77,21.85,71269.0
2016-09-26,21.68,22.03,21.485,21.84,105270.0
2016-09-23,22.24,22.34,21.69,21.71,105198.0
2016-09-22,22.46,22.71,21.97,22.2,176604.0
2016-09-21,21.86,22.48,21.86,22.43,68934.0
2016-09-20,21.9,22.39,21.64,21.74,81273.0
2016-09-19,22.21,22.38,21.83,21.89,45201.0
2016-09-16,22.15,22.42,21.9,22.1,141089.0
2016-09-15,21.78,22.16,21.51,22.16,133793.0
2016-09-14,22.14,22.73,21.7,21.71,89163.0
2016-09-13,22.09,22.26,21.69,22.11,137738.0
2016-09-12,22.13,22.36,21.94,22.34,105816.0
2016-09-09,23.02,23.04,22.26,22.27,131951.0
2016-09-08,22.73,23.24,22.69,23.2,110235.0
2016-09-07,22.24,22.9,22.24,22.75,125004.0
2016-09-06,22.33,22.38,22.01,22.2,76934.0
2016-09-02,22.18,22.57,22.12,22.39,62575.0
2016-09-01,21.83,22.11,21.44,22.08,98249.0
2016-08-31,22.07,22.07,21.73,21.89,74995.0
2016-08-30,21.76,22.16,21.76,22.08,108120.0
2016-08-29,21.88,22.08,21.67,21.67,103815.0
2016-08-26,22.57,22.7,21.86,21.9,74792.0
2016-08-25,22.59,23.05,22.49,22.57,101946.0
2016-08-24,22.71,22.84,22.44,22.58,107991.0
2016-08-23,22.82,23.32,22.7,22.79,79473.0
2016-08-22,22.67,22.89,22.53,22.84,98752.0
2016-08-19,22.6,22.83,22.3875,22.74,105269.0
2016-08-18,22.4,22.97,22.35,22.68,114794.0
2016-08-17,22.7,22.81,22.18,22.43,118396.0
2016-08-16,22.89,22.92,22.25,22.69,157434.0
2016-08-15,22.68,23.07,22.45,22.86,220153.0
2016-08-12,22.56,22.96,22.47,22.66,172485.0
2016-08-11,22.72,23.02,22.5,22.51,172456.0
2016-08-10,22.59,23.2,22.52,22.76,142988.0
2016-08-09,22.92,23.04,22.58,22.59,117440.0
2016-08-08,23.38,23.62,22.64,22.81,163726.0
2016-08-05,23.41,23.67,22.48,23.25,254595.0
2016-08-04,24.77,24.77,22.45,23.46,216814.0
2016-08-03,24.41,25.3,24.16,25.28,149620.0
2016-08-02,24.95,25.05,24.45,24.49,83180.0
2016-08-01,24.88,25.1,24.595,24.89,113542.0
2016-07-29,25.5,25.5,24.81,24.85,123622.0
2016-07-28,25.74,26.1,25.05,25.63,61557.0
2016-07-27,25.86,26.06,25.55,25.75,49110.0
2016-07-26,26.32,26.35,25.7,25.86,113109.0
2016-07-25,26.63,26.63,25.94,26.22,50780.0
2016-07-22,26.41,26.86,25.81,26.55,100803.0
2016-07-21,26.35,26.58,26.04,26.38,40622.0
2016-07-20,26.07,26.55,25.95,26.4,54976.0
2016-07-19,26.28,26.4,25.87,26.07,35866.0
2016-07-18,26.4,26.68,26.09,26.31,40705.0
2016-07-15,26.45,26.6499,26.19,26.42,80860.0
2016-07-14,26.64,26.74,26.25,26.28,59150.0
2016-07-13,26.42,26.55,26.1401,26.53,78621.0
2016-07-12,25.76,26.43,24.97,26.3,131076.0
2016-07-11,25.66,25.83,25.21,25.61,78435.0
2016-07-08,25.07,25.5,24.72,25.5,91820.0
2016-07-07,24.87,25.09,24.66,24.91,70550.0
2016-07-06,24.34,24.845,24.34,24.75,55529.0
2016-07-05,24.18,24.63,24.141,24.46,70328.0
2016-07-01,24.32,24.86,24.12,24.39,59220.0
2016-06-30,24.42,24.48,24.16,24.43,81050.0
2016-06-29,23.95,24.46,23.95,24.35,74122.0
2016-06-28,23.4,23.98,23.4,23.79,111492.0
2016-06-27,23.54,23.64,23.02,23.27,119787.0
2016-06-24,23.95,24.24,23.63,23.68,271481.0
2016-06-23,24.86,25.02,24.6,24.82,73344.0
2016-06-22,24.97,25.3,24.57,24.6,49923.0
2016-06-21,25.27,25.27,24.77,24.92,72476.0
2016-06-20,25.18,25.77,25.15,25.21,90778.0
2016-06-17,24.78,25.12,24.61,24.97,244045.0
2016-06-16,24.44,24.78,24.12,24.72,133281.0
2016-06-15,24.71,25.09,24.5,24.71,164570.0
2016-06-14,24.36,24.74,24.28,24.69,120608.0
2016-06-13,24.39,24.84,24.39,24.49,89617.0
2016-06-10,24.65,24.72,24.2,24.56,95990.0
2016-06-09,24.52,24.86,24.37,24.78,71482.0
2016-06-08,24.39,24.79,24.27,24.67,110522.0
2016-06-07,24.26,24.78,24.0,24.34,113454.0
2016-06-06,24.31,24.79,24.2979,24.6,102464.0
2016-06-03,24.49,24.49,23.94,24.34,79852.0
2016-06-02,24.161,24.45,24.01,24.44,99527.0
2016-06-01,23.03,24.3,23.03,24.12,190176.0
2016-05-31,23.68,23.68,22.65,22.98,202132.0
2016-05-27,23.19,23.76,23.07,23.69,138961.0
2016-05-26,22.8,23.3,22.12,23.26,87398.0
2016-05-25,22.64,22.92,22.5,22.84,112626.0
2016-05-24,22.32,22.81,22.32,22.65,93270.0
2016-05-23,21.99,22.36,21.82,22.25,94749.0
2016-05-20,21.85,22.24,21.67,22.01,95372.0
2016-05-19,21.76,22.34,21.64,21.83,100523.0
2016-05-18,21.67,22.01,21.65,21.95,71724.0
2016-05-17,22.12,22.18,21.62,21.73,121158.0
2016-05-16,21.96,22.42,21.9,22.09,92803.0
2016-05-13,21.5,22.09,21.5,21.99,106212.0
2016-05-12,22.5,22.5,21.42,21.6,120308.0
2016-05-11,23.14,23.34,22.2,22.38,180116.0
2016-05-10,21.97,23.55,21.71,23.23,264147.0
2016-05-09,22.13,22.52,21.71,21.8,169248.0
2016-05-06,22.6,22.76,21.81,22.25,288919.0
2016-05-05,24.21,24.21,21.53,22.84,466098.0
2016-05-04,26.36,26.49,25.87,26.04,149775.0
2016-05-03,26.43,26.77,26.17,26.42,102948.0
2016-05-02,26.13,26.74,26.03,26.54,131100.0
2016-04-29,26.73,27.08,25.5,26.04,370358.0
2016-04-28,26.92,27.7,26.92,27.47,103318.0
2016-04-27,27.46,27.49,26.73,27.12,141988.0
2016-04-26,26.49,27.52,26.49,27.5,92033.0
2016-04-25,26.53,26.775,26.31,26.58,138663.0
2016-04-22,26.28,26.61,26.26,26.48,38871.0
2016-04-21,26.47,26.78,26.22,26.34,84406.0
2016-04-20,25.92,26.83,25.92,26.6,110132.0
2016-04-19,25.58,25.95,25.49,25.8,113709.0
2016-04-18,25.0,25.65,25.0,25.49,71999.0
2016-04-15,25.17,25.31,24.98,25.19,90049.0
2016-04-14,25.46,25.615,24.98,25.14,79806.0
2016-04-13,24.96,25.53,24.91,25.4,159257.0
2016-04-12,24.21,24.84,24.21,24.76,163897.0
2016-04-11,25.9,25.97,24.12,24.17,114703.0
2016-04-08,25.63,26.0,25.5,25.74,177589.0
2016-04-07,25.23,25.51,24.97,25.5,177646.0
2016-04-06,25.05,25.44,24.94,25.34,109038.0
2016-04-05,25.2,25.385,25.07,25.13,125316.0
2016-04-04,25.36,25.54,25.01,25.36,110968.0
2016-04-01,24.69,25.45,24.52,25.44,185614.0
2016-03-31,25.62,25.77,24.8,24.86,121584.0
2016-03-30,25.4,25.73,25.15,25.6,101263.0
2016-03-29,24.32,25.52,24.32,25.33,146788.0
2016-03-28,24.77,24.77,24.12,24.3,200700.0
2016-03-24,24.48,24.8,24.32,24.7,109385.0
2016-03-23,24.61,24.77,24.02,24.5,178802.0
2016-03-22,24.52,25.06,24.44,24.78,116099.0
2016-03-21,24.61,25.0,24.41,24.6,99053.0
2016-03-18,24.9,25.59,24.62,24.74,217114.0
2016-03-17,25.92,25.92,23.98,24.75,156160.0
2016-03-16,25.89,26.4914,25.7,25.99,146643.0
2016-03-15,26.39,26.39,25.78,26.02,88014.0
2016-03-14,25.97,26.5,25.93,26.41,133128.0
2016-03-11,26.0,26.18,25.65,25.98,306545.0
2016-03-10,25.98,26.25,25.51,25.92,140224.0
2016-03-09,25.66,26.0,25.42,25.75,127607.0
2016-03-08,25.63,26.14,25.41,25.55,172285.0
2016-03-07,25.82,26.37,25.5,25.74,130880.0
2016-03-04,25.47,26.15,25.21,25.81,136178.0
2016-03-03,25.57,26.08,25.47,25.51,181569.0
2016-03-02,26.64,26.97,25.23,25.51,227893.0
2016-03-01,26.59,26.88,26.1,26.83,186175.0
2016-02-29,26.2,27.225,25.62,26.22,277460.0
2016-02-26,26.44,26.96,25.75,25.98,157300.0
2016-02-25,26.08,26.7,25.775,26.26,166998.0
2016-02-24,25.27,26.51,25.2,26.45,219659.0
2016-02-23,25.98,26.4,25.465,25.79,230759.0
2016-02-22,25.6,26.85,25.6,25.93,257368.0
2016-02-19,26.05,26.24,25.28,25.32,218616.0
2016-02-18,23.53,27.14,22.64,26.0,601036.0
2016-02-17,21.41,21.59,21.05,21.39,113310.0
2016-02-16,20.11,21.36,20.11,21.28,109818.0
2016-02-12,20.45,20.52,19.6,19.99,119459.0
2016-02-11,20.32,20.76,20.23,20.35,58658.0
2016-02-10,21.05,21.335,20.54,20.72,137860.0
2016-02-09,19.99,21.0,19.95,20.78,95837.0
2016-02-08,20.59,20.59,19.74,20.21,129209.0
2016-02-05,21.96,22.02,20.8,20.95,147511.0
2016-02-04,21.6,22.28,21.465,22.07,129472.0
2016-02-03,21.6,21.85,20.73,21.72,124253.0
2016-02-02,21.47,22.34,21.335,21.5,119936.0
2016-02-01,22.25,22.41,21.45,21.61,107220.0
2016-01-29,20.66,22.38,20.66,22.29,209269.0
2016-01-28,21.24,21.31,20.4,20.63,79271.0
2016-01-27,22.06,22.06,21.03,21.1,87029.0
2016-01-26,21.96,22.24,21.68,21.99,46206.0
2016-01-25,22.37,22.61,21.82,21.91,105481.0
2016-01-22,21.86,22.53,21.62,22.36,130627.0
2016-01-21,22.23,22.4,21.19,21.47,177587.0
2016-01-20,21.21,22.56,20.98,22.35,158820.0
2016-01-19,21.73,21.985,20.99,21.43,118551.0
2016-01-15,21.1,21.8,20.925,21.59,122662.0
2016-01-14,21.49,22.24,21.33,21.75,106059.0
2016-01-13,22.3,22.59,20.97,21.31,103126.0
2016-01-12,22.59,22.98,21.89,22.19,126933.0
2016-01-11,21.08,22.705,20.78,22.45,170604.0
2016-01-08,22.29,22.565,21.49,22.07,171869.0
2016-01-07,22.31,22.74,22.1,22.23,132205.0
2016-01-06,22.59,23.325,22.44,22.67,165884.0
2016-01-05,22.46,22.94,22.43,22.87,100863.0
2016-01-04,23.47,23.67,22.16,22.33,200777.0
2015-12-31,24.37,24.44,23.89,23.91,77618.0
2015-12-30,24.54,24.62,24.14,24.41,80506.0
2015-12-29,24.35,24.58,24.11,24.53,64433.0
2015-12-28,24.47,24.89,23.99,24.24,144058.0
2015-12-24,24.36,24.833,24.26,24.48,43861.0
2015-12-23,24.12,24.41,24.01,24.34,109056.0
2015-12-22,24.35,24.45,23.7,24.02,121819.0
2015-12-21,24.075,24.35,23.91,24.26,89749.0
2015-12-18,23.84,24.155,23.84,23.96,314763.0
2015-12-17,24.08,24.25,23.79,24.0,202421.0
2015-12-16,23.5,24.13,23.5,24.05,154320.0
2015-12-15,22.92,23.465,22.69,23.28,206872.0
2015-12-14,23.65,23.83,22.47,22.65,234750.0
2015-12-11,23.82,24.16,23.68,23.72,122232.0
2015-12-10,24.4,24.58,23.86,24.25,138034.0
2015-12-09,24.58,24.92,24.33,24.43,89101.0
2015-12-08,24.35,24.92,24.15,24.76,141293.0
2015-12-07,25.51,25.51,24.36,24.42,151752.0
2015-12-04,24.84,25.72,24.84,25.5,136476.0
2015-12-03,26.62,26.85,24.82,24.83,145783.0
2015-12-02,26.47,27.0,26.28,26.49,174171.0
2015-12-01,26.57,26.89,26.19,26.5,172537.0
2015-11-30,26.5,26.76,26.14,26.44,201933.0
2015-11-27,26.02,27.065,25.98,26.5,56182.0
2015-11-25,26.02,26.575,25.94,26.04,178902.0
2015-11-24,26.23,26.53,25.89,25.94,187613.0
2015-11-23,26.54,26.73,26.14,26.33,169235.0
2015-11-20,25.85,26.8,25.83,26.47,197520.0
2015-11-19,25.73,25.9,25.0501,25.67,146588.0
2015-11-18,25.55,26.18,25.53,25.97,155771.0
2015-11-17,25.31,26.35,24.98,25.58,191289.0
2015-11-16,24.57,25.26,24.29,25.07,197259.0
2015-11-13,24.1,24.95,23.98,24.33,92148.0
2015-11-12,24.87,25.01,24.07,24.27,99349.0
2015-11-11,25.41,25.65,24.97,25.09,71837.0
2015-11-10,25.15,26.25,24.8,25.29,261284.0
2015-11-09,25.56,26.13,24.72,25.15,279411.0
2015-11-06,25.54,26.24,25.0,25.63,272044.0
2015-11-05,22.65,26.13,22.36,25.63,370197.0
2015-11-04,21.33,21.49,20.9,21.47,117049.0
2015-11-03,21.54,21.65,21.22,21.29,141702.0
2015-11-02,20.69,21.72,20.69,21.65,113431.0
2015-10-30,20.67,20.76,20.41,20.59,85446.0
2015-10-29,20.63,21.02,20.53,20.6,55398.0
2015-10-28,20.38,20.65,20.12,20.63,129706.0
2015-10-27,19.94,20.6,19.94,20.39,142333.0
2015-10-26,19.0,20.11,18.89,20.0,145220.0
2015-10-23,18.3,19.16,18.25,19.07,85389.0
2015-10-22,19.19,19.21,17.78,18.17,152595.0
2015-10-21,19.79,19.82,18.92,19.19,70459.0
2015-10-20,20.0,20.03,19.78,19.79,55386.0
2015-10-19,19.77,20.12,19.735,19.97,55171.0
2015-10-16,20.18,20.41,19.64,19.93,68503.0
2015-10-15,20.0,20.1,19.47,20.07,91406.0
2015-10-14,20.32,20.4,19.69,19.9,92138.0
2015-10-13,20.1,20.83,20.1,20.25,76521.0
2015-10-12,19.82,20.2,19.715,20.09,64559.0
2015-10-09,19.44,19.91,19.41,19.81,62146.0
2015-10-08,19.82,19.87,19.25,19.36,92493.0
2015-10-07,19.11,20.05,18.93,19.84,133726.0
2015-10-06,19.37,19.56,18.98,18.99,111085.0
2015-10-05,19.31,19.6,19.14,19.45,109977.0
2015-10-02,18.68,19.22,18.51,19.22,111267.0
2015-10-01,17.78,18.98,17.62,18.86,162100.0
2015-09-30,18.01,18.27,17.58,17.81,228002.0
2015-09-29,17.7,18.15,17.34,17.83,284809.0
2015-09-28,18.73,18.73,17.45,17.69,219421.0
2015-09-25,19.92,19.92,18.72,18.78,242775.0
2015-09-24,19.77,19.88,19.59,19.74,89824.0
2015-09-23,19.62,20.05,19.58,19.86,110076.0
2015-09-22,19.86,20.13,19.43,19.53,92504.0
2015-09-21,20.86,20.86,19.96,20.05,84468.0
2015-09-18,21.05,21.245,20.48,20.71,175916.0
2015-09-17,21.08,21.58,21.08,21.28,113621.0
2015-09-16,21.39,21.57,20.9,21.06,122801.0
2015-09-15,21.05,21.44,21.05,21.35,104976.0
2015-09-14,21.01,21.16,20.94,21.0,107746.0
2015-09-11,21.0,21.19,20.92,21.0,85636.0
2015-09-10,21.14,21.405,21.11,21.19,106902.0
2015-09-09,21.31,21.41,20.99,21.19,241388.0
2015-09-08,21.52,21.54,20.858,21.14,431097.0
2015-09-04,21.23,21.5,21.18,21.28,117165.0
2015-09-03,21.92,22.12,21.47,21.5,99790.0
2015-09-02,21.04,22.4599,21.04,21.86,243794.0
2015-09-01,20.66,21.15,20.63,20.77,170005.0
2015-08-31,21.29,21.64,20.95,21.04,75647.0
2015-08-28,21.9,21.99,21.07,21.37,118695.0
2015-08-27,22.45,22.5,21.7,21.96,117321.0
2015-08-26,21.84,22.35,21.57,22.25,100704.0
2015-08-25,22.26,22.26,21.39,21.41,177010.0
2015-08-24,21.63,22.48,21.35,21.72,173813.0
2015-08-21,22.63,23.17,22.23,22.77,203960.0
2015-08-20,23.59,23.68,22.88,22.99,133335.0
2015-08-19,23.7,23.99,23.38,23.74,90430.0
2015-08-18,24.13,24.21,23.67,23.9,246136.0
2015-08-17,24.11,24.19,23.82,24.11,104730.0
2015-08-14,23.95,24.2,23.63,24.11,142257.0
2015-08-13,24.09,24.59,23.89,24.08,117044.0
2015-08-12,23.99,24.31,23.66,24.14,150134.0
2015-08-11,23.75,24.405,23.55,24.09,262971.0
2015-08-10,24.0,24.24,23.52,23.85,570232.0
2015-08-07,23.28,24.02,23.07,23.84,364621.0
2015-08-06,21.89,24.91,21.89,23.43,321847.0
2015-08-05,21.57,21.82,21.13,21.56,139639.0
2015-08-04,21.69,21.98,21.33,21.54,104568.0
2015-08-03,21.6,22.05,21.45,21.69,123497.0
2015-07-31,21.15,21.6,21.15,21.58,102400.0
2015-07-30,20.9,21.16,20.61,21.12,81971.0
2015-07-29,20.54,20.97,20.44,20.9,95145.0
2015-07-28,20.97,20.97,20.42,20.63,70954.0
2015-07-27,20.9,21.19,20.58,20.88,74877.0
2015-07-24,21.62,21.68,21.055,21.09,189419.0
2015-07-23,21.83,21.96,21.32,21.69,134143.0
2015-07-22,21.47,21.86,21.42,21.78,146814.0
2015-07-21,21.74,21.9,21.05,21.48,82970.0
2015-07-20,21.92,22.006,21.4125,21.74,109810.0
2015-07-17,21.64,21.94,21.56,21.94,85582.0
2015-07-16,21.89,21.92,21.491,21.67,82338.0
2015-07-15,22.09,22.296,21.69,21.8,123477.0
2015-07-14,21.74,22.18,21.69,22.09,125836.0
2015-07-13,22.1,22.47,21.45,21.66,179386.0
2015-07-10,21.5,22.15,21.27,22.11,213801.0
2015-07-09,21.97,22.32,21.21,21.23,216971.0
2015-07-08,21.35,22.08,21.35,21.78,256852.0
2015-07-07,21.45,21.72,20.77,21.61,283831.0
2015-07-06,19.97,21.445,19.811,21.33,465629.0
2015-07-02,24.05,24.27,19.91,20.23,656346.0
2015-07-01,25.89,25.89,24.51,24.63,197252.0
2015-06-30,25.65,25.9,25.29,25.66,237258.0
2015-06-29,25.83,25.9,25.425,25.52,214450.0
2015-06-26,26.54,26.92,25.725,25.96,258771.0
2015-06-25,25.49,26.64,25.49,26.4,349850.0
2015-06-24,25.74,25.742,25.195,25.5,160071.0
2015-06-23,25.79,25.79,25.27,25.72,194468.0
2015-06-22,25.26,26.0,24.76,25.67,233766.0
2015-06-19,24.73,25.26,24.7,25.0,265004.0
2015-06-18,24.35,24.75,24.03,24.67,100776.0
2015-06-17,24.43,24.51,24.21,24.25,65300.0
2015-06-16,24.42,24.56,24.15,24.3,165947.0
2015-06-15,24.36,24.71,24.13,24.4,213702.0
2015-06-12,24.39,24.66,24.19,24.45,144041.0
2015-06-11,24.28,24.6,24.15,24.4,119999.0
2015-06-10,24.23,24.515,24.2,24.27,88676.0
2015-06-09,24.01,24.37,23.93,24.09,68214.0
2015-06-08,24.37,24.45,24.01,24.1,55110.0
2015-06-05,23.99,24.46,23.83,24.4,80636.0
2015-06-04,24.0,24.16,23.78,24.05,64466.0
2015-06-03,24.1,24.22,23.82,24.17,75149.0
2015-06-02,23.82,24.5,23.82,24.03,74921.0
2015-06-01,24.34,24.44,23.94,23.96,176638.0
2015-05-29,23.75,24.16,23.32,24.0,135962.0
2015-05-28,23.44,23.83,23.2155,23.75,170195.0
2015-05-27,23.43,23.51,23.21,23.44,101579.0
2015-05-26,23.4,23.61,23.27,23.39,171509.0
2015-05-22,23.55,23.75,23.16,23.5,90539.0
2015-05-21,23.63,23.64,23.32,23.56,135090.0
2015-05-20,23.6,23.79,23.4,23.57,173855.0
2015-05-19,23.68,23.7545,23.41,23.54,112102.0
2015-05-18,23.48,23.8,23.335,23.68,141573.0
2015-05-15,23.68,23.74,23.36,23.48,129068.0
2015-05-14,23.55,23.75,23.28,23.7,71028.0
2015-05-13,23.18,23.85,23.015,23.47,238371.0
2015-05-12,22.8,23.5,22.75,23.18,294549.0
2015-05-11,22.48,23.12,22.24,22.94,313320.0
2015-05-08,20.45,22.75,20.45,22.41,324912.0
2015-05-07,19.38,20.27,18.91,20.26,377457.0
2015-05-06,19.21,19.36,18.95,19.2,201675.0
2015-05-05,19.15,19.26,19.0,19.11,136431.0
2015-05-04,19.14,19.51,19.14,19.25,115536.0
2015-05-01,18.74,19.19,18.4,19.17,216838.0
2015-04-30,18.89,19.24,18.65,18.72,222015.0
2015-04-29,19.68,19.68,18.97,19.07,114345.0
2015-04-28,19.21,19.76,19.04,19.68,60017.0
2015-04-27,19.44,19.662,18.983,19.16,106961.0
2015-04-24,19.38,19.56,19.25,19.51,24862.0
2015-04-23,19.28,19.46,19.096,19.4,86252.0
2015-04-22,19.35,19.38,18.99,19.36,127014.0
2015-04-21,19.64,19.64,19.312,19.37,43976.0
2015-04-20,19.22,19.71,19.15,19.55,80242.0
2015-04-17,19.82,19.88,18.93,19.15,129304.0
2015-04-16,19.97,20.22,19.93,19.95,77054.0
2015-04-15,20.1,20.12,19.97,20.05,104272.0
2015-04-14,19.97,20.22,19.86,20.07,152183.0
2015-04-13,19.97,20.115,19.75,19.98,88455.0
2015-04-10,19.8,20.0597,19.56,19.92,107117.0
2015-04-09,19.67,19.92,19.35,19.69,126384.0
2015-04-08,19.62,20.0,19.61,19.7,86868.0
2015-04-07,19.82,19.98,19.59,19.63,80302.0
2015-04-06,19.7,20.0499,19.58,19.84,114722.0
2015-04-02,20.58,20.58,19.85,19.88,145398.0
2015-04-01,19.88,20.62,19.85,20.56,182540.0
2015-03-31,19.97,20.18,19.74,19.88,104809.0
2015-03-30,20.07,20.27,19.87,20.07,105309.0
2015-03-27,19.9,20.15,19.83,19.89,227234.0
2015-03-26,20.1,20.155,19.85,19.92,159206.0
2015-03-25,20.66,20.67,20.06,20.11,159240.0
2015-03-24,20.77,20.87,20.57,20.67,97356.0
2015-03-23,21.03,21.18,20.72,20.83,96837.0
2015-03-20,21.04,21.2,20.87,21.05,151565.0
2015-03-19,20.62,21.0,20.5101,20.98,65765.0
2015-03-18,20.66,20.75,20.17,20.68,116437.0
2015-03-17,20.38,20.84,20.03,20.74,139913.0
2015-03-16,20.36,20.91,20.24,20.41,115126.0
2015-03-13,20.57,20.72,19.92,20.34,99727.0
2015-03-12,19.45,20.6,19.45,20.55,245744.0
2015-03-11,19.9,19.9999,19.25,19.31,113058.0
2015-03-10,19.67,20.01,19.25,19.9,205036.0
2015-03-09,19.75,20.076,19.59,19.78,202841.0
2015-03-06,18.86,20.09,18.86,19.83,273062.0
2015-03-05,19.33,19.39,18.86,19.04,157194.0
2015-03-04,18.71,19.32,18.71,19.28,185428.0
2015-03-03,18.7,18.94,18.41,18.8,180848.0
2015-03-02,18.79,19.125,18.49,18.78,173270.0
2015-02-27,18.81,19.22,18.47,18.85,202034.0
2015-02-26,18.4,18.98,18.36,18.88,115912.0
2015-02-25,18.43,18.65,18.23,18.38,280428.0
2015-02-24,18.63,19.31,18.49,18.52,311110.0
2015-02-23,18.39,18.93,18.141,18.67,449912.0
2015-02-20,20.74,20.91,18.3601,18.44,649821.0
2015-02-19,21.1,23.01,19.84,20.87,640542.0
2015-02-18,24.19,24.52,24.02,24.12,159259.0
2015-02-17,24.0,24.49,23.91,24.16,140890.0
2015-02-13,24.08,24.19,23.85,24.03,112051.0
2015-02-12,24.68,24.68,23.9151,24.04,71835.0
2015-02-11,23.15,24.69,23.0,24.49,213561.0
2015-02-10,23.56,23.73,23.235,23.3,287225.0
2015-02-09,23.91,24.07,23.46,23.49,115125.0
2015-02-06,24.03,24.14,23.84,23.87,147502.0
2015-02-05,24.05,24.31,23.92,23.99,178732.0
2015-02-04,24.42,24.57,23.88,23.94,228854.0
2015-02-03,24.27,24.66,24.27,24.52,61749.0
2015-02-02,24.08,24.26,23.72,24.11,69291.0
2015-01-30,24.69,24.976,24.05,24.08,72311.0
2015-01-29,24.79,24.94,24.5,24.92,138994.0
2015-01-28,25.24,25.4899,24.63,24.72,130076.0
2015-01-27,24.55,25.45,24.5,25.01,138786.0
2015-01-26,24.08,24.91,23.95,24.71,178223.0
2015-01-23,23.69,24.09,23.69,24.01,220335.0
2015-01-22,23.48,23.7,23.36,23.68,206390.0
2015-01-21,23.41,23.62,23.34,23.43,128186.0
2015-01-20,23.65,23.92,23.31,23.51,195603.0
2015-01-16,23.2,23.61,23.2,23.55,222509.0
2015-01-15,23.59,23.6,23.17,23.33,172272.0
2015-01-14,23.21,23.6125,23.16,23.49,204568.0
2015-01-13,23.54,23.81,23.27,23.42,193756.0
2015-01-12,23.6,23.74,23.31,23.44,241108.0
2015-01-09,23.45,23.81,23.45,23.56,112508.0
2015-01-08,23.45,23.86,23.4,23.51,99280.0
2015-01-07,23.05,23.45,23.02,23.38,74737.0
2015-01-06,23.48,23.82,22.89,22.97,121292.0
2015-01-05,23.54,23.935,23.33,23.52,89095.0
2015-01-02,23.9,24.47,23.44,23.69,86694.0
2014-12-31,24.17,24.6,23.9,23.91,49848.0
2014-12-30,24.08,24.36,24.05,24.17,66178.0
2014-12-29,24.39,24.59,24.06,24.23,79146.0
2014-12-26,24.24,24.55,24.24,24.36,33467.0
2014-12-24,24.19,24.38,24.14,24.24,58591.0
2014-12-23,24.59,24.68,24.14,24.23,79138.0
2014-12-22,24.16,24.69,24.16,24.59,95028.0
2014-12-19,24.7,25.09,24.11,24.25,230982.0
2014-12-18,24.6,24.9,24.34,24.87,266928.0
2014-12-17,24.08,24.44,24.025,24.24,161884.0
2014-12-16,23.96,24.51,23.885,23.91,131572.0
2014-12-15,24.79,24.876,24.05,24.23,91404.0
2014-12-12,24.44,24.96,24.44,24.63,54345.0
2014-12-11,24.54,25.16,24.32,24.72,172452.0
2014-12-10,24.98,25.09,24.28,24.36,79509.0
2014-12-09,23.91,24.97,23.91,24.96,93812.0
2014-12-08,23.97,24.32,23.96,24.06,186224.0
2014-12-05,23.93,24.49,23.87,24.0,104571.0
2014-12-04,24.1,24.22,23.87,23.94,77943.0
2014-12-03,23.82,24.3,23.82,24.11,54867.0
2014-12-02,24.01,24.2,23.64,23.75,94287.0
2014-12-01,23.13,24.11,22.97,23.94,119922.0
2014-11-28,23.48,24.25,22.9,23.12,70348.0
2014-11-26,23.46,23.48,23.14,23.4,58575.0
2014-11-25,23.46,23.52,23.24,23.39,63878.0
2014-11-24,23.0,23.543,22.8801,23.46,74105.0
2014-11-21,23.65,23.65,22.97,23.02,63157.0
2014-11-20,22.99,23.55,22.99,23.36,60669.0
2014-11-19,23.47,23.47,22.955,23.03,61891.0
2014-11-18,23.54,23.93,23.45,23.47,58662.0
2014-11-17,22.94,23.8,22.83,23.52,103486.0
2014-11-14,23.13,23.25,22.99,23.02,61611.0
2014-11-13,23.36,23.48,23.06,23.18,86366.0
2014-11-12,23.04,23.421,22.8001,23.37,134580.0
2014-11-11,22.88,23.2441,22.78,23.07,115503.0
2014-11-10,22.6,23.12,22.52,22.88,142199.0
2014-11-07,23.02,23.1775,22.41,22.69,117682.0
2014-11-06,22.79,23.22,22.551,23.17,136891.0
2014-11-05,22.61,22.99,21.86,22.67,131361.0
2014-11-04,22.44,23.96,22.44,23.07,171028.0
2014-11-03,22.14,22.44,22.08,22.44,126615.0
2014-10-31,22.0,22.24,21.8,22.14,134647.0
2014-10-30,23.36,23.48,23.06,23.18,143212.0
2014-10-29,21.64,21.918,21.22,21.4,78434.0
2014-10-28,21.24,21.6544,21.06,21.6,127215.0
2014-10-27,20.78,21.28,20.78,21.22,90037.0
2014-10-24,20.85,21.005,20.56,20.77,87958.0
2014-10-23,20.86,21.14,20.68,20.78,63486.0
2014-10-22,21.0,21.04,20.6,20.66,97059.0
2014-10-21,20.1,21.14,20.08,20.91,184829.0
2014-10-20,19.59,20.1,19.4905,20.05,97269.0
2014-10-17,19.88,20.07,19.7,19.71,123457.0
2014-10-16,18.24,19.86,17.888,19.6,178051.0
2014-10-15,18.25,18.55,18.03,18.52,139373.0
2014-10-14,18.87,19.16,18.34,18.46,127555.0
2014-10-13,18.44,18.97,18.3605,18.76,136860.0
2014-10-10,18.75,19.09,18.46,18.47,141803.0
2014-10-09,19.48,19.52,18.85,18.9,79457.0
2014-10-08,19.11,19.51,19.04,19.48,109017.0
2014-10-07,19.3,19.7,19.06,19.11,85096.0
2014-10-06,20.07,20.09,19.46,19.51,117236.0
2014-10-03,19.93,20.155,19.88,19.92,110413.0
2014-10-02,19.7,19.83,19.4,19.7,66890.0
2014-10-01,19.9,19.9599,19.32,19.65,169551.0
2014-09-30,20.07,20.22,19.82,19.9,170089.0
2014-09-29,19.59,20.05,19.55,19.98,149198.0
2014-09-26,19.34,19.74,19.3,19.68,102402.0
2014-09-25,19.39,19.47,19.09,19.33,78374.0
2014-09-24,19.28,19.55,19.14,19.46,50212.0
2014-09-23,19.02,19.5,18.86,19.21,130201.0
2014-09-22,19.02,19.21,18.78,19.04,78370.0
2014-09-19,19.44,19.48,19.1,19.12,107000.0
2014-09-18,18.75,19.99,18.75,19.49,145700.0
2014-09-17,18.38,18.65,18.38,18.6,69400.0
2014-09-16,18.28,18.445,18.25,18.35,33300.0
2014-09-15,18.49,18.53,18.18,18.3,65900.0
2014-09-12,19.05,19.05,18.27,18.52,53700.0
2014-09-11,18.94,19.19,18.82,18.99,52800.0
2014-09-10,18.86,19.06,18.66,19.0,62200.0
2014-09-09,18.92,18.96,18.841,18.9,44000.0
2014-09-08,18.93,19.08,18.78,19.02,35600.0
2014-09-05,18.91,19.2,18.88,18.98,41400.0
2014-09-04,19.21,19.26,18.94,18.99,58800.0
2014-09-03,19.25,19.34,19.06,19.12,50600.0
2014-09-02,19.24,19.25,18.89,19.2,65500.0
2014-08-29,18.94,19.19,18.8484,19.14,52700.0
2014-08-28,18.89,19.07,18.79,18.96,43800.0
2014-08-27,18.84,19.06,18.73,18.91,22800.0
2014-08-26,18.68,18.91,18.6,18.87,54600.0
2014-08-25,18.64,18.81,18.53,18.64,37300.0
2014-08-22,18.66,18.74,18.42,18.57,38100.0
2014-08-21,18.64,18.71,18.42,18.65,53800.0
2014-08-20,18.87,18.87,18.53,18.68,64800.0
2014-08-19,19.03,19.08,18.83,18.89,43300.0
2014-08-18,18.63,19.0,18.47,18.96,58900.0
2014-08-15,18.78,18.78,18.42,18.47,69100.0
2014-08-14,18.41,18.66,18.3,18.63,32100.0
2014-08-13,18.11,18.65,18.05,18.43,78500.0
2014-08-12,18.28,18.54,18.0,18.11,61500.0
2014-08-11,18.11,18.39,18.04,18.34,95600.0
2014-08-08,17.77,18.16,17.58,18.02,85600.0
2014-08-07,18.58,18.595,17.68,17.81,82000.0
2014-08-06,18.06,18.73,17.97,18.55,84200.0
2014-08-05,17.8,18.4,17.3,18.16,203400.0
2014-08-04,17.22,17.34,17.02,17.27,92000.0
2014-08-01,17.3,17.48,17.09,17.24,68800.0
2014-07-31,17.52,17.606,17.12,17.28,77400.0
2014-07-30,18.12,18.12,17.66,17.7,56400.0
2014-07-29,18.09,18.165,17.87,17.99,96400.0
2014-07-28,17.46,18.19,17.43,18.08,146400.0
2014-07-25,17.63,17.78,17.32,17.44,117000.0
2014-07-24,17.95,18.114,17.74,17.77,60100.0
2014-07-23,17.78,18.01,17.6258,17.97,77500.0
2014-07-22,17.83,17.97,17.73,17.8,71100.0
2014-07-21,17.97,18.032,17.75,17.81,47500.0
2014-07-18,17.75,18.09,17.75,18.02,72900.0
2014-07-17,17.52,18.45,17.52,17.79,413900.0
2014-07-16,17.76,17.82,17.56,17.64,74800.0
2014-07-15,17.68,17.8,17.56,17.65,84200.0
2014-07-14,17.4,17.78,17.36,17.71,107900.0
2014-07-11,17.25,17.38,17.12,17.27,76500.0
2014-07-10,17.35,17.51,17.23,17.27,115500.0
2014-07-09,17.7,17.845,17.505,17.57,85000.0
2014-07-08,17.99,17.99,17.65,17.69,89200.0
2014-07-07,18.2,18.23,17.82,18.03,84400.0
2014-07-03,18.26,18.4275,17.99,18.17,104000.0
2014-07-02,18.15,18.49,18.13,18.21,154900.0
2014-07-01,17.91,18.41,17.91,18.17,227300.0
2014-06-30,17.93,18.23,17.84,17.93,175000.0
2014-06-27,17.68,18.29,17.68,18.0,547900.0
2014-06-26,17.76,17.86,17.58,17.8,57000.0
2014-06-25,17.59,17.8,17.3909,17.8,86000.0
2014-06-24,17.87,18.21,17.6,17.69,200200.0
2014-06-23,17.75,17.98,17.71,17.84,210700.0
2014-06-20,17.58,17.83,17.48,17.75,210800.0
2014-06-19,17.7,17.76,17.55,17.63,110700.0
2014-06-18,17.58,17.7,17.42,17.67,46300.0
2014-06-17,17.49,17.919,17.37,17.59,122600.0
2014-06-16,17.5,17.62,17.32,17.49,48600.0
2014-06-13,17.6,17.6,17.3339,17.46,43200.0
2014-06-12,17.52,17.58,17.29,17.52,72100.0
2014-06-11,17.68,17.72,17.5,17.58,57100.0
2014-06-10,17.75,17.84,17.52,17.71,77400.0
2014-06-09,17.6,17.9,17.59,17.79,156100.0
2014-06-06,17.55,17.8,17.455,17.68,127300.0
2014-06-05,17.42,17.79,17.35,17.5,167400.0
2014-06-04,17.45,17.56,17.3,17.43,248400.0
2014-06-03,17.39,17.58,17.31,17.48,106400.0
2014-06-02,17.75,17.75,17.36,17.5,73500.0
2014-05-30,17.7,17.77,17.57,17.68,67900.0
2014-05-29,17.44,17.73,17.42,17.67,87700.0
2014-05-28,17.67,17.74,17.42,17.46,85300.0
2014-05-27,17.59,17.868,17.53,17.67,101400.0
2014-05-23,17.5,17.61,17.47,17.49,62200.0
2014-05-22,17.49,17.52,17.36,17.5,49400.0
2014-05-21,17.43,17.59,17.37,17.51,85700.0
2014-05-20,17.43,17.48,17.21,17.41,111400.0
2014-05-19,17.26,17.6,17.25,17.47,115700.0
2014-05-16,17.19,17.27,17.02,17.27,92800.0
2014-05-15,16.99,17.307,16.87,17.24,78700.0
2014-05-14,17.43,17.43,17.0,17.09,107200.0
2014-05-13,17.24,17.5,17.124,17.38,155600.0
2014-05-12,16.9,17.39,16.86,17.27,171400.0
2014-05-09,16.37,16.94,16.37,16.88,133500.0
2014-05-08,16.49,16.94,16.39,16.46,143900.0
2014-05-07,16.47,16.655,16.25,16.45,162800.0
2014-05-06,16.5,16.7,16.19,16.46,235400.0
2014-05-05,15.6,16.08,15.49,15.89,182100.0
2014-05-02,15.54,15.91,15.49,15.73,91400.0
2014-05-01,14.92,15.77,14.92,15.57,153100.0
2014-04-30,15.29,15.3,14.7,14.98,287400.0
2014-04-29,16.02,16.02,15.31,15.32,231400.0
2014-04-28,16.46,16.55,15.8,15.9,180600.0
2014-04-25,16.37,16.5,16.21,16.4,48300.0
2014-04-24,16.47,16.59,16.36,16.49,69800.0
2014-04-23,16.29,16.49,16.205,16.42,195100.0
2014-04-22,15.92,16.37,15.92,16.34,40300.0
2014-04-21,16.12,16.16,15.8,15.94,60300.0
2014-04-17,16.06,16.36,16.0,16.05,88100.0
2014-04-16,16.29,16.33,15.97,16.1,66300.0
2014-04-15,15.98,16.39,15.82,16.23,91400.0
2014-04-14,16.05,16.11,15.78,15.91,84500.0
2014-04-11,15.89,16.242,15.75,15.88,83100.0
2014-04-10,16.22,16.392,15.91,15.98,82400.0
2014-04-09,16.36,16.488,16.01,16.23,54100.0
2014-04-08,16.4,16.58,16.25,16.34,48600.0
2014-04-07,16.45,16.79,16.27,16.39,48000.0
2014-04-04,16.92,17.0,16.43,16.48,79100.0
2014-04-03,16.74,16.902,16.53,16.8,63100.0
2014-04-02,16.904,16.95,16.59,16.77,60100.0
2014-04-01,16.17,16.74,16.17,16.64,84900.0
2014-03-31,15.73,16.2225,15.55,16.14,171800.0
2014-03-28,16.03,16.32,15.5888,15.71,80000.0
2014-03-27,16.34,16.64,15.92,16.05,71000.0
2014-03-26,16.72,16.846,16.27,16.29,131500.0
2014-03-25,16.87,16.91,16.59,16.61,38600.0
2014-03-24,17.05,17.05,16.68,16.74,79600.0
2014-03-21,17.1,17.26,17.0,17.05,148000.0
2014-03-20,17.0,17.285,16.99,17.1,63500.0
2014-03-19,17.25,17.326,16.94,17.02,60700.0
2014-03-18,16.88,17.3499,16.875,17.31,63400.0
2014-03-17,16.72,17.01,16.71,16.83,99200.0
2014-03-14,16.5,16.73,16.5,16.7,76100.0
2014-03-13,16.92,17.09,16.52,16.56,108400.0
2014-03-12,16.74,16.98,16.71,16.92,68700.0
2014-03-11,17.18,17.18,16.63,16.84,83600.0
2014-03-10,16.95,17.29,16.91,17.11,148600.0
2014-03-07,17.0,17.1,16.93,16.97,119600.0
2014-03-06,16.91,17.04,16.83,16.99,66500.0
2014-03-05,16.87,17.0,16.658,16.88,63000.0
2014-03-04,17.09,17.38,16.88,16.93,142800.0
2014-03-03,16.68,17.01,16.5418,16.97,110400.0
2014-02-28,16.46,16.89,16.46,16.75,91400.0
2014-02-27,16.43,16.546,16.2804,16.46,43100.0
2014-02-26,16.3,16.54,16.09,16.44,65700.0
2014-02-25,16.55,16.694,16.21,16.31,86000.0
2014-02-24,16.36,16.665,16.27,16.57,125000.0
2014-02-21,16.11,16.41,16.04,16.39,192900.0
2014-02-20,16.01,16.13,15.77,16.09,55700.0
2014-02-19,16.11,16.194,16.0,16.01,159000.0
2014-02-18,15.63,16.38,15.63,16.21,226400.0
2014-02-14,15.45,15.64,15.25,15.54,180500.0
2014-02-13,15.02,15.77,15.02,15.53,307000.0
2014-02-12,16.09,16.09,15.12,15.15,302600.0
2014-02-11,17.02,17.22,15.39,16.09,493700.0
2014-02-10,17.46,17.48,17.19,17.27,98800.0
2014-02-07,17.31,17.52,17.18,17.48,103100.0
2014-02-06,17.5,17.54,17.18,17.3,59300.0
2014-02-05,17.44,17.74,17.35,17.45,74700.0
2014-02-04,17.49,17.62,17.15,17.56,112300.0
2014-02-03,17.8,17.9105,17.35,17.47,110300.0
2014-01-31,18.03,18.23,17.8,17.84,90200.0
2014-01-30,18.08,18.35,17.98,18.31,79100.0
2014-01-29,18.07,18.105,17.85,17.98,87400.0
2014-01-28,18.39,18.43,18.0636,18.2,78800.0
2014-01-27,18.75,18.75,18.32,18.43,80700.0
2014-01-24,18.9,18.985,18.45,18.75,100900.0
2014-01-23,19.21,19.42,18.9,19.04,58400.0
2014-01-22,19.44,19.5,19.23,19.3,42300.0
2014-01-21,19.49,19.61,19.33,19.47,54800.0
2014-01-17,19.53,19.686,19.331,19.43,42000.0
2014-01-16,19.85,19.94,19.48,19.57,59000.0
2014-01-15,19.68,20.19,19.59,19.99,87600.0
2014-01-14,19.48,19.71,19.311,19.63,100300.0
2014-01-13,19.44,19.59,19.27,19.44,51500.0
2014-01-10,19.95,19.97,19.48,19.49,109200.0
2014-01-09,19.59,20.09,19.492,20.0,116300.0
2014-01-08,19.53,19.61,19.4,19.58,87700.0
2014-01-07,19.31,19.66,19.31,19.55,299100.0
2014-01-06,19.28,19.33,19.13,19.28,99300.0
2014-01-03,19.2,19.25,19.07,19.22,57100.0
2014-01-02,19.4,19.4,19.06,19.21,50300.0
2013-12-31,19.48,19.57,19.35,19.44,80100.0
2013-12-30,19.38,19.44,19.049,19.42,59700.0
2013-12-27,19.56,19.575,19.27,19.33,40200.0
2013-12-26,19.9,19.94,19.4,19.47,41500.0
2013-12-24,19.64,20.0,19.63,19.8,31900.0
2013-12-23,19.55,19.68,19.2,19.59,80200.0
2013-12-20,19.2,19.57,19.17,19.55,155900.0
2013-12-19,19.19,19.19,18.93,19.14,104500.0
2013-12-18,19.0,19.52,18.86,19.19,121700.0
2013-12-17,18.93,19.11,18.7805,18.93,115400.0
2013-12-16,18.86,19.1,18.38,18.98,120700.0
2013-12-13,19.16,19.165,18.82,18.83,93700.0
2013-12-12,19.36,19.4,19.0,19.08,79300.0
2013-12-11,19.47,19.47,19.13,19.3,107200.0
2013-12-10,19.41,19.55,19.41,19.49,160200.0
2013-12-09,19.43,19.58,19.32,19.5,125800.0
2013-12-06,19.72,19.78,18.84,19.3,298200.0
2013-12-05,19.68,19.72,19.39,19.56,88700.0
2013-12-04,19.98,20.15,19.49,19.68,192000.0
2013-12-03,20.36,20.52,20.001,20.06,153800.0
2013-12-02,20.3,20.55,20.27,20.34,93600.0
2013-11-29,20.41,20.44,20.14,20.26,49400.0
2013-11-27,19.8,20.33,19.71,20.26,138800.0
2013-11-26,19.5,20.12,19.5,19.83,133800.0
2013-11-25,19.22,19.73,19.22,19.53,732300.0
2013-11-22,19.4,19.44,19.0,19.25,110300.0
2013-11-21,19.19,19.45,19.18,19.33,56500.0
2013-11-20,19.04,19.15,18.83,19.13,97000.0
2013-11-19,19.18,19.331,18.85,19.02,113300.0
2013-11-18,19.21,19.26,19.07,19.2,70300.0
2013-11-15,19.12,19.3,19.05,19.16,65400.0
2013-11-14,18.87,19.16,18.85,19.16,97900.0
2013-11-13,18.76,18.94,18.69,18.92,65400.0
2013-11-12,18.71,18.94,18.66,18.83,92900.0
2013-11-11,18.54,18.86,18.38,18.75,194600.0
2013-11-08,18.52,18.75,18.24,18.51,146800.0
2013-11-07,18.15,18.605,18.11,18.55,193700.0
2013-11-06,17.61,18.25,17.48,18.15,130600.0
2013-11-05,17.8,17.82,17.49,17.53,82000.0
2013-11-04,17.74,17.92,17.65,17.81,88800.0
2013-11-01,17.77,17.86,17.27,17.75,144200.0
2013-10-31,17.81,17.92,17.37,17.81,127300.0
2013-10-30,18.18,18.18,17.72,17.8,67600.0
2013-10-29,18.24,18.28,18.02,18.13,48200.0
2013-10-28,18.03,18.25,18.0,18.19,73600.0
2013-10-25,18.17,18.22,17.861,17.96,47000.0
2013-10-24,18.25,18.32,17.93,18.09,76200.0
2013-10-23,18.14,18.315,18.01,18.18,103300.0
2013-10-22,18.19,18.52,18.03,18.17,122300.0
2013-10-21,17.97,17.9799,17.36,17.47,138900.0
2013-10-18,18.34,18.34,17.82,17.9,113600.0
2013-10-17,18.2,18.29,18.11,18.19,56500.0
2013-10-16,18.22,18.3,18.1,18.22,50400.0
2013-10-15,18.38,18.38,18.11,18.17,65800.0
2013-10-14,18.28,18.43,18.25,18.36,105700.0
2013-10-11,18.4,18.45,18.26,18.39,69100.0
2013-10-10,18.42,18.48,18.24,18.27,61500.0
2013-10-09,18.25,18.36,18.17,18.24,85100.0
2013-10-08,18.22,18.32,18.2,18.23,95800.0
2013-10-07,18.3,18.36,18.2,18.23,59900.0
2013-10-04,18.25,18.45,18.25,18.37,31300.0
2013-10-03,18.52,18.56,18.23,18.25,118800.0
2013-10-02,18.5,18.55,18.41,18.49,60200.0
2013-10-01,18.37,18.649,18.25,18.53,114900.0
2013-09-30,18.31,18.8,18.31,18.39,140600.0
2013-09-27,18.56,18.73,18.28,18.41,122100.0
2013-09-26,18.88,18.99,18.58,18.67,57900.0
2013-09-25,19.12,19.31,18.9,18.92,91800.0
2013-09-24,19.22,19.3,19.02,19.15,68300.0
2013-09-23,19.27,19.36,19.12,19.22,114400.0
2013-09-20,19.3,19.379,19.05,19.26,208400.0
2013-09-19,19.69,19.84,19.13,19.2,64400.0
2013-09-18,19.66,19.86,19.56,19.69,96500.0
2013-09-17,19.67,19.8,19.52,19.73,62200.0
2013-09-16,19.95,20.05,19.65,19.67,96500.0
2013-09-13,19.67,19.98,19.54,19.77,67300.0
2013-09-12,19.37,19.76,19.27,19.62,103100.0
2013-09-11,19.31,19.59,19.28,19.42,68700.0
2013-09-10,19.35,19.649,19.25,19.39,84000.0
2013-09-09,18.96,19.359,18.78,19.25,100000.0
2013-09-06,19.33,19.47,18.79,19.01,70200.0
2013-09-05,18.85,19.45,18.82,19.23,41200.0
2013-09-04,18.77,19.13,18.69,18.77,237000.0
2013-09-03,18.76,18.93,18.6,18.7,82900.0
2013-08-30,18.75,18.804,18.4,18.65,121800.0
2013-08-29,18.46,18.96,18.345,18.77,140400.0
2013-08-28,18.76,18.83,18.45,18.47,55500.0
2013-08-27,18.87,18.9,18.47,18.77,72500.0
2013-08-26,19.23,19.37,18.92,19.01,43100.0
2013-08-23,19.09,19.23,18.85,19.15,42200.0
2013-08-22,18.71,19.22,18.61,19.09,58200.0
2013-08-21,18.59,18.709,18.46,18.61,101800.0
2013-08-20,18.51,18.81,18.4,18.65,92900.0
2013-08-19,18.58,18.72,18.36,18.51,163200.0
2013-08-16,19.2,19.2,18.55,18.58,137000.0
2013-08-15,19.7,19.7,19.26,19.29,78800.0
2013-08-14,20.01,20.13,19.85,19.87,46600.0
2013-08-13,20.19,20.19,19.87,19.97,59900.0
2013-08-12,20.02,20.32,20.02,20.12,69300.0
2013-08-09,20.3,20.77,20.12,20.17,70300.0
2013-08-08,20.27,20.46,19.98,20.39,89300.0
2013-08-07,20.08,20.31,20.02,20.15,85100.0
2013-08-06,19.96,20.28,19.93,20.08,114800.0
2013-08-05,20.65,20.67,19.8,20.06,273400.0
2013-08-02,21.18,21.18,20.59,20.73,104700.0
2013-08-01,21.86,21.86,21.1,21.22,203800.0
2013-07-31,21.66,22.12,21.43,21.76,117900.0
2013-07-30,21.97,22.1,21.34,21.7,115300.0
2013-07-29,21.76,22.02,21.64,21.96,74500.0
2013-07-26,21.89,22.04,21.72,21.84,53600.0
2013-07-25,21.74,22.105,21.62,22.04,134200.0
2013-07-24,22.01,22.08,21.7,21.82,80300.0
2013-07-23,21.91,22.0,21.64,21.89,59100.0
2013-07-22,22.06,22.25,21.84,21.92,84300.0
2013-07-19,22.06,22.27,21.81,22.09,103100.0
2013-07-18,21.96,22.34,21.76,22.08,190600.0
2013-07-17,22.03,22.13,21.82,21.94,87600.0
2013-07-16,21.94,22.14,21.68,21.89,121900.0
2013-07-15,21.59,22.12,21.31,21.82,140100.0
2013-07-12,22.0,22.0,21.1,21.52,159200.0
2013-07-11,22.54,22.71,22.41,22.66,115900.0
2013-07-10,22.25,22.45,22.2025,22.4,136000.0
2013-07-09,22.06,22.28,22.05,22.25,254400.0
2013-07-08,22.01,22.18,21.89,22.0,118100.0
2013-07-05,22.16,22.16,21.94,22.0,113600.0
2013-07-03,21.9,22.01,21.85,22.0,60600.0
2013-07-02,22.05,22.2475,21.79,21.98,115700.0
2013-07-01,21.68,22.14,21.58,21.99,153300.0
2013-06-28,21.72,22.02,21.4,21.47,482600.0
2013-06-27,21.86,22.05,21.495,21.78,141900.0
2013-06-26,22.0,22.0,21.57,21.76,74200.0
2013-06-25,21.95,22.01,21.68,21.82,202800.0
2013-06-24,21.81,22.08,21.631,21.76,239200.0
2013-06-21,21.74,22.32,21.72,21.98,296100.0
2013-06-20,21.92,22.19,21.56,21.71,250800.0
2013-06-19,22.93,23.21,22.05,22.1,337700.0
2013-06-18,22.87,23.22,22.77,22.87,172900.0
2013-06-17,22.7,22.96,22.55,22.8,120000.0
2013-06-14,22.59,22.84,22.33,22.53,76200.0
2013-06-13,22.36,22.83,22.17,22.67,114100.0
2013-06-12,22.14,22.61,21.96,22.3,81900.0
2013-06-11,21.63,22.03,21.54,21.91,163400.0
2013-06-10,21.83,21.97,21.69,21.8,102900.0
2013-06-07,21.31,22.18,21.16,21.68,170800.0
2013-06-06,21.26,21.26,20.7005,21.19,108600.0
2013-06-05,21.72,21.72,21.15,21.31,103500.0
2013-06-04,21.63,21.81,21.3,21.75,186900.0
2013-06-03,21.35,23.7,21.08,21.71,170500.0
2013-05-31,21.55,21.7,21.17,21.17,246400.0
2013-05-30,20.63,21.8,20.63,21.71,167000.0
2013-05-29,19.4,20.94,19.22,20.77,191700.0
2013-05-28,19.62,20.18,19.5,19.66,240200.0
2013-05-24,19.47,19.68,19.005,19.43,136600.0
2013-05-23,18.97,19.71,18.81,19.66,88000.0
2013-05-22,19.28,19.72,18.98,19.1,163300.0
2013-05-21,18.46,19.53,18.33,19.31,208300.0
2013-05-20,18.7,18.7,18.32,18.43,198500.0
2013-05-17,18.68,18.93,18.02,18.74,1976100.0
2013-05-16,18.89,19.49,18.89,19.11,169300.0
2013-05-15,19.12,19.12,18.78,18.99,146900.0
2013-05-14,19.2,19.23,19.0,19.22,51100.0
2013-05-13,19.37,19.45,19.0,19.23,44900.0
2013-05-10,19.65,19.65,18.96,19.53,72300.0
2013-05-09,19.87,19.87,19.5,19.58,40400.0
2013-05-08,19.96,19.96,19.58,19.94,31900.0
2013-05-07,19.78,19.99,19.311,19.95,33700.0
2013-05-06,19.75,19.97,19.62,19.8,34500.0
2013-05-03,19.99,20.12,19.68,19.8,71600.0
2013-05-02,19.79,20.19,19.7,19.83,63900.0
2013-05-01,18.59,20.1,18.59,19.75,410200.0
2013-04-30,18.14,18.22,17.85,18.03,53000.0
2013-04-29,17.8,18.12,17.72,18.09,61900.0
2013-04-26,17.53,17.88,17.43,17.78,49000.0
2013-04-25,17.69,17.8774,17.6,17.62,29500.0
2013-04-24,17.84,17.872,17.6201,17.73,25500.0
2013-04-23,17.61,17.8,17.5,17.73,42400.0
2013-04-22,17.81,17.81,17.31,17.5,35700.0
2013-04-19,17.92,17.93,17.75,17.84,28800.0
2013-04-18,17.77,17.93,17.63,17.87,87400.0
2013-04-17,17.81,17.88,17.69,17.74,76300.0
2013-04-16,17.93,17.98,17.8,17.89,38900.0
2013-04-15,18.48,18.529,17.73,17.82,68700.0
2013-04-12,18.72,18.72,18.44,18.54,28900.0
2013-04-11,18.52,18.84,18.49,18.79,22500.0
2013-04-10,18.16,18.58,18.16,18.47,56800.0
2013-04-09,18.2,18.24,18.1,18.16,34000.0
2013-04-08,17.98,18.1,17.86,18.09,35500.0
2013-04-05,17.75,17.98,17.53,17.97,41800.0
2013-04-04,17.95,18.1,17.79,18.06,36200.0
2013-04-03,17.73,18.195,17.73,17.99,76500.0
2013-04-02,17.32,17.98,17.29,17.73,185600.0
2013-04-01,17.43,17.62,16.88,17.18,75500.0
2013-03-28,17.5,17.6,17.39,17.42,64200.0
2013-03-27,17.91,17.955,17.4,17.5,68500.0
2013-03-26,17.83,18.06,17.78,17.97,27200.0
2013-03-25,17.45,17.8,17.45,17.78,50000.0
2013-03-22,17.26,17.39,17.26,17.36,25400.0
2013-03-21,17.78,17.865,17.03,17.23,148100.0
2013-03-20,18.1,18.1,17.89,17.96,20000.0
2013-03-19,18.21,18.33,17.96,18.02,44100.0
2013-03-18,17.96,18.192,17.96,18.05,31500.0
2013-03-15,17.8,18.22,17.8,18.19,78700.0
2013-03-14,17.54,18.05,17.52,17.88,70200.0
2013-03-13,17.71,17.8,17.44,17.46,63800.0
2013-03-12,17.59,17.92,17.55,17.8,23300.0
2013-03-11,17.92,18.07,17.61,17.68,49100.0
2013-03-08,18.2,18.4,17.96,18.0,44200.0
2013-03-07,18.25,18.25,17.77,18.02,62100.0
2013-03-06,18.4,18.64,18.3,18.45,15600.0
2013-03-05,18.2,18.44,18.18,18.4,14800.0
2013-03-04,18.46,18.56,18.05,18.15,19800.0
2013-03-01,17.69,18.56,17.67,18.55,49200.0
2013-02-28,18.09,18.09,17.87,17.96,35700.0
2013-02-27,18.17,18.2,18.0,18.06,15900.0
2013-02-26,18.3,18.306,17.74,18.03,97300.0
2013-02-25,18.97,18.97,18.18,18.18,36800.0
2013-02-22,18.69,18.92,18.6,18.83,34500.0
2013-02-21,18.68,18.68,18.51,18.55,33900.0
2013-02-20,18.9,19.2,18.52,18.56,120300.0
2013-02-19,18.8,18.88,18.488,18.88,81900.0
2013-02-15,18.86,18.91,18.75,18.85,34600.0
2013-02-14,18.75,18.85,18.68,18.81,18700.0
2013-02-13,18.64,18.85,18.53,18.82,25000.0
2013-02-12,17.91,18.59,17.76,18.52,127600.0
2013-02-11,17.69,17.9,17.46,17.83,44100.0
2013-02-08,17.76,17.89,17.6,17.68,30400.0
2013-02-07,18.01,18.01,17.5,17.79,31600.0
2013-02-06,17.76,18.05,17.3,17.96,68600.0
2013-02-05,17.85,18.07,17.72,17.86,25600.0
2013-02-04,17.95,17.95,17.521,17.76,46200.0
2013-02-01,18.18,18.3,17.97,18.06,27100.0
2013-01-31,18.11,18.3,18.0,18.07,24500.0
2013-01-30,18.46,18.56,18.03,18.11,27900.0
2013-01-29,18.54,18.65,18.2547,18.48,45200.0
2013-01-28,18.27,18.535,18.0,18.51,43500.0
2013-01-25,18.86,18.97,18.1,18.3,35900.0
2013-01-24,17.97,18.84,17.97,18.73,425700.0
2013-01-23,18.01,18.01,17.795,17.94,33600.0
2013-01-22,18.04,18.26,17.88,17.97,81100.0
2013-01-18,17.71,18.19,17.502,18.07,52600.0
2013-01-17,17.78,17.94,17.6,17.77,22800.0
2013-01-16,18.46,18.46,17.73,17.77,34800.0
2013-01-15,18.6,18.66,18.26,18.46,39300.0
2013-01-14,19.03,19.1999,18.59,18.75,16300.0
2013-01-11,18.79,19.1,18.404,19.02,21500.0
2013-01-10,18.65,18.9,18.52,18.77,10500.0
2013-01-09,18.44,18.65,18.35,18.62,12900.0
2013-01-08,18.6177,18.6177,18.27,18.45,13300.0
2013-01-07,18.71,18.72,18.5,18.63,13700.0
2013-01-04,19.08,19.13,18.82,18.84,53600.0
2013-01-03,19.36,19.38,18.84,18.93,30900.0
2013-01-02,18.9,19.61,18.68,19.38,62300.0
2012-12-31,18.36,18.72,17.84,18.47,130900.0
2012-12-28,18.58,18.85,18.36,18.4,20200.0
2012-12-27,18.77,18.92,18.386,18.71,17300.0
2012-12-26,19.09,19.09,18.67,18.87,19300.0
2012-12-24,19.08,19.15,18.86,19.12,14700.0
2012-12-21,19.58,19.58,18.65,19.25,116800.0
2012-12-20,18.83,19.63,18.83,19.6,46200.0
2012-12-19,18.68,18.95,18.3832,18.88,30100.0
2012-12-18,18.06,18.7,18.01,18.68,29700.0
2012-12-17,18.03,18.2,17.94,18.06,71700.0
2012-12-14,17.78,17.95,17.78,17.93,16300.0
2012-12-13,18.39,18.42,17.7,17.86,31300.0
2012-12-12,18.29,18.57,18.06,18.35,44700.0
2012-12-11,18.02,18.36,17.9,18.29,39000.0
2012-12-10,18.02,18.17,17.81,18.0,32900.0
2012-12-07,18.19,18.19,17.82,17.98,23900.0
2012-12-06,17.84,18.17,17.68,18.07,44700.0
2012-12-05,17.5,17.9,17.41,17.78,45800.0
2012-12-04,16.92,17.7,16.84,17.61,172400.0
2012-12-03,16.94,17.16,16.53,16.93,79600.0
2012-11-30,17.38,17.56,16.95,17.45,63500.0
2012-11-29,17.09,17.38,16.88,17.3,23900.0
2012-11-28,16.9,17.04,16.77,16.92,28500.0
2012-11-27,16.93,17.11,16.92,16.93,27800.0
2012-11-26,17.12,17.12,16.741,17.0,40600.0
2012-11-23,16.98,17.19,16.9,17.16,30000.0
2012-11-21,16.8,17.103,16.74,16.91,42900.0
2012-11-20,16.79,16.9,16.67,16.81,37300.0
2012-11-19,16.71,16.91,16.6,16.85,41500.0
2012-11-16,16.57,16.76,16.46,16.6,64200.0
2012-11-15,16.67,18.0,16.612,16.71,29800.0
2012-11-14,16.97,17.054,16.52,16.64,47400.0
2012-11-13,16.65,17.1,16.65,16.9,21400.0
2012-11-12,16.85,17.05,16.62,16.68,41300.0
2012-11-09,16.05,16.8,16.05,16.45,53200.0
2012-11-08,17.12,17.205,16.06,16.12,80900.0
2012-11-07,17.56,17.56,17.03,17.2,45000.0
2012-11-06,17.92,17.92,17.4,17.69,22400.0
2012-11-05,17.66,18.0,17.64,17.84,28300.0
2012-11-02,17.49,17.88,17.235,17.51,51600.0
2012-11-01,17.96,18.12,17.0,17.48,70200.0
2012-10-31,19.28,19.28,17.94,18.04,42400.0
2012-10-26,19.45,19.59,19.22,19.41,22200.0
2012-10-25,19.35,19.39,19.21,19.39,16500.0
2012-10-24,19.19,19.27,19.06,19.22,15100.0
2012-10-23,19.05,19.23,18.8601,19.17,13600.0
2012-10-22,19.29,19.56,18.64,19.2,28200.0
2012-10-19,19.57,19.96,19.0,19.29,33600.0
2012-10-18,20.26,20.3,19.701,19.77,30200.0
2012-10-17,20.51,20.58,20.14,20.23,30000.0
2012-10-16,20.63,20.63,20.32,20.52,21300.0
2012-10-15,20.47,20.56,20.23,20.5,24100.0
2012-10-12,20.57,20.64,20.26,20.45,24500.0
2012-10-11,20.6,20.82,20.58,20.62,24100.0
2012-10-10,20.36,20.49,20.27,20.46,17000.0
2012-10-09,20.59,20.59,20.37,20.39,17200.0
2012-10-08,20.52,20.64,20.47,20.52,6500.0
2012-10-05,20.8,21.03,20.54,20.68,25900.0
2012-10-04,21.06,21.06,20.61,20.78,72000.0
2012-10-03,21.07,21.17,20.86,20.94,28100.0
2012-10-02,21.0,21.06,20.82,21.0,22300.0
2012-10-01,21.08,21.16,20.72,20.86,29300.0
2012-09-28,21.09,21.27,20.9,20.9,44800.0
2012-09-27,21.14,21.31,20.92,21.22,29100.0
2012-09-26,20.9899,21.12,20.8,21.11,35700.0
2012-09-25,21.06,21.18,20.8,20.82,51600.0
2012-09-24,20.74,21.17,20.74,20.92,39500.0
2012-09-21,20.94,20.98,20.64,20.76,98000.0
2012-09-20,20.71,20.71,20.36,20.51,29600.0
2012-09-19,20.9,21.02,20.78,20.81,45200.0
2012-09-18,20.9,21.06,20.65,20.9,123900.0
2012-09-17,21.32,21.32,20.83,20.99,58800.0
2012-09-14,21.49,21.6,21.322,21.37,54800.0
2012-09-13,21.15,21.54,20.86,21.33,61900.0
2012-09-12,20.88,21.05,20.67,21.02,38600.0
2012-09-11,21.1,21.14,20.77,20.85,15100.0
2012-09-10,21.2,21.2,21.0,21.05,23700.0
2012-09-07,21.32,21.44,21.17,21.28,58400.0
2012-09-06,21.08,21.2,20.88,21.17,49100.0
2012-09-05,20.88,21.07,20.78,20.87,75200.0
2012-09-04,20.52,20.89,20.42,20.78,43600.0
2012-08-31,20.5,20.546,20.26,20.44,50600.0
2012-08-30,20.63,20.63,20.31,20.4,33000.0
2012-08-29,20.8,21.0,20.63,20.91,35600.0
2012-08-28,20.69,20.85,20.61,20.74,34800.0
2012-08-27,20.74,20.76,20.46,20.71,36600.0
2012-08-24,20.66,20.82,20.66,20.69,26300.0
2012-08-23,20.75,20.86,20.67,20.73,43200.0
2012-08-22,20.8,20.88,20.65,20.75,28300.0
2012-08-21,20.7,21.07,20.63,20.75,49500.0
2012-08-20,20.44,20.71,20.35,20.52,48800.0
2012-08-17,20.18,20.46,20.1,20.44,65500.0
2012-08-16,20.25,20.25,20.07,20.19,49700.0
2012-08-15,20.12,20.299,19.958,20.25,38100.0
2012-08-14,20.22,20.22,19.95,20.11,51400.0
2012-08-13,20.0,20.12,19.83,20.04,19000.0
2012-08-10,19.8,20.08,19.68,20.0,33900.0
2012-08-09,19.69,19.89,19.57,19.81,40900.0
2012-08-08,19.51,19.69,19.45,19.65,50400.0
2012-08-07,19.64,19.839,19.55,19.61,43500.0
2012-08-06,19.87,19.87,19.45,19.46,35900.0
2012-08-03,19.56,19.94,19.56,19.77,51400.0
2012-08-02,19.02,19.93,19.02,19.34,58200.0
2012-08-01,18.58,19.99,18.58,19.1,121800.0
2012-07-31,18.68,18.72,18.06,18.22,51400.0
2012-07-30,18.79,18.94,18.71,18.77,24000.0
2012-07-27,17.79,18.84,17.71,18.74,53300.0
2012-07-26,18.23,18.23,17.5,17.7,61200.0
2012-07-25,18.35,18.35,17.77,17.82,31400.0
2012-07-24,18.52,18.62,18.2,18.31,33200.0
2012-07-23,18.41,18.66,18.37,18.43,29200.0
2012-07-20,18.54,18.97,18.54,18.78,28500.0
2012-07-19,18.7,18.87,18.36,18.73,82000.0
2012-07-18,18.84,19.31,18.55,18.6,185600.0
2012-07-17,18.88,18.9,18.43,18.88,39300.0
2012-07-16,19.08,19.11,18.79,18.85,21800.0
2012-07-13,19.07,19.3,19.012,19.19,43700.0
2012-07-12,19.15,19.15,18.71,19.0,57900.0
2012-07-11,19.16,19.48,19.09,19.27,50600.0
2012-07-10,18.9,19.26,18.77,19.16,58800.0
2012-07-09,17.91,18.85,17.91,18.77,61300.0
2012-07-06,18.0,18.215,17.89,17.96,37800.0
2012-07-05,18.46,18.57,18.09,18.16,28700.0
2012-07-03,18.2,18.63,18.18,18.53,42400.0
2012-07-02,18.36,18.36,17.8,18.14,65400.0
2012-06-29,18.42,18.42,18.05,18.28,77500.0
2012-06-28,18.31,18.44,17.74,17.99,40200.0
2012-06-27,18.19,18.66,17.96,18.49,45000.0
2012-06-26,17.92,18.25,17.67,18.14,53500.0
2012-06-25,18.18,18.18,17.61,17.95,74200.0
2012-06-22,17.75,18.64,17.69,18.56,174100.0
2012-06-21,18.24,18.24,17.57,17.62,52100.0
2012-06-20,18.27,18.59,18.18,18.31,37800.0
2012-06-19,17.72,18.37,17.7,18.32,66900.0
2012-06-18,17.93,18.07,17.49,17.59,77400.0
2012-06-15,17.82,18.05,17.7,18.02,86400.0
2012-06-14,17.62,17.87,17.41,17.82,62000.0
2012-06-13,17.64,17.79,17.46,17.54,79100.0
2012-06-12,17.27,17.9,17.27,17.7,77400.0
2012-06-11,17.61,17.62,17.16,17.18,83700.0
2012-06-08,16.9,17.64,16.85,17.48,92600.0
2012-06-07,17.29,17.38,16.83,16.94,99600.0
2012-06-06,16.98,17.17,16.97,17.12,119900.0
2012-06-05,16.98,17.17,16.73,16.98,237500.0
2012-06-04,17.02,17.16,16.94,17.09,45200.0
2012-06-01,17.03,17.53,16.86,16.91,66900.0
2012-05-31,17.15,17.6,17.07,17.36,85500.0
2012-05-30,17.5,17.66,17.11,17.17,66700.0
2012-05-29,17.93,18.0699,17.5,17.69,50300.0
2012-05-25,17.63,17.89,17.5,17.79,47500.0
2012-05-24,17.28,17.65,17.21,17.64,49900.0
2012-05-23,16.9,17.37,16.63,17.28,60000.0
2012-05-22,18.01,18.14,16.95,17.07,103500.0
2012-05-21,17.66,18.1,17.61,18.07,57500.0
2012-05-18,17.73,17.91,17.34,17.55,63600.0
2012-05-17,17.53,18.03,17.49,17.75,96700.0
2012-05-16,17.41,17.54,17.33,17.46,36600.0
2012-05-15,17.09,17.52,17.09,17.34,59000.0
2012-05-14,17.31,17.42,17.07,17.12,53400.0
2012-05-11,17.61,17.85,17.47,17.52,52000.0
2012-05-10,18.02,18.03,17.63,17.79,47400.0
2012-05-09,18.04,18.16,17.83,17.85,71000.0
2012-05-08,17.9,18.35,17.8,18.3,55000.0
2012-05-07,17.88,18.2,17.77,18.01,75000.0
2012-05-04,17.99,18.08,17.8408,17.9,130600.0
2012-05-03,17.91,18.14,17.73,18.12,148000.0
2012-05-02,19.5,19.5,17.65,18.01,255000.0
2012-05-01,21.13,21.51,20.71,20.81,70200.0
2012-04-30,21.42,21.42,20.87,21.06,64000.0
2012-04-27,21.46,21.46,21.1,21.38,32700.0
2012-04-26,21.55,21.56,21.18,21.44,37400.0
2012-04-25,21.52,21.84,21.36,21.54,38300.0
2012-04-24,21.07,21.33,20.95,21.24,50900.0
2012-04-23,21.05,21.31,20.92,21.1,51900.0
2012-04-20,21.59,21.79,21.34,21.46,89000.0
2012-04-19,21.21,21.55,21.08,21.4,42800.0
2012-04-18,21.37,21.37,21.03,21.22,32200.0
2012-04-17,21.41,21.87,21.39,21.48,99500.0
2012-04-16,21.33,21.35,20.92,21.26,50300.0
2012-04-13,21.82,21.82,21.14,21.21,70900.0
2012-04-12,21.7,22.31,21.7,21.96,78400.0
2012-04-11,21.37,21.72,21.19,21.72,67200.0
2012-04-10,21.86,21.86,21.1,21.14,96800.0
2012-04-09,22.37,22.42,21.78,21.86,51000.0
2012-04-05,22.35,22.77,22.24,22.72,51600.0
2012-04-04,22.71,22.71,22.34,22.49,69200.0
2012-04-03,23.07,23.18,22.81,22.93,49700.0
2012-04-02,22.95,23.2,22.77,23.11,113800.0
2012-03-30,23.22,23.31,22.96,23.1,137800.0
2012-03-29,22.82,23.28,22.82,23.0,119300.0
2012-03-28,23.12,23.27,22.87,23.01,40600.0
2012-03-27,23.64,23.64,23.11,23.11,66400.0
2012-03-26,22.67,23.57,22.67,23.57,62300.0
2012-03-23,22.04,22.51,22.04,22.48,41600.0
2012-03-22,21.92,22.1,21.79,22.04,50200.0
2012-03-21,22.32,22.32,22.02,22.19,37700.0
2012-03-20,22.5,22.57,22.0,22.27,74900.0
2012-03-19,22.42,22.93,22.22,22.69,75000.0
2012-03-16,23.34,23.34,22.1,22.38,198500.0
2012-03-15,23.61,23.87,23.49,23.75,80100.0
2012-03-14,23.54,23.84,23.46,23.6,63800.0
2012-03-13,23.2,23.75,23.12,23.62,105800.0
2012-03-12,23.42,23.42,23.06,23.2,28800.0
2012-03-09,23.0,23.5,22.96,23.44,56300.0
2012-03-08,22.81,23.07,22.5,23.03,138400.0
2012-03-07,22.66,22.9,22.37,22.64,153900.0
2012-03-06,22.96,23.27,22.31,22.5,87500.0
2012-03-05,23.28,23.43,23.025,23.2,82700.0
2012-03-02,24.06,24.18,23.205,23.27,93200.0
2012-03-01,23.72,24.3388,23.7,24.03,89000.0
2012-02-29,24.58,24.58,23.66,23.67,110800.0
2012-02-28,24.33,24.99,24.3199,24.48,93100.0
2012-02-27,24.04,24.39,23.731,24.33,38100.0
2012-02-24,24.12,24.47,23.99,24.2,40600.0
2012-02-23,23.81,24.03,23.81,23.99,119100.0
2012-02-22,23.75,23.98,23.63,23.84,76500.0
2012-02-21,23.98,24.05,22.64,23.77,27500.0
2012-02-17,23.97,23.97,23.75,23.89,77500.0
2012-02-16,23.57,24.0,23.52,23.91,63000.0
2012-02-15,23.87,23.88,23.4,23.51,46700.0
2012-02-14,23.64,23.73,23.43,23.72,77500.0
2012-02-13,23.5,23.75,23.5,23.67,80900.0
2012-02-10,23.3,23.63,23.1,23.2,55600.0
2012-02-09,23.77,23.86,23.46,23.51,80800.0
2012-02-08,23.24,29.9,22.57,23.73,27200.0
2012-02-07,22.12,22.35,22.02,22.25,30200.0
2012-02-06,22.34,22.38,21.99,22.09,34500.0
2012-02-03,22.39,22.62,22.18,22.38,58400.0
2012-02-02,22.1,22.18,21.79,22.0,38800.0
2012-02-01,21.53,22.22,21.53,22.08,100800.0
2012-01-31,21.41,21.58,21.31,21.33,41900.0
2012-01-30,21.21,21.436,21.17,21.27,36200.0
2012-01-27,21.21,21.45,20.981,21.44,46000.0
2012-01-26,21.51,21.51,21.16,21.32,90100.0
2012-01-25,21.18,21.39,20.94,21.3,46200.0
2012-01-24,21.17,21.39,21.07,21.26,51800.0
2012-01-23,21.06,21.34,20.9,21.32,47800.0
2012-01-20,20.84,21.11,20.79,21.04,54900.0
2012-01-19,20.85,20.883,20.63,20.81,39800.0
2012-01-18,20.71,20.86,20.56,20.81,41100.0
2012-01-17,20.94,20.99,20.62,20.76,74800.0
2012-01-13,20.47,20.74,20.36,20.7,47100.0
2012-01-12,20.77,20.91,20.41,20.75,36900.0
2012-01-11,20.64,20.85,20.58,20.74,72500.0
2012-01-10,20.69,20.79,20.52,20.77,101400.0
2012-01-09,20.34,20.67,20.22,20.48,79600.0
2012-01-06,20.07,20.54,20.0,20.29,79100.0
2012-01-05,19.91,20.265,19.79,20.06,112000.0
2012-01-04,20.04,20.14,19.87,20.08,59700.0
2012-01-03,20.43,20.58,20.07,20.22,111300.0
2011-12-30,20.18,20.34,19.97,20.02,27600.0
2011-12-29,20.35,20.64,20.15,20.25,54100.0
2011-12-28,20.32,20.53,20.25,20.32,48300.0
2011-12-27,20.61,20.67,19.95,20.37,79500.0
2011-12-23,20.67,20.68,20.43,20.66,89100.0
2011-12-22,20.36,20.805,20.35,20.61,113200.0
2011-12-21,20.14,20.34,19.9,20.27,230800.0
2011-12-20,20.06,20.515,19.94,20.15,252200.0
2011-12-19,19.93,20.23,19.56,19.64,115000.0
2011-12-16,19.98,20.17,19.4,19.87,123200.0
2011-12-15,19.92,20.04,19.61,19.76,73400.0
2011-12-14,19.59,20.03,19.45,19.64,65800.0
2011-12-13,20.22,20.64,19.58,19.66,97100.0
2011-12-12,20.13,20.44,19.8,19.99,59900.0
2011-12-09,20.35,20.77,20.15,20.41,127600.0
2011-12-08,20.49,20.81,20.02,20.24,70900.0
2011-12-07,20.16,20.81,19.86,20.66,58300.0
2011-12-06,19.71,20.6,19.7,20.26,84600.0
2011-12-05,19.8,19.96,19.48,19.74,61400.0
2011-12-02,19.68,19.76,19.38,19.47,64800.0
2011-12-01,19.45,19.583,19.19,19.38,98100.0
2011-11-30,19.65,19.65,18.92,19.48,166400.0
2011-11-29,19.05,19.05,18.57,18.83,153400.0
2011-11-28,18.35,19.2,18.19,19.05,117500.0
2011-11-25,17.65,17.96,17.5,17.59,36400.0
2011-11-23,18.37,18.37,17.72,17.77,60100.0
2011-11-22,18.97,18.97,18.47,18.52,26900.0
2011-11-21,18.84,19.16,18.76,18.95,52000.0
2011-11-18,19.05,19.28,18.9,19.21,35700.0
2011-11-17,19.23,19.46,18.92,19.03,37200.0
2011-11-16,19.62,19.69,19.15,19.21,57500.0
2011-11-15,19.51,19.99,19.28,19.82,92200.0
2011-11-14,19.78,19.85,19.4,19.58,71200.0
2011-11-11,19.59,20.08,19.59,19.95,72400.0
2011-11-10,19.02,19.49,18.94,19.38,74600.0
2011-11-09,19.01,19.33,18.83,18.84,118700.0
2011-11-08,19.43,19.59,18.73,19.48,76600.0
2011-11-07,19.19,19.38,18.68,19.32,56900.0
2011-11-04,18.91,19.27,18.75,19.19,71000.0
2011-11-03,18.32,19.13,18.17,19.1,110700.0
2011-11-02,16.95,18.08,16.57,18.05,251400.0
2011-11-01,18.05,18.85,17.69,18.43,113900.0
2011-10-31,19.15,19.33,18.95,19.0,89900.0
2011-10-28,19.92,20.0,18.99,19.44,195200.0
2011-10-27,20.06,20.34,19.77,20.17,171400.0
2011-10-26,19.15,19.81,18.8,19.6,70800.0
2011-10-25,18.93,19.18,18.82,18.92,68300.0
2011-10-24,18.45,19.2,18.36,19.16,118200.0
2011-10-21,18.33,18.4894,18.05,18.35,76000.0
2011-10-20,17.99,18.07,17.48,17.97,60600.0
2011-10-19,18.4,18.5,17.84,17.91,101200.0
2011-10-18,17.75,18.23,17.74,18.04,113000.0
2011-10-17,18.25,18.3,17.67,17.7,106000.0
2011-10-14,18.38,18.58,18.16,18.49,130500.0
2011-10-13,18.34,18.34,17.9,18.12,140200.0
2011-10-12,18.81,19.06,18.34,18.41,161300.0
2011-10-11,18.41,19.02,18.31,18.66,110200.0
2011-10-10,18.36,18.63,18.08,18.61,132600.0
2011-10-07,18.01,18.42,17.69,17.9,138900.0
2011-10-06,17.94,18.26,17.76,18.0,122000.0
2011-10-05,17.79,18.21,17.48,18.04,97400.0
2011-10-04,16.56,17.97,14.446,17.75,229900.0
2011-10-03,17.77,18.17,16.49,16.59,315000.0
2011-09-30,16.57,17.0,16.55,16.75,214900.0
2011-09-29,16.83,16.9,16.44,16.86,232000.0
2011-09-28,17.11,17.14,16.27,16.43,139600.0
2011-09-27,16.5,17.33,16.23,17.13,311000.0
2011-09-26,16.05,16.25,15.6,16.2,68400.0
2011-09-23,15.28,15.89,15.28,15.84,105400.0
2011-09-22,15.33,15.91,15.07,15.31,137000.0
2011-09-21,16.05,16.57,15.75,15.81,165500.0
2011-09-20,16.33,16.48,15.995,16.0,63900.0
2011-09-19,16.43,16.47,15.95,16.21,40000.0
2011-09-16,16.97,17.06,16.7,16.8,80000.0
2011-09-15,16.67,16.9,16.37,16.86,80900.0
2011-09-14,16.53,16.67,15.92,16.43,136700.0
2011-09-13,16.2,16.43,15.87,16.3,118300.0
2011-09-12,15.4,16.2,15.23,16.15,125600.0
2011-09-09,15.94,16.13,15.38,15.54,90200.0
2011-09-08,16.41,16.7,16.09,16.14,68400.0
2011-09-07,16.13,16.65,16.13,16.62,76100.0
2011-09-06,15.69,16.09,15.54,15.82,117400.0
2011-09-02,16.48,16.65,15.97,16.07,118400.0
2011-09-01,17.0,17.41,16.65,16.87,95700.0
2011-08-31,16.9,17.13,16.69,17.05,103200.0
2011-08-30,16.48,16.98,16.085,16.82,195800.0
2011-08-29,16.59,16.78,16.38,16.61,107000.0
2011-08-26,15.87,16.5,15.6,16.38,66700.0
2011-08-25,16.84,16.84,15.9,15.98,85700.0
2011-08-24,16.47,16.86,16.25,16.69,50800.0
2011-08-23,15.84,16.56,15.64,16.56,103100.0
2011-08-22,16.58,16.58,15.71,15.8,73000.0
2011-08-19,16.17,16.84,16.03,16.1,65000.0
2011-08-18,16.74,17.01,16.27,16.51,76800.0
2011-08-17,17.82,17.97,17.29,17.52,42500.0
2011-08-16,17.47,17.95,17.28,17.7,83300.0
2011-08-15,17.25,17.78,17.25,17.76,54000.0
2011-08-12,16.96,17.36,16.71,17.05,79900.0
2011-08-11,16.31,17.11,15.97,16.82,135500.0
2011-08-10,17.03,17.06,16.05,16.16,161900.0
2011-08-09,16.78,17.53,15.06,17.52,198800.0
2011-08-08,17.79,18.31,16.33,16.37,165500.0
2011-08-05,18.35,18.62,17.461,18.26,107800.0
2011-08-04,18.96,19.17,18.08,18.12,127800.0
2011-08-03,20.2,20.21,18.72,19.28,171700.0
2011-08-02,20.98,21.43,20.301,20.36,75100.0
2011-08-01,21.91,22.14,20.75,21.16,225500.0
2011-07-29,21.58,22.0,21.25,21.57,109100.0
2011-07-28,21.98,22.4246,21.8,21.85,39900.0
2011-07-27,22.5,22.52,21.91,21.94,123700.0
2011-07-26,23.2,23.37,22.56,22.58,45700.0
2011-07-25,23.0,23.53,22.82,23.15,105100.0
2011-07-22,23.91,23.98,22.88,23.29,83500.0
2011-07-21,24.07,24.9,23.9,23.99,120300.0
2011-07-20,23.62,24.12,23.44,23.97,130900.0
2011-07-19,23.5,23.63,23.18,23.59,83000.0
2011-07-18,23.35,23.48,23.0,23.27,97700.0
2011-07-15,23.28,23.68,23.09,23.48,111300.0
2011-07-14,23.2,23.52,23.03,23.2,73800.0
2011-07-13,22.86,23.48,22.79,23.17,81600.0
2011-07-12,22.34,22.9,22.34,22.75,87100.0
2011-07-11,22.37,22.51,22.28,22.5,63500.0
2011-07-08,22.55,22.77,22.48,22.66,51500.0
2011-07-07,22.69,22.93,22.36,22.86,68500.0
2011-07-06,22.33,22.56,22.18,22.52,44600.0
2011-07-05,22.23,22.47,22.18,22.39,68500.0
2011-07-01,21.77,22.27,21.74,22.21,117900.0
2011-06-30,22.12,22.21,21.59,21.73,84700.0
2011-06-29,22.31,22.31,21.89,22.12,40900.0
2011-06-28,21.83,22.29,21.83,22.24,117400.0
2011-06-27,21.7,22.02,21.29,21.78,73700.0
2011-06-24,21.8,21.855,21.38,21.61,231600.0
2011-06-23,21.19,21.97,20.93,21.83,87200.0
2011-06-22,21.0,22.08,20.123,21.46,89700.0
2011-06-21,21.01,21.98,20.97,21.76,148000.0
2011-06-20,20.32,21.15,20.32,20.91,135100.0
2011-06-17,20.56,20.99,20.28,20.34,124000.0
2011-06-16,20.49,20.76,20.1701,20.46,135700.0
2011-06-15,20.9,21.08,20.354,20.45,85700.0
2011-06-14,20.65,21.26,20.65,21.13,71200.0
2011-06-13,20.69,20.76,20.3,20.46,57000.0
2011-06-10,21.12,21.27,20.34,20.62,58500.0
2011-06-09,21.14,21.61,20.97,21.27,51100.0
2011-06-08,21.09,21.17,20.84,21.05,101100.0
2011-06-07,21.41,21.64,21.15,21.2,195100.0
2011-06-06,21.69,21.76,21.19,21.25,48400.0
2011-06-03,21.84,22.1,21.64,21.69,77300.0
2011-06-02,21.89,22.25,21.74,22.16,59200.0
2011-06-01,22.03,22.92,21.78,21.89,264300.0
2011-05-31,21.05,22.03,20.97,22.03,140100.0
2011-05-27,20.62,20.91,20.55,20.79,29900.0
2011-05-26,20.0,20.59,19.85,20.54,46900.0
2011-05-25,19.98,20.38,19.9,20.11,134000.0
2011-05-24,20.5,20.56,19.85,20.01,111600.0
2011-05-23,20.55,20.9,20.37,20.4,55100.0
2011-05-20,20.87,21.18,20.6603,20.89,78800.0
2011-05-19,21.07,21.18,20.81,20.96,45500.0
2011-05-18,20.87,20.92,20.62,20.89,48300.0
2011-05-17,20.64,20.94,20.64,20.81,51900.0
2011-05-16,20.83,21.05,20.75,20.83,98000.0
2011-05-13,21.54,21.55,20.9,20.97,56900.0
2011-05-12,21.28,21.76,21.15,21.52,54000.0
2011-05-11,21.41,21.56,21.21,21.38,47500.0
2011-05-10,21.06,21.48,20.99,21.45,64700.0
2011-05-09,20.66,21.03,20.63,21.0,60000.0
2011-05-06,21.08,21.36,20.7,20.78,146800.0
2011-05-05,20.22,21.1,20.22,20.79,59300.0
2011-05-04,20.95,21.34,20.03,20.34,127000.0
2011-05-03,20.71,20.71,20.29,20.34,60000.0
2011-05-02,21.04,21.0799,20.66,20.7,61000.0
2011-04-29,21.42,21.52,20.85,20.94,99000.0
2011-04-28,20.95,21.495,20.95,21.36,46300.0
2011-04-27,21.14,21.1504,20.83,21.01,49100.0
2011-04-26,20.5,21.32,20.45,21.16,61000.0
2011-04-25,20.07,20.6,19.99,20.46,39400.0
2011-04-21,20.0,20.21,19.87,20.06,72200.0
2011-04-20,19.87,19.9,19.74,19.83,64700.0
2011-04-19,19.65,19.71,19.45,19.65,26700.0
2011-04-18,19.99,19.99,19.25,19.55,79400.0
2011-04-15,19.35,20.0,19.2,20.0,74600.0
2011-04-14,19.32,19.5,19.15,19.44,29400.0
2011-04-13,20.1,20.1,19.3,19.43,58800.0
2011-04-12,20.02,20.16,19.97,20.0,34000.0
2011-04-11,20.06,20.34,20.0,20.1,35800.0
2011-04-08,20.28,20.34,19.94,20.05,65700.0
2011-04-07,20.48,20.65,20.12,20.13,54000.0
2011-04-06,20.46,20.79,20.33,20.42,51200.0
2011-04-05,20.76,20.88,20.34,20.4,65600.0
2011-04-04,20.7,20.87,20.64,20.83,30100.0
2011-04-01,20.78,20.78,20.4,20.6,40800.0
2011-03-31,20.44,20.8,20.44,20.58,61300.0
2011-03-30,20.32,20.6,20.21,20.43,54600.0
2011-03-29,20.19,20.33,20.15,20.26,36400.0
2011-03-28,20.08,20.35,20.02,20.19,51400.0
2011-03-25,20.13,20.46,20.0,20.06,46600.0
2011-03-24,19.99,20.24,19.89,20.03,84400.0
2011-03-23,19.77,19.93,19.62,19.86,75400.0
2011-03-22,19.96,20.07,19.81,19.85,34500.0
2011-03-21,19.75,19.96,19.74,19.96,36600.0
2011-03-18,19.42,19.56,19.32,19.45,184200.0
2011-03-17,19.48,19.52,19.18,19.29,69300.0
2011-03-16,19.21,19.36,19.01,19.12,68700.0
2011-03-15,19.1,19.56,19.1,19.36,52500.0
2011-03-14,19.78,19.97,19.55,19.59,65200.0
2011-03-11,19.58,20.09,19.46,20.03,97600.0
2011-03-10,19.84,19.9,19.58,19.65,74200.0
2011-03-09,19.96,20.2,19.85,20.14,54600.0
2011-03-08,19.61,20.0,19.17,19.92,47200.0
2011-03-07,20.16,20.16,19.51,19.62,49500.0
2011-03-04,20.21,20.26,19.98,20.15,62500.0
2011-03-03,19.87,20.3,19.79,20.3,39100.0
2011-03-02,19.33,19.75,19.25,19.65,40600.0
2011-03-01,19.86,19.88,19.14,19.29,127700.0
2011-02-28,20.16,20.16,19.51,19.76,122100.0
2011-02-25,20.18,20.29,20.03,20.21,33900.0
2011-02-24,19.97,20.27,19.93,20.09,90000.0
2011-02-23,19.87,20.17,19.67,19.91,69000.0
2011-02-22,19.92,20.0,19.64,19.85,104100.0
2011-02-18,20.12,20.19,19.91,20.13,63400.0
2011-02-17,19.85,20.07,19.7401,20.07,26600.0
2011-02-16,19.93,19.99,19.71,19.96,57700.0
2011-02-15,19.61,19.99,19.51,19.93,39000.0
2011-02-14,19.9,19.99,19.63,19.67,37900.0
2011-02-11,19.51,19.87,19.51,19.83,39700.0
2011-02-10,19.69,19.84,19.52,19.55,62500.0
2011-02-09,19.71,20.2,19.21,19.91,112000.0
2011-02-08,18.74,19.21,18.6,19.14,33400.0
2011-02-07,18.58,18.93,18.53,18.8,23500.0
2011-02-04,18.8,18.89,18.3,18.51,72900.0
2011-02-03,18.93,19.0,18.42,18.74,46200.0
2011-02-02,19.14,19.14,18.8,19.0,25500.0
2011-02-01,18.62,19.32,18.45,19.26,48600.0
2011-01-31,18.42,18.88,18.01,18.46,58600.0
2011-01-28,19.39,19.39,18.26,18.32,95700.0
2011-01-27,19.19,19.58,19.19,19.36,46500.0
2011-01-26,18.6,19.33,18.6,19.31,71500.0
2011-01-25,18.06,18.64,18.06,18.51,150400.0
2011-01-24,17.88,18.34,17.88,18.1,47000.0
2011-01-21,18.36,18.36,17.92,17.93,78900.0
2011-01-20,18.62,18.87,18.15,18.2,63900.0
2011-01-19,19.42,19.42,18.7,18.78,56300.0
2011-01-18,19.49,19.66,19.24,19.5,40600.0
2011-01-14,19.23,19.67,19.03,19.6,44200.0
2011-01-13,19.55,19.68,19.15,19.21,30500.0
2011-01-12,19.6,19.76,19.5,19.57,20400.0
2011-01-11,19.45,19.67,19.31,19.5,42200.0
2011-01-10,19.32,19.49,18.96,19.35,51100.0
2011-01-07,19.43,19.46,19.14,19.46,39300.0
2011-01-06,18.88,19.35,18.8,19.35,46200.0
2011-01-05,19.02,19.17,18.77,18.94,40100.0
2011-01-04,19.7,19.7,18.91,19.0,56700.0
2011-01-03,19.31,19.72,19.24,19.61,33700.0
2010-12-31,19.44,19.53,19.02,19.08,38200.0
2010-12-30,19.45,19.7,19.43,19.47,17000.0
2010-12-29,19.73,19.73,19.52,19.58,17200.0
2010-12-28,19.79,19.84,19.49,19.65,29100.0
2010-12-27,19.22,19.84,19.13,19.82,25500.0
2010-12-23,19.37,19.37,19.07,19.26,22400.0
2010-12-22,18.89,19.37,18.88,19.37,31400.0
2010-12-21,18.76,18.87,18.6,18.83,56300.0
2010-12-20,18.86,18.9,18.6,18.66,36400.0
2010-12-17,18.75,18.8,18.518,18.75,130900.0
2010-12-16,18.87,18.91,18.67,18.75,85100.0
2010-12-15,19.09,19.15,18.77,18.84,67900.0
2010-12-14,19.25,19.27,18.9,19.1,79000.0
2010-12-13,19.14,19.57,18.98,19.14,88200.0
2010-12-10,18.97,19.07,18.9,19.06,53600.0
2010-12-09,19.16,19.16,18.86,18.89,52400.0
2010-12-08,19.18,19.21,18.97,18.98,34500.0
2010-12-07,19.16,19.28,18.98,19.1,44000.0
2010-12-06,18.92,19.03,18.85,18.92,55200.0
2010-12-03,19.16,19.16,18.79,18.99,37900.0
2010-12-02,19.25,19.44,18.87,19.27,53300.0
2010-12-01,19.55,19.77,19.1,19.19,63400.0
2010-11-30,19.17,19.3903,19.09,19.21,133500.0
2010-11-29,18.72,19.629,18.7,19.39,81100.0
2010-11-26,18.97,19.09,18.67,18.86,18100.0
2010-11-24,19.06,19.17,18.89,19.14,33500.0
2010-11-23,19.0,19.1,18.73,18.91,41300.0
2010-11-22,19.02,19.29,18.83,19.25,58200.0
2010-11-19,19.05,19.72,19.0,19.15,99000.0
2010-11-18,19.63,19.91,19.05,19.12,59800.0
2010-11-17,19.42,19.45,19.08,19.39,48300.0
2010-11-16,19.65,19.77,19.24,19.42,42700.0
2010-11-15,19.93,20.08,19.65,19.83,47200.0
2010-11-12,20.07,20.39,19.77,19.81,70600.0
2010-11-11,20.94,21.25,20.14,20.19,117200.0
2010-11-10,20.69,21.24,20.29,21.2,251800.0
2010-11-09,20.41,20.82,20.31,20.67,237600.0
2010-11-08,19.93,20.51,19.67,20.33,110200.0
2010-11-05,19.5,20.14,19.49,20.06,129000.0
2010-11-04,17.86,19.6,17.86,19.59,147600.0
2010-11-03,17.62,17.75,17.09,17.56,42100.0
2010-11-02,17.1,17.69,17.1,17.56,82500.0
2010-11-01,16.92,17.06,16.6,16.91,73600.0
2010-10-29,17.09,17.14,16.84,16.87,48000.0
2010-10-28,16.98,17.2399,16.57,17.08,73300.0
2010-10-27,16.79,16.91,16.5,16.8,67800.0
2010-10-26,16.85,17.15,16.75,16.91,83100.0
2010-10-25,17.15,17.19,16.97,16.98,55200.0
2010-10-22,16.95,17.03,16.93,17.01,33200.0
2010-10-21,17.06,17.08,16.73,16.92,75200.0
2010-10-20,16.77,17.25,16.74,16.95,97200.0
2010-10-19,17.29,17.41,16.5701,16.66,97700.0
2010-10-18,17.47,17.58,17.37,17.53,88500.0
2010-10-15,17.72,17.81,17.38,17.49,116800.0
2010-10-14,17.21,17.61,17.15,17.56,71600.0
2010-10-13,17.01,17.32,16.82,17.19,114700.0
2010-10-12,16.81,17.03,16.53,16.94,66100.0
2010-10-11,16.94,17.0,16.83,16.9,52600.0
2010-10-08,16.73,17.2,16.73,16.99,59000.0
2010-10-07,16.86,16.97,16.61,16.75,40100.0
2010-10-06,16.8,16.8,16.51,16.71,51600.0
2010-10-05,16.53,16.97,16.1,16.88,62800.0
2010-10-04,16.83,16.939,16.29,16.35,62200.0
2010-10-01,17.01,17.01,16.62,16.85,101900.0
2010-09-30,16.69,17.0,16.64,16.85,104900.0
2010-09-29,15.9,16.65,15.89,16.55,122600.0
2010-09-28,16.13,16.28,15.51,15.89,97100.0
2010-09-27,16.41,16.41,15.89,16.05,55500.0
2010-09-24,15.95,16.42,15.83,16.37,85400.0
2010-09-23,16.0,16.12,15.271,15.75,122900.0
2010-09-22,16.4,16.51,16.01,16.15,35200.0
2010-09-21,16.9,16.96,16.44,16.45,40800.0
2010-09-20,16.2,16.99,15.97,16.92,68900.0
2010-09-17,16.29,16.38,15.71,16.18,90400.0
2010-09-16,16.47,16.5,16.07,16.14,33000.0
2010-09-15,16.03,16.6,15.86,16.54,59200.0
2010-09-14,16.76,16.76,16.02,16.05,98200.0
2010-09-13,17.0,17.0,16.54,16.85,87600.0
2010-09-10,16.51,16.96,16.51,16.85,49800.0
2010-09-09,16.63,16.975,16.44,16.63,61600.0
2010-09-08,16.29,16.6,16.29,16.39,61300.0
2010-09-07,16.2,16.34,15.91,16.3,57600.0
2010-09-03,16.11,16.34,15.89,16.24,53800.0
2010-09-02,16.33,16.33,15.54,15.95,53400.0
2010-09-01,16.17,16.4,15.94,16.23,87300.0
2010-08-31,15.69,16.05,15.53,15.92,69400.0
2010-08-30,16.26,16.41,15.65,15.75,77600.0
2010-08-27,16.07,16.42,15.8,16.37,49800.0
2010-08-26,16.0,16.12,15.85,15.95,55900.0
2010-08-25,15.69,16.0801,15.69,15.96,118800.0
2010-08-24,15.99,16.13,15.75,15.85,89800.0
2010-08-23,16.24,16.24,15.9,16.0,106500.0
2010-08-20,15.88,16.24,15.88,16.08,137400.0
2010-08-19,16.25,16.39,15.72,15.99,133300.0
2010-08-18,16.32,16.49,15.38,16.43,226100.0
2010-08-17,18.04,18.04,13.04,16.39,563500.0
2010-08-16,18.6,19.41,18.6,19.23,66800.0
2010-08-13,19.26,19.39,19.0,19.2,80600.0
2010-08-12,19.04,19.68,18.98,19.36,50300.0
2010-08-11,20.19,20.19,19.3,19.38,99800.0
2010-08-10,20.51,20.64,20.22,20.43,65300.0
2010-08-09,20.92,20.93,20.54,20.67,67100.0
2010-08-06,20.43,20.81,20.2,20.75,60300.0
2010-08-05,21.04,21.36,20.66,20.69,113000.0
2010-08-04,20.38,21.32,20.37,21.25,83600.0
2010-08-03,20.19,20.71,20.02,20.22,86800.0
2010-08-02,20.2,20.44,19.96,20.23,47500.0
2010-07-30,19.75,20.265,19.72,19.88,85800.0
2010-07-29,20.24,20.57,19.88,19.92,327100.0
2010-07-28,20.92,21.06,20.31,20.35,61300.0
2010-07-27,21.09,21.24,20.73,20.92,90800.0
2010-07-26,20.61,21.025,20.61,20.95,164300.0
2010-07-23,20.06,20.73,20.01,20.62,49000.0
2010-07-22,19.83,20.25,19.77,20.19,58800.0
2010-07-21,20.23,20.35,19.51,19.55,62000.0
2010-07-20,19.84,20.29,19.83,20.25,73300.0
2010-07-19,19.95,20.1,19.805,20.1,61100.0
2010-07-16,20.79,20.81,19.81,19.85,143700.0
2010-07-15,20.26,20.91,19.935,20.86,158200.0
2010-07-14,19.99,20.41,19.94,20.23,157000.0
2010-07-13,19.66,20.0,19.6,20.0,114900.0
2010-07-12,19.81,19.89,19.37,19.38,92200.0
2010-07-09,19.66,19.96,19.56,19.9,100600.0
2010-07-08,19.0,19.7,19.0,19.69,118600.0
2010-07-07,18.55,18.92,18.47,18.9,103600.0
2010-07-06,18.71,18.92,18.41,18.55,138700.0
2010-07-02,18.6,18.78,18.47,18.64,49000.0
2010-07-01,18.64,18.67,17.97,18.52,107100.0
2010-06-30,18.88,18.98,18.5,18.55,57700.0
2010-06-29,19.16,19.16,18.55,18.83,155900.0
2010-06-28,19.61,19.71,19.33,19.37,88200.0
2010-06-25,19.43,19.74,19.26,19.61,139100.0
2010-06-24,19.42,19.61,19.24,19.35,54000.0
2010-06-23,19.26,19.6,19.0019,19.45,58100.0
2010-06-22,19.87,20.07,19.24,19.28,64500.0
2010-06-21,19.98,20.22,19.65,19.82,79300.0
2010-06-18,19.53,20.0,19.39,19.83,291100.0
2010-06-17,19.16,19.54,19.13,19.47,97100.0
2010-06-16,18.9,19.32,18.88,19.11,113100.0
2010-06-15,18.8,19.08,18.6,19.07,113400.0
2010-06-14,18.32,18.88,18.32,18.69,151700.0
2010-06-11,17.78,18.2,17.78,18.15,123900.0
2010-06-10,17.72,18.04,17.43,18.0,134500.0
2010-06-09,17.9,17.95,17.46,17.54,98300.0
2010-06-08,17.83,18.09,17.47,17.74,99400.0
2010-06-07,17.8,18.11,17.65,17.82,123900.0
2010-06-04,17.8,18.04,17.63,17.74,131100.0
2010-06-03,18.13,18.17,17.82,18.15,92900.0
2010-06-02,17.83,18.06,17.735,18.03,83600.0
2010-06-01,18.23,18.27,17.73,17.77,54000.0
2010-05-28,18.52,18.65,18.31,18.31,57500.0
2010-05-27,18.14,18.63,17.95,18.62,68900.0
2010-05-26,17.94,18.17,17.72,17.78,113700.0
2010-05-25,17.4,17.97,17.29,17.88,70500.0
2010-05-24,17.93,18.02,17.67,17.75,79700.0
2010-05-21,17.61,18.24,17.37,18.0,142800.0
2010-05-20,17.85,18.1,17.61,17.76,135000.0
2010-05-19,17.96,18.56,17.86,18.13,103800.0
2010-05-18,18.48,18.51,18.0,18.06,36600.0
2010-05-17,17.99,18.33,17.81,18.28,65700.0
2010-05-14,18.02,18.02,17.73,17.88,202100.0
2010-05-13,18.56,18.56,18.085,18.18,97400.0
2010-05-12,18.32,18.7,18.01,18.66,78900.0
2010-05-11,17.74,18.49,17.74,18.29,98300.0
2010-05-10,17.81,18.07,17.74,17.96,96400.0
2010-05-07,18.03,18.31,17.3,17.38,170000.0
2010-05-06,18.05,18.72,17.64,18.1,172300.0
2010-05-05,17.45,18.33,17.45,18.18,93700.0
2010-05-04,17.86,17.92,17.43,17.65,65100.0
2010-05-03,18.23,18.23,17.56,18.09,62400.0
2010-04-30,18.57,18.57,18.16,18.2,57200.0
2010-04-29,18.37,18.62,18.3,18.62,41200.0
2010-04-28,18.46,18.5,18.21,18.24,60000.0
2010-04-27,18.43,18.67,18.29,18.38,61000.0
2010-04-26,18.7,18.78,18.41,18.54,237300.0
2010-04-23,18.59,18.75,18.46,18.71,64400.0
2010-04-22,18.46,18.65,18.19,18.63,63600.0
2010-04-21,18.65,18.67,18.37,18.55,74500.0
2010-04-20,18.54,18.71,18.32,18.69,31800.0
2010-04-19,18.21,18.6,18.2,18.42,50300.0
2010-04-16,18.32,18.49,18.19,18.34,93900.0
2010-04-15,18.21,18.38,18.0,18.34,63900.0
2010-04-14,18.24,18.31,18.04,18.28,49000.0
2010-04-13,18.2,18.28,18.04,18.22,46500.0
2010-04-12,18.18,18.2,18.06,18.2,46000.0
2010-04-09,18.35,18.42,17.82,18.12,51200.0
2010-04-08,18.31,18.4,18.11,18.35,125600.0
2010-04-07,18.23,18.44,18.2,18.33,72600.0
2010-04-06,18.06,18.42,18.06,18.3,115400.0
2010-04-05,18.06,18.19,17.98,18.19,96300.0
2010-04-01,17.88,18.08,17.72,17.96,61500.0
2010-03-31,17.81,17.95,17.735,17.75,68400.0
2010-03-30,17.86,18.0,17.66,17.95,44300.0
2010-03-29,17.71,17.82,17.61,17.79,31700.0
2010-03-26,17.92,18.03,17.52,17.69,31800.0
2010-03-25,18.21,18.21,17.75,17.86,109200.0
2010-03-24,18.38,18.44,18.16,18.17,30800.0
2010-03-23,18.4,18.435,18.11,18.39,83800.0
2010-03-22,18.2,18.7,18.15,18.45,116900.0
2010-03-19,18.1,18.4,17.69,18.4,202900.0
2010-03-18,17.87,18.06,17.87,18.04,104400.0
2010-03-17,18.12,18.13,17.88,17.97,116800.0
2010-03-16,18.07,18.2,17.91,18.12,74400.0
2010-03-15,18.04,18.06,17.84,18.06,49800.0
2010-03-12,17.99,18.05,17.8,18.01,121700.0
2010-03-11,17.68,18.0,17.68,17.99,46200.0
2010-03-10,17.77,17.88,17.65,17.82,81500.0
2010-03-09,17.83,17.96,17.73,17.85,64100.0
2010-03-08,18.0,18.0,17.77,17.92,29500.0
2010-03-05,17.75,18.0,17.65,18.0,42000.0
2010-03-04,17.86,17.86,17.49,17.73,37500.0
2010-03-03,17.69,17.88,17.57,17.75,61400.0
2010-03-02,17.32,17.69,17.32,17.63,184200.0
2010-03-01,17.02,17.62,16.82,17.34,107900.0
2010-02-26,17.29,17.51,17.29,17.33,59000.0
2010-02-25,17.1,17.33,16.69,17.33,48200.0
2010-02-24,17.65,17.65,17.24,17.36,66700.0
2010-02-23,17.63,17.69,17.44,17.55,37300.0
2010-02-22,17.53,17.69,17.43,17.6,37500.0
2010-02-19,17.5,17.74,17.199,17.54,62800.0
2010-02-18,17.43,17.525,17.37,17.49,52100.0
2010-02-17,17.34,17.57,17.34,17.43,125400.0
2010-02-16,17.39,17.47,16.958,17.35,91600.0
2010-02-12,16.84,17.35,16.65,17.34,90600.0
2010-02-11,16.87,17.0,16.69,17.0,118500.0
2010-02-10,16.46,17.05,15.9,16.87,121100.0
2010-02-09,15.84,16.79,15.84,16.46,144400.0
2010-02-08,16.0,16.3,15.85,15.97,111200.0
2010-02-05,16.46,16.68,15.94,15.99,120100.0
2010-02-04,16.66,16.78,16.32,16.47,94300.0
2010-02-03,16.76,16.9,16.65,16.71,155800.0
2010-02-02,16.52,16.83,16.52,16.75,160900.0
2010-02-01,16.59,16.7,16.41,16.56,85400.0
2010-01-29,16.77,16.93,16.44,16.59,88600.0
2010-01-28,16.8,16.94,16.5,16.77,67400.0
2010-01-27,16.73,16.97,16.46,16.79,61300.0
2010-01-26,17.1,17.36,16.84,16.85,90800.0
2010-01-25,17.34,17.36,16.95,17.2,72500.0
2010-01-22,17.32,17.42,17.2,17.31,105000.0
2010-01-21,17.39,17.45,17.16,17.3,118900.0
2010-01-20,17.46,17.54,17.17,17.32,54900.0
2010-01-19,17.57,17.85,17.48,17.63,107700.0
2010-01-15,17.59,17.73,17.29,17.59,99700.0
2010-01-14,17.27,17.58,17.13,17.5,64000.0
2010-01-13,17.31,17.41,17.12,17.27,59900.0
2010-01-12,17.37,17.47,16.9,17.21,111000.0
2010-01-11,17.91,17.91,17.44,17.52,26500.0
2010-01-08,17.84,17.98,17.69,17.79,51100.0
2010-01-07,17.54,17.98,17.44,17.94,53700.0
2010-01-06,17.34,17.89,17.27,17.57,100400.0
2010-01-05,17.63,17.69,17.29,17.41,59900.0
2010-01-04,17.72,17.93,17.33,17.61,54700.0
2009-12-31,17.44,17.81,17.44,17.6,54900.0
2009-12-30,17.42,17.54,17.15,17.53,58300.0
2009-12-29,17.52,17.59,17.33,17.57,19500.0
2009-12-28,17.84,17.84,17.3,17.43,56400.0
2009-12-24,17.74,17.85,17.67,17.84,29900.0
2009-12-23,17.17,17.74,16.98,17.73,58600.0
2009-12-22,16.72,17.18,16.51,17.04,102700.0
2009-12-21,16.95,16.99,16.5,16.65,85500.0
2009-12-18,16.68,16.99,16.5,16.96,197600.0
2009-12-17,16.49,16.71,16.46,16.53,78300.0
2009-12-16,16.49,16.54,16.3,16.5,107000.0
2009-12-15,16.35,16.49,16.21,16.4,88000.0
2009-12-14,16.25,16.43,16.12,16.43,39100.0
2009-12-11,16.35,16.39,16.09,16.22,21400.0
2009-12-10,16.24,16.52,16.04,16.23,89800.0
2009-12-09,15.87,16.22,15.76,16.22,93800.0
2009-12-08,16.12,16.12,15.75,15.81,60400.0
2009-12-07,16.07,16.29,16.05,16.16,38700.0
2009-12-04,16.18,16.46,15.87,16.05,85500.0
2009-12-03,16.25,16.45,16.0,16.05,87000.0
2009-12-02,16.41,16.54,16.11,16.16,87500.0
2009-12-01,16.22,16.57,15.96,16.45,256100.0
2009-11-30,16.235,16.28,15.87,16.06,145200.0
2009-11-27,16.17,16.49,16.09,16.15,38100.0
2009-11-25,16.73,16.82,16.62,16.65,31200.0
2009-11-24,16.59,16.82,16.43,16.72,34000.0
2009-11-23,16.61,16.89,16.51,16.64,77200.0
2009-11-20,16.28,16.45,16.25,16.38,61300.0
2009-11-19,16.18,16.72,16.02,16.42,75600.0
2009-11-18,16.49,16.51,16.01,16.32,89000.0
2009-11-17,16.43,16.54,16.21,16.54,74200.0
2009-11-16,16.21,16.74,16.05,16.54,95000.0
2009-11-13,15.88,16.33,15.69,16.05,30000.0
2009-11-12,16.54,16.57,15.74,15.79,109200.0
2009-11-11,16.56,16.71,16.34,16.62,55500.0
2009-11-10,16.42,16.52,16.16,16.32,73000.0
2009-11-09,16.38,16.705,16.2419,16.54,86900.0
2009-11-06,16.13,16.4,15.91,16.22,107600.0
2009-11-05,14.83,16.05,14.5,16.03,148300.0
2009-11-04,15.93,16.5,14.55,14.76,279500.0
2009-11-03,16.16,16.5,15.22,15.98,152300.0
2009-11-02,16.75,17.2,16.6,16.92,72600.0
2009-10-30,16.67,16.88,16.18,16.7,125400.0
2009-10-29,16.84,17.06,16.69,16.82,51000.0
2009-10-28,17.05,17.11,16.63,16.67,56800.0
2009-10-27,17.06,17.34,16.98,17.02,36200.0
2009-10-26,17.29,17.63,16.85,16.96,32000.0
2009-10-23,17.47,17.82,17.13,17.3,64500.0
2009-10-22,16.96,17.6,16.87,17.54,85400.0
2009-10-21,16.89,17.21,16.83,16.93,106400.0
2009-10-20,17.28,17.28,16.86,17.02,47000.0
2009-10-19,17.21,17.49,17.11,17.26,54000.0
2009-10-16,17.07,17.41,16.96,17.25,68400.0
2009-10-15,17.0,17.31,16.92,17.23,76100.0
2009-10-14,16.76,17.19,16.6,17.09,134100.0
2009-10-13,16.45,16.63,16.28,16.55,91500.0
2009-10-12,17.0,17.12,16.3,16.52,120100.0
2009-10-09,17.04,17.19,16.95,17.0,32800.0
2009-10-08,16.99,17.45,16.43,17.01,126400.0
2009-10-07,16.62,16.98,16.51,16.98,55000.0
2009-10-06,16.74,16.97,16.3,16.53,86000.0
2009-10-05,16.73,16.94,16.6,16.76,55400.0
2009-10-02,16.23,16.84,15.9,16.66,94900.0
2009-10-01,16.75,16.9,16.31,16.31,115600.0
2009-09-30,17.31,17.4,16.61,16.77,171700.0
2009-09-29,17.59,17.64,17.19,17.48,73800.0
2009-09-28,17.0,17.7,17.0,17.63,72100.0
2009-09-25,17.33,17.485,16.89,16.98,61000.0
2009-09-24,17.96,18.02,17.18,17.31,68400.0
2009-09-23,18.03,18.17,17.92,17.94,87000.0
2009-09-22,18.17,18.21,18.03,18.08,51200.0
2009-09-21,18.2,18.39,18.0675,18.12,67200.0
2009-09-18,18.38,18.4,18.05,18.4,127400.0
2009-09-17,18.28,18.44,18.1,18.34,108700.0
2009-09-16,18.2,18.35,18.0875,18.25,50600.0
2009-09-15,18.17,18.27,18.1,18.24,43700.0
2009-09-14,17.54,18.47,17.54,18.17,113600.0
2009-09-11,17.87,17.87,17.59,17.7,45400.0
2009-09-10,17.51,17.96,17.26,17.93,59400.0
2009-09-09,17.56,17.75,17.5,17.57,61700.0
2009-09-08,17.71,17.92,17.35,17.66,77500.0
2009-09-04,17.32,17.68,17.3125,17.64,48500.0
2009-09-03,17.51,17.51,17.15,17.51,38900.0
2009-09-02,17.0,17.59,16.81,17.4,271400.0
2009-09-01,18.3,18.3,17.0,17.0,273800.0
2009-08-31,18.55,18.56,18.0,18.54,230000.0
2009-08-28,18.75,18.88,18.336,18.54,154700.0
2009-08-27,18.75,18.75,18.17,18.52,90800.0
2009-08-26,18.66,18.88,18.6,18.87,114200.0
2009-08-25,18.68,18.791,18.54,18.66,226600.0
2009-08-24,18.31,18.76,18.31,18.55,285300.0
2009-08-21,18.17,18.2,17.5,18.13,710200.0
2009-08-20,16.56,16.8,16.46,16.72,85300.0
2009-08-19,16.47,16.86,16.18,16.56,159800.0
2009-08-18,16.86,16.86,16.56,16.72,56400.0
2009-08-17,16.29,16.84,16.26,16.71,70400.0
2009-08-14,17.14,17.23,16.1803,16.45,90800.0
2009-08-13,17.25,17.3,16.86,17.21,104800.0
2009-08-12,17.3,17.56,17.15,17.2,84400.0
2009-08-11,17.34,17.48,17.02,17.24,58500.0
2009-08-10,16.98,17.43,16.89,17.37,46000.0
2009-08-07,16.68,17.16,16.68,17.02,102200.0
2009-08-06,17.34,17.44,16.23,16.59,163000.0
2009-08-05,18.17,18.17,17.1,17.23,236200.0
2009-08-04,17.05,17.33,16.88,17.15,67600.0
2009-08-03,17.26,17.3,16.55,17.16,52000.0
2009-07-31,17.25,17.54,17.09,17.09,51500.0
2009-07-30,17.15,17.53,16.925,17.26,84200.0
2009-07-29,16.93,17.25,16.8,17.02,126200.0
2009-07-28,16.41,17.0,16.32,17.0,60800.0
2009-07-27,16.62,16.74,16.18,16.46,25400.0
2009-07-24,16.59,16.81,16.48,16.59,29600.0
2009-07-23,16.2,16.75,16.14,16.65,117900.0
2009-07-22,16.51,16.59,15.93,16.3,122900.0
2009-07-21,16.66,16.73,16.22,16.6,66200.0
2009-07-20,15.98,16.77,15.95,16.6,190300.0
2009-07-17,16.25,16.5,15.73,15.96,121900.0
2009-07-16,16.0,16.36,16.0,16.27,77200.0
2009-07-15,15.92,16.23,15.67,16.21,94700.0
2009-07-14,15.71,15.83,15.64,15.78,80600.0
2009-07-13,15.78,15.84,15.56,15.67,56600.0
2009-07-10,15.92,16.15,15.48,15.69,70400.0
2009-07-09,16.47,16.48,15.64,16.04,116300.0
2009-07-08,16.1,16.35,15.9,16.28,153800.0
2009-07-07,16.18,16.4,15.96,16.0,235400.0
2009-07-06,15.85,16.11,15.75,16.04,311400.0
2009-07-02,15.85,16.11,15.59,15.94,81900.0
2009-07-01,15.64,16.24,15.64,16.03,397800.0
2009-06-30,15.66,15.72,15.32,15.59,156300.0
2009-06-29,15.85,15.97,15.47,15.69,278200.0
2009-06-26,14.57,16.23,14.57,15.85,1060600.0
2009-06-25,15.23,15.5,15.14,15.47,124300.0
2009-06-24,15.09,15.385,15.0,15.19,152300.0
2009-06-23,15.03,15.33,14.84,14.92,136300.0
2009-06-22,15.36,15.42,14.88,14.91,139600.0
2009-06-19,15.28,15.49,15.21,15.42,171400.0
2009-06-18,14.7,15.2,14.7,15.17,120900.0
2009-06-17,14.25,14.71,14.15,14.63,81400.0
2009-06-16,14.49,14.52,14.15,14.19,55400.0
2009-06-15,14.52,14.61,14.11,14.35,38200.0
2009-06-12,14.15,14.7,14.15,14.61,127100.0
2009-06-11,14.27,14.67,14.14,14.21,205000.0
2009-06-10,14.07,14.29,13.8,14.22,75800.0
2009-06-09,14.53,14.53,13.91,14.0,121500.0
2009-06-08,15.08,15.09,14.4,14.63,38700.0
2009-06-05,15.35,15.35,14.99,15.09,37800.0
2009-06-04,15.31,15.38,15.13,15.28,99100.0
2009-06-03,14.92,15.32,14.72,15.31,114600.0
2009-06-02,14.77,15.0,14.69,14.98,383600.0
2009-06-01,14.42,14.8,14.38,14.79,160400.0
2009-05-29,14.29,14.46,14.13,14.26,88300.0
2009-05-28,14.4,14.52,14.18,14.3,142100.0
2009-05-27,14.35,14.53,14.25,14.29,154600.0
2009-05-26,14.2,14.64,14.2,14.36,132700.0
2009-05-22,14.65,14.7,14.18,14.24,39000.0
2009-05-21,14.24,14.64,14.18,14.6,94200.0
2009-05-20,14.63,14.8,14.3,14.37,107800.0
2009-05-19,14.61,14.68,14.23,14.51,78500.0
2009-05-18,14.56,14.7,14.15,14.68,70700.0
2009-05-15,14.38,14.66,14.19,14.44,52900.0
2009-05-14,14.06,14.68,14.05,14.38,88400.0
2009-05-13,14.22,14.59,13.9,14.04,79900.0
2009-05-12,14.39,14.62,14.01,14.44,241700.0
2009-05-11,14.01,14.46,13.64,14.35,411800.0
2009-05-08,13.78,14.39,13.7525,14.29,223000.0
2009-05-07,13.54,13.8,13.5,13.8,148500.0
2009-05-06,13.24,13.53,13.03,13.53,120400.0
2009-05-05,13.14,13.4,12.344,13.3,87400.0
2009-05-04,12.8,13.06,12.64,13.06,139300.0
2009-05-01,12.75,12.9101,12.54,12.66,97400.0
2009-04-30,13.07,13.11,12.82,12.82,122000.0
2009-04-29,12.53,12.98,12.45,12.93,570200.0
2009-04-28,12.26,12.71,12.12,12.45,90600.0
2009-04-27,12.38,12.67,12.04,12.31,133100.0
2009-04-24,12.89,12.96,12.35,12.54,124700.0
2009-04-23,12.97,13.13,12.5,12.83,125000.0
2009-04-22,12.79,13.17,12.7,12.92,85700.0
2009-04-21,12.83,13.0,12.75,12.96,109200.0
2009-04-20,12.73,12.97,12.15,12.88,126100.0
2009-04-17,12.94,13.05,12.8,12.95,115800.0
2009-04-16,13.05,13.06,12.78,12.9,100000.0
2009-04-15,12.85,13.14,12.74,12.99,57800.0
2009-04-14,13.13,13.13,12.8,12.96,89900.0
2009-04-13,13.14,13.37,12.91,13.33,44200.0
2009-04-09,13.09,13.42,12.92,13.3,79400.0
2009-04-08,12.76,12.85,12.41,12.81,37400.0
2009-04-07,12.69,13.14,12.38,12.75,96900.0
2009-04-06,12.82,12.9,12.47,12.64,64300.0
2009-04-03,12.93,13.1,12.79,13.0,76300.0
2009-04-02,12.7,12.99,12.7,12.92,92300.0
2009-04-01,12.14,12.76,12.06,12.38,108900.0
2009-03-31,11.94,12.32,11.72,12.32,230800.0
2009-03-30,12.01,12.11,11.36,11.77,117800.0
2009-03-27,12.73,12.84,12.37,12.37,55000.0
2009-03-26,12.66,12.99,12.66,12.88,90600.0
2009-03-25,12.37,12.94,12.15,12.64,74400.0
2009-03-24,12.87,12.87,12.19,12.26,82200.0
2009-03-23,12.35,12.98,11.79,12.97,97100.0
2009-03-20,12.89,12.89,12.1,12.11,89300.0
2009-03-19,12.98,13.07,12.66,12.75,92400.0
2009-03-18,12.98,12.99,12.24,12.94,127300.0
2009-03-17,12.1,12.99,12.05,12.99,88900.0
2009-03-16,12.69,12.79,12.01,12.07,77100.0
2009-03-13,12.59,12.69,11.98,12.63,92100.0
2009-03-12,11.82,12.99,11.58,12.64,172400.0
2009-03-11,12.97,12.97,11.65,11.81,232900.0
2009-03-10,11.99,13.0,11.9472,12.97,107800.0
2009-03-09,11.32,12.07,11.22,11.73,96100.0
2009-03-06,10.94,11.47,10.87,11.38,277900.0
2009-03-05,11.39,11.48,10.8,10.94,234500.0
2009-03-04,11.33,11.83,11.24,11.53,112600.0
2009-03-03,11.93,11.93,10.84,11.23,94400.0
2009-03-02,11.9,12.49,11.43,11.75,216800.0
2009-02-27,11.13,11.69,10.67,11.51,138100.0
2009-02-26,12.35,12.35,10.94,11.23,168000.0
2009-02-25,12.26,12.8,11.79,12.28,86200.0
2009-02-24,11.91,12.5,11.91,12.39,99000.0
2009-02-23,13.31,13.31,11.65,11.83,637700.0
2009-02-20,13.86,13.86,12.73,13.3,111500.0
2009-02-19,14.85,14.85,13.46,14.11,169700.0
2009-02-18,13.62,14.03,13.4,13.75,112900.0
2009-02-17,13.58,13.78,12.94,13.59,90600.0
2009-02-13,13.5,14.12,13.44,14.06,112900.0
2009-02-12,12.86,13.58,12.31,13.46,104400.0
2009-02-11,13.79,13.81,12.61,12.95,191700.0
2009-02-10,14.07,14.37,13.66,13.93,168500.0
2009-02-09,13.87,14.17,13.63,14.07,209200.0
2009-02-06,14.0,14.47,13.77,13.95,169900.0
2009-02-05,14.34,14.44,13.99,14.02,112100.0
2009-02-04,14.79,14.99,14.35,14.36,107000.0
2009-02-03,15.0,15.0,14.7,14.83,137900.0
2009-02-02,14.35,15.0,14.3201,14.86,167500.0
2009-01-30,14.26,14.55,14.07,14.39,167200.0
2009-01-29,14.49,14.5,14.02,14.2,88000.0
2009-01-28,14.19,14.65,14.19,14.56,168400.0
2009-01-27,14.02,14.18,13.12,14.14,184800.0
2009-01-26,13.54,14.15,13.54,14.1,200700.0
2009-01-23,13.17,13.7,12.98,13.64,146900.0
2009-01-22,13.07,13.51,12.72,13.48,157400.0
2009-01-21,12.17,13.25,11.9,13.25,167700.0
2009-01-20,13.1,13.13,12.06,12.13,104100.0
2009-01-16,13.1,13.25,12.93,13.24,131000.0
2009-01-15,13.3,13.3,12.5,13.25,136800.0
2009-01-14,12.96,13.21,12.85,13.02,122500.0
2009-01-13,12.82,13.22,12.47,13.16,95200.0
2009-01-12,13.0,13.1,12.69,12.87,102900.0
2009-01-09,13.62,13.62,13.05,13.19,91700.0
2009-01-08,12.63,13.97,12.4,13.69,212800.0
2009-01-07,12.48,12.76,11.7,12.71,645500.0
2009-01-06,12.55,12.62,11.95,12.61,211700.0
2009-01-05,12.55,12.76,12.02,12.43,248900.0
2009-01-02,11.5,13.2,11.25,12.49,405600.0
2008-12-31,12.06,12.51,11.13,11.5,817000.0
2008-12-30,11.47,12.49,11.43,12.08,555900.0
2008-12-29,12.44,12.455,11.24,11.43,111200.0
2008-12-26,12.1,12.64,12.1,12.47,37200.0
2008-12-24,12.02,12.2,11.85,12.02,43300.0
2008-12-23,11.97,12.82,11.6,12.01,303000.0
2008-12-22,12.52,12.57,11.44,11.96,124400.0
2008-12-19,12.94,13.16,12.1,12.5,184700.0
2008-12-18,12.77,13.22,12.26,12.5,75800.0
2008-12-17,12.19,13.23,12.14,12.77,165900.0
2008-12-16,11.44,12.53,11.39,12.39,538100.0
2008-12-15,10.32,11.82,9.98,11.34,240600.0
2008-12-12,9.38,10.31,9.14,10.31,124000.0
2008-12-11,9.07,9.76,9.02,9.46,100600.0
2008-12-10,9.62,9.76,8.66,9.3,92600.0
2008-12-09,9.14,10.09,9.14,9.64,223700.0
2008-12-08,8.39,9.17,8.11,9.17,222700.0
2008-12-05,8.92,9.02,7.9,8.3,224300.0
2008-12-04,9.25,10.15,8.9,8.98,77900.0
2008-12-03,9.0,9.88,8.8,9.32,68800.0
2008-12-02,9.14,9.2,8.84,9.18,36300.0
2008-12-01,10.69,10.69,8.97,9.0,59000.0
2008-11-28,10.74,10.9,10.48,10.9,22800.0
2008-11-26,9.93,10.78,9.544,10.78,54400.0
2008-11-25,8.91,10.04,8.83,10.04,49100.0
2008-11-24,8.06,9.3,8.06,8.88,72900.0
2008-11-21,7.69,8.03,6.51,8.03,157400.0
2008-11-20,9.15,9.15,7.59,7.59,52700.0
2008-11-19,10.21,10.44,9.17,9.17,72200.0
2008-11-18,10.07,10.29,9.65,10.23,70400.0
2008-11-17,9.85,10.56,9.85,10.07,25600.0
2008-11-14,10.73,10.85,9.88,9.88,39000.0
2008-11-13,10.02,11.22,9.73,10.8,79600.0
2008-11-12,10.1,10.32,9.68,10.0,59000.0
2008-11-11,10.57,10.62,10.1,10.17,49300.0
2008-11-10,10.9,10.9,10.55,10.6,24200.0
2008-11-07,10.53,10.8,10.53,10.79,82100.0
2008-11-06,10.52,10.71,10.32,10.5,39400.0
2008-11-05,10.58,11.06,10.5,10.55,63400.0
2008-11-04,10.71,10.93,10.61,10.64,50900.0
2008-11-03,10.18,10.87,10.18,10.67,99100.0
2008-10-31,10.28,11.417,10.11,10.21,222500.0
2008-10-30,11.3,11.52,9.81,10.28,162400.0
2008-10-29,12.09,12.44,11.11,11.22,75700.0
2008-10-28,11.8,12.28,10.5,11.99,90200.0
2008-10-27,12.3,12.64,11.7,11.7,36300.0
2008-10-24,11.82,12.75,11.47,12.37,32300.0
2008-10-23,12.5,13.21,11.84,12.66,61200.0
2008-10-22,12.98,13.08,12.0,12.5,67800.0
2008-10-21,13.44,13.81,13.15,13.2,39900.0
2008-10-20,12.95,13.62,12.35,13.62,34800.0
2008-10-17,13.8,13.98,12.45,12.45,89800.0
2008-10-16,12.45,14.35,12.45,14.06,72500.0
2008-10-15,12.53,13.01,12.35,12.41,63200.0
2008-10-14,13.76,13.99,12.41,12.65,68800.0
2008-10-13,13.78,14.1,12.73,13.67,33600.0
2008-10-10,10.0,14.4,10.0,13.5,181100.0
2008-10-09,13.04,13.11,11.5,12.19,125100.0
2008-10-08,14.2,14.39,12.93,12.99,62700.0
2008-10-07,15.81,16.1,14.22,14.22,34400.0
2008-10-06,15.11,15.77,14.81,15.63,60100.0
2008-10-03,14.97,16.44,14.97,15.64,48100.0
2008-10-02,15.35,15.4357,14.63,14.87,42000.0
2008-10-01,16.11,16.21,15.05,15.25,39400.0
2008-09-30,15.52,16.38,15.52,16.29,36700.0
2008-09-29,17.08,17.08,15.3,15.45,78100.0
2008-09-26,15.7,16.77,15.7,16.58,62900.0
2008-09-25,15.93,16.665,15.7,15.94,763100.0
2008-09-24,16.9,16.9,15.92,15.92,16300.0
2008-09-23,16.99,17.0,16.69,16.69,16200.0
2008-09-22,17.0,17.2,15.0,16.87,23800.0
2008-09-19,17.43,17.55,16.01,17.55,191600.0
2008-09-18,15.68,15.82,15.144,15.81,95000.0
2008-09-17,16.34,16.34,15.19,15.41,90100.0
2008-09-16,15.7,16.81,15.7,16.44,133200.0
2008-09-15,16.45,16.66,15.93,15.93,32700.0
2008-09-12,16.81,16.83,16.5,16.51,22300.0
2008-09-11,17.08,17.1,16.67,16.86,43400.0
2008-09-10,16.83,17.45,16.34,17.13,82600.0
2008-09-09,17.31,17.71,16.6,16.6,68800.0
2008-09-08,17.53,17.66,17.21,17.26,62300.0
2008-09-05,17.25,17.31,16.65,16.99,39800.0
2008-09-04,17.45,17.54,17.1,17.28,43100.0
2008-09-03,17.46,17.8,17.41,17.63,30300.0
2008-09-02,17.05,17.97,17.05,17.47,30300.0
2008-08-29,17.81,17.85,17.03,17.36,34800.0
2008-08-28,17.18,17.87,17.18,17.82,25700.0
2008-08-27,16.91,17.59,16.86,17.2,22500.0
2008-08-26,16.87,17.15,16.72,17.0,13300.0
2008-08-25,17.41,17.44,16.61,16.87,35300.0
2008-08-22,17.15,17.92,17.15,17.4,28000.0
2008-08-21,17.01,17.23,17.01,17.1,21200.0
2008-08-20,16.9,17.39,16.89,17.11,37400.0
2008-08-19,16.9,17.31,16.76,16.9,23800.0
2008-08-18,17.6,18.05,16.97,16.98,52400.0
2008-08-15,17.92,18.0,17.16,17.53,46400.0
2008-08-14,17.18,17.68,17.08,17.65,38600.0
2008-08-13,17.2,17.52,17.11,17.15,54900.0
2008-08-12,17.15,17.6,16.95,17.2,41000.0
2008-08-11,16.85,17.44,16.52,17.22,67700.0
2008-08-08,16.52,17.34,16.43,16.87,124800.0
2008-08-07,16.77,16.93,16.34,16.57,79400.0
2008-08-06,16.79,16.96,15.97,16.82,92600.0
2008-08-05,15.93,16.98,15.5,16.94,199500.0
2008-08-04,15.85,15.92,15.41,15.91,111000.0
2008-08-01,15.87,16.14,15.5,15.89,85300.0
2008-07-31,16.25,16.58,15.69,15.87,62500.0
2008-07-30,16.98,17.24,16.0382,16.49,54200.0
2008-07-29,16.04,16.99,15.98,16.8,74900.0
2008-07-28,15.53,15.99,15.27,15.88,208400.0
2008-07-25,16.4,16.49,15.43,15.65,246400.0
2008-07-24,17.48,17.48,16.08,16.23,283500.0
2008-07-23,17.49,18.08,17.4,17.47,132600.0
2008-07-22,16.73,17.74,16.66,17.49,127300.0
2008-07-21,16.3,16.88,16.3,16.75,48700.0
2008-07-18,16.6,16.6,15.98,16.3,43600.0
2008-07-17,16.78,16.78,15.83,16.61,44700.0
2008-07-16,16.22,16.64,15.95,16.49,99600.0
2008-07-15,16.19,16.66,15.8,16.19,103000.0
2008-07-14,16.35,16.75,16.25,16.43,142500.0
2008-07-11,16.35,16.7,16.14,16.59,145000.0
2008-07-10,16.39,16.77,16.31,16.68,74800.0
2008-07-09,16.52,16.66,16.3,16.44,79600.0
2008-07-08,16.46,16.77,16.18,16.68,121300.0
2008-07-07,16.85,16.94,16.28,16.56,119100.0
2008-07-03,16.9,17.22,16.69,16.85,29200.0
2008-07-02,16.71,17.43,16.71,16.98,99600.0
2008-07-01,16.21,17.03,16.21,16.76,124600.0
2008-06-30,17.37,18.04,16.35,16.35,196900.0
2008-06-27,16.91,17.31,16.34,17.31,586100.0
2008-06-26,16.7,17.03,16.67,16.89,106600.0
2008-06-25,16.84,17.14,16.78,17.0,82800.0
2008-06-24,17.17,17.17,16.67,16.9,89400.0
2008-06-23,17.7,17.7,16.87,17.19,76500.0
2008-06-20,17.62,17.89,16.8625,17.66,150200.0
2008-06-19,17.77,18.1,16.69,17.26,478600.0
2008-06-18,18.51,18.56,18.07,18.11,76500.0
2008-06-17,18.9,18.9,18.5,18.68,44700.0
2008-06-16,18.99,19.04,18.64,18.91,76400.0
2008-06-13,18.85,19.2,18.62,19.14,59600.0
2008-06-12,18.9,19.1,18.71,18.81,50300.0
2008-06-11,19.63,19.63,18.76,18.76,54600.0
2008-06-10,19.18,19.84,19.13,19.77,53800.0
2008-06-09,19.49,19.74,19.13,19.48,117500.0
2008-06-06,19.6,19.84,19.2,19.57,86700.0
2008-06-05,19.4,19.94,19.4,19.8,142900.0
2008-06-04,18.69,19.61,18.66,19.43,137300.0
2008-06-03,18.73,19.0,18.5,18.86,337200.0
2008-06-02,18.9,18.99,17.87,18.64,171900.0
2008-05-30,19.25,19.49,18.92,18.92,271800.0
2008-05-29,18.95,19.25,18.8,19.21,195000.0
2008-05-28,18.97,18.996,18.77,18.95,21700.0
2008-05-27,18.55,19.0,18.55,18.98,74000.0
2008-05-23,18.6,19.0,18.41,18.55,140800.0
2008-05-22,18.33,18.63,18.03,18.6,106500.0
2008-05-21,18.4,18.89,18.18,18.18,58100.0
2008-05-20,17.83,18.4,17.75,18.39,68500.0
2008-05-19,18.21,18.43,18.0,18.02,106800.0
2008-05-16,18.65,18.65,18.0,18.5,67400.0
2008-05-15,18.45,18.56,18.42,18.56,50600.0
2008-05-14,17.52,18.6,17.52,18.56,177900.0
2008-05-13,17.75,17.8,17.43,17.69,78000.0
2008-05-12,18.21,18.21,17.31,17.86,76500.0
2008-05-09,17.65,18.14,17.55,18.07,123200.0
2008-05-08,17.29,17.8,17.09,17.8,191700.0
2008-05-07,17.39,17.41,17.0,17.32,294000.0
2008-05-06,17.85,17.92,16.65,17.29,365600.0
2008-05-05,18.33,18.33,17.88,17.88,287600.0
2008-05-02,18.39,18.4,18.01,18.28,73200.0
2008-05-01,18.17,18.43,18.03,18.25,144600.0
2008-04-30,18.65,18.8,18.2,18.24,151600.0
2008-04-29,18.81,18.85,18.09,18.57,92200.0
2008-04-28,19.0,19.0,18.7,18.81,140600.0
2008-04-25,18.94,19.2,18.7901,19.19,79900.0
2008-04-24,18.65,18.9,18.07,18.9,58500.0
2008-04-23,19.25,19.25,18.5,18.62,70400.0
2008-04-22,18.4,19.34,18.18,19.21,169000.0
2008-04-21,18.22,18.83,18.22,18.63,117300.0
2008-04-18,18.55,18.65,18.35,18.4,66000.0
2008-04-17,18.07,18.41,17.85,18.25,91300.0
2008-04-16,18.12,18.78,18.08,18.19,119400.0
2008-04-15,18.21,18.65,17.44,17.98,160900.0
2008-04-14,18.04,18.48,17.425,18.29,162600.0
2008-04-11,18.2,19.05,17.9,17.96,203700.0
2008-04-10,18.1,18.44,18.06,18.22,96100.0
2008-04-09,18.05,18.35,17.918,18.08,98200.0
2008-04-08,17.5,18.81,17.41,18.13,231400.0
2008-04-07,17.72,17.85,17.34,17.4,63500.0
2008-04-04,17.32,17.8,17.32,17.75,135800.0
2008-04-03,17.65,17.67,17.245,17.26,191300.0
2008-04-02,17.49,17.86,17.45,17.65,272400.0
2008-04-01,18.0,18.0,17.24,17.42,336900.0
2008-03-31,18.47,18.47,17.06,17.65,1320900.0
2008-03-28,18.9,18.9,17.62,18.16,154700.0
2008-03-27,19.42,19.52,18.82,18.97,35800.0
2008-03-26,18.73,19.48,18.58,19.42,32200.0
2008-03-25,18.74,19.56,18.5,18.83,235900.0
2008-03-24,17.88,19.09,17.8,18.88,346700.0
2008-03-20,18.35,18.35,17.36,17.85,337700.0
2008-03-19,17.95,18.75,17.95,18.41,92900.0
2008-03-18,17.92,18.25,17.58,18.0,121400.0
2008-03-17,18.0,18.35,17.01,17.9,101300.0
2008-03-14,19.11,19.14,18.47,18.55,61500.0
2008-03-13,18.5,19.25,18.0,19.2,172200.0
2008-03-12,18.65,18.7,16.83,18.6,412900.0
2008-03-11,19.75,19.75,18.07,18.75,471000.0
2008-03-10,20.0,20.12,19.85,20.0501,119400.0
2008-03-07,20.7,20.75,20.08,20.3,30400.0
2008-03-06,20.8,20.95,20.644,20.644,20700.0
2008-03-05,21.18,21.18,20.02,20.89,64500.0
2008-03-04,22.17,22.25,20.85,21.18,591700.0
2008-03-03,20.99,21.49,20.2,21.29,212300.0
2008-02-29,20.6,20.6,20.1,20.2,25300.0
2008-02-28,20.4,20.68,20.3,20.64,25300.0
2008-02-27,20.1,20.69,20.02,20.59,20900.0
2008-02-26,20.32,20.59,19.77,20.1,47100.0
2008-02-25,20.99,20.99,20.4,20.67,37500.0
2008-02-22,20.51,20.74,20.45,20.5,52100.0
2008-02-21,20.7,20.73,20.47,20.5,30100.0
2008-02-20,20.79,20.85,20.57,20.65,38800.0
2008-02-19,20.63,20.86,20.51,20.8,62200.0
2008-02-15,20.57,20.68,20.5,20.65,29900.0
2008-02-14,20.0,20.43,19.71,20.41,66800.0
2008-02-13,20.9,20.9,19.96,20.0,157300.0
2008-02-12,19.61,20.1,19.61,20.05,199200.0
2008-02-11,20.12,20.12,19.5,19.72,316000.0
2008-02-08,19.19,19.2,18.72,18.98,123800.0
2008-02-07,18.6,19.04,18.56,19.0,101100.0
2008-02-06,19.18,19.61,19.01,19.1,42200.0
2008-02-05,19.0,19.18,18.9001,19.1,29600.0
2008-02-04,18.77,19.33,18.77,19.21,41900.0
2008-02-01,19.2,19.58,18.9,19.28,48900.0
2008-01-31,18.92,19.11,18.77,19.01,36600.0
2008-01-30,18.99,19.26,18.7,19.11,44000.0
2008-01-29,19.35,19.35,18.9,19.2,45800.0
2008-01-28,19.19,19.48,18.86,19.35,46000.0
2008-01-25,19.4,19.95,19.0,19.49,60100.0
2008-01-24,19.25,19.6,18.99,19.59,35600.0
2008-01-23,18.84,19.1,18.05,19.0,69400.0
2008-01-22,17.48,19.24,17.48,18.66,175800.0
2008-01-18,19.99,19.99,18.0,19.16,155800.0
2008-01-17,19.77,20.23,18.89,19.2,74300.0
2008-01-16,18.51,19.99,18.51,19.75,550800.0
2008-01-15,18.4,19.22,18.03,18.98,353200.0
2008-01-14,18.6,18.7,18.5,18.5,56700.0
2008-01-11,19.04,19.04,18.33,18.55,41100.0
2008-01-10,18.31,18.74,18.31,18.61,58900.0
2008-01-09,18.83,18.84,18.36,18.7,97800.0
2008-01-08,18.6,19.68,18.6,18.98,171300.0
2008-01-07,18.18,18.79,18.18,18.55,110500.0
2008-01-04,19.0,19.17,18.0,18.84,194000.0
2008-01-03,20.0,20.048,19.25,19.49,151600.0
2008-01-02,20.37,20.39,19.95,20.0,181400.0
2007-12-31,20.3,20.35,20.0,20.21,128800.0
2007-12-28,20.4,20.48,20.2,20.33,166100.0
2007-12-27,20.58,20.65,20.0,20.25,162300.0
2007-12-26,20.8,21.2,19.96,20.14,228400.0
2007-12-24,19.4,20.91,19.31,20.8,141900.0
2007-12-21,19.15,19.45,19.0,19.1,177400.0
2007-12-20,19.19,19.48,18.97,19.03,171600.0
2007-12-19,19.32,19.5,19.05,19.12,194500.0
2007-12-18,18.8,19.49,18.39,19.15,291600.0
2007-12-17,18.5,18.75,18.0,18.35,205300.0
2007-12-14,18.5,19.0,18.0,18.5,204900.0
2007-12-13,18.5,18.5,18.25,18.4,220600.0
2007-12-12,18.6,18.75,17.76,18.08,456500.0
2007-12-11,17.1,17.73,17.0,17.41,1202200.0
2007-12-10,15.17,15.95,14.98,15.87,224700.0
2007-12-07,14.83,15.9,14.78,15.15,2544700.0
