date,1. open,2. high,3. low,4. close,5. volume
2021-03-17,256.89,260.43,254.84,258.16,847584.0
2021-03-16,260.76,260.89,254.19,256.39,1291411.0
2021-03-15,261.38,261.58,255.8,260.27,987887.0
2021-03-12,262.31,264.36,261.3,261.44,861928.0
2021-03-11,260.76,262.56,259.3,260.75,1008589.0
2021-03-10,260.61,262.58,258.18,259.29,1468692.0
2021-03-09,260.88,263.26,258.96,259.11,1261034.0
2021-03-08,257.33,264.86,255.825,259.22,995441.0
2021-03-05,247.23,257.2,243.155,256.0,1404756.0
2021-03-04,253.5,254.65,240.96,244.71,1873555.0
2021-03-03,255.6,257.18,253.63,254.11,1076640.0
2021-03-02,256.81,258.64,255.73,256.38,1708556.0
2021-03-01,255.59,260.01,254.8,257.83,1256541.0
2021-02-26,255.28,257.21,251.41,252.06,1339059.0
2021-02-25,257.66,261.04,252.42,254.1,2542264.0
2021-02-24,257.2,264.11,256.61,261.78,974053.0
2021-02-23,260.8,262.17,255.9,257.89,957606.0
2021-02-22,257.5,262.07,256.21,260.24,1304191.0
2021-02-19,252.89,258.93,252.5,258.03,976102.0
2021-02-18,251.11,252.61,247.06,251.71,938532.0
2021-02-17,251.93,254.82,250.54,253.03,906288.0
2021-02-16,256.33,258.4,254.26,256.4,1325014.0
2021-02-12,248.35,255.98,248.14,254.84,1303070.0
2021-02-11,245.6,249.41,244.89,248.91,997312.0
2021-02-10,246.89,247.96,244.225,245.29,734118.0
2021-02-09,244.07,247.07,241.65,245.82,818068.0
2021-02-08,246.08,246.4,240.78,243.8,919387.0
2021-02-05,247.34,249.54,245.63,245.66,972425.0
2021-02-04,246.36,248.57,243.77,245.57,1225531.0
2021-02-03,246.74,247.79,244.52,246.25,813245.0
2021-02-02,241.0,248.22,240.72,246.35,1273342.0
2021-02-01,238.24,241.11,237.92,239.91,928768.0
2021-01-29,239.43,242.34,236.1,236.62,1413066.0
2021-01-28,239.1,245.095,234.39,241.79,1297531.0
2021-01-27,234.21,241.08,230.15,235.64,1708646.0
2021-01-26,246.89,247.14,237.44,238.09,1194872.0
2021-01-25,242.26,246.48,240.08,245.96,1300746.0
2021-01-22,245.03,245.625,240.68,244.22,1205545.0
2021-01-21,250.71,251.91,245.13,245.36,1147991.0
2021-01-20,250.95,253.91,247.88,253.43,1076993.0
2021-01-19,254.4,256.465,249.525,249.84,1038024.0
2021-01-15,250.61,253.24,248.1,252.95,1065537.0
2021-01-14,254.82,256.06,251.88,252.46,690003.0
2021-01-13,257.86,258.17,252.89,254.48,1029612.0
2021-01-12,253.84,257.86,252.05,256.44,1013602.0
2021-01-11,252.23,256.7,252.0,254.37,832210.0
2021-01-08,250.77,257.7,248.7801,254.04,1563200.0
2021-01-07,245.0,250.03,244.3,249.85,1350704.0
2021-01-06,235.54,244.55,235.54,243.35,1199412.0
2021-01-05,233.0,237.5823,232.83,235.71,1368498.0
2021-01-04,238.31,239.82,231.18,233.44,1558343.0
2020-12-31,236.45,238.05,234.39,237.61,698287.0
2020-12-30,234.34,236.94,234.0,235.98,665919.0
2020-12-29,236.93,238.37,232.45,233.99,929851.0
2020-12-28,236.22,238.47,235.19,236.71,783740.0
2020-12-24,233.22,234.935,231.63,234.39,383082.0
2020-12-23,231.92,234.2,230.5,233.12,1209222.0
2020-12-22,229.76,232.51,229.52,230.5,808781.0
2020-12-21,228.24,231.64,226.09,230.14,891623.0
2020-12-18,230.75,233.03,228.82,232.39,2162262.0
2020-12-17,230.12,231.01,227.99,230.69,1097124.0
2020-12-16,230.19,230.72,226.69,228.7,1081798.0
2020-12-15,231.09,232.065,227.77,229.8,1210400.0
2020-12-14,236.98,237.04,228.9,229.25,2004873.0
2020-12-11,234.89,237.3,234.35,235.25,1161227.0
2020-12-10,239.0,240.33,235.855,236.5,1212187.0
2020-12-09,238.46,241.58,238.04,240.86,972000.0
2020-12-08,237.39,239.67,237.015,238.67,932549.0
2020-12-07,239.0,240.195,237.125,239.06,904280.0
2020-12-04,237.69,240.38,237.69,240.19,906199.0
2020-12-03,241.05,242.23,236.6,237.15,1308669.0
2020-12-02,237.88,241.0,237.49,239.67,1180050.0
2020-12-01,240.4,243.37,238.4,238.75,1787052.0
2020-11-30,241.84,244.49,236.78,237.02,2149114.0
2020-11-27,242.53,244.02,240.715,242.72,537180.0
2020-11-25,242.55,242.72,238.46,241.46,1340909.0
2020-11-24,245.26,245.93,241.365,242.52,1241481.0
2020-11-23,243.33,244.4512,239.74,242.85,1602415.0
2020-11-20,242.15,243.87,240.25,240.8,810225.0
2020-11-19,240.94,242.79,237.75,242.1,959462.0
2020-11-18,245.51,247.98,241.81,241.87,1240182.0
2020-11-17,244.33,245.79,241.33,245.64,900218.0
2020-11-16,241.34,247.25,240.71,246.77,1382329.0
2020-11-13,231.04,239.96,231.04,239.26,1950220.0
2020-11-12,232.21,233.52,228.83,230.66,974031.0
2020-11-11,239.02,239.02,230.93,233.09,1271999.0
2020-11-10,231.71,236.48,229.34,236.18,1691232.0
2020-11-09,235.95,243.82,228.905,230.42,1842619.0
2020-11-06,224.4,225.57,222.6,223.16,905990.0
2020-11-05,222.67,228.15,222.29,225.79,1305944.0
2020-11-04,225.42,229.28,220.75,220.79,1967724.0
2020-11-03,217.82,224.88,217.14,223.5,2096487.0
2020-11-02,211.84,215.14,208.89,215.06,1740274.0
2020-10-30,204.45,209.19,204.45,209.12,2214310.0
2020-10-29,197.77,208.45,197.77,205.62,2082742.0
2020-10-28,197.43,201.51,196.15,198.11,2077745.0
2020-10-27,210.84,210.84,203.35,203.64,1771167.0
2020-10-26,212.57,212.6144,208.92,210.66,1158070.0
2020-10-23,213.5,216.27,213.5,215.4,801343.0
2020-10-22,213.11,216.59,211.67,213.13,1219413.0
2020-10-21,214.5,216.09,212.51,212.56,1349076.0
2020-10-20,214.3,218.87,214.12,215.87,594669.0
2020-10-19,218.56,219.82,213.38,213.67,1056393.0
2020-10-16,220.58,221.38,217.29,218.75,866218.0
2020-10-15,214.15,219.77,213.76,219.35,938436.0
2020-10-14,215.98,219.18,215.915,217.35,908222.0
2020-10-13,217.0,219.21,214.45,214.98,788159.0
2020-10-12,219.85,221.38,216.93,217.23,1265929.0
2020-10-09,219.5,219.6203,216.2401,218.39,730316.0
2020-10-08,219.57,220.72,213.56,216.39,1584264.0
2020-10-07,214.39,218.47,214.39,216.86,878486.0
2020-10-06,216.91,218.26,213.23,213.52,987714.0
2020-10-05,215.51,216.59,214.29,215.16,1173301.0
2020-10-02,208.98,216.01,208.17,212.66,2294655.0
2020-10-01,215.73,215.84,210.5,211.85,1457548.0
2020-09-30,217.53,219.0,212.85,213.99,1669537.0
2020-09-29,220.5,221.49,215.8,215.81,1544430.0
2020-09-28,221.91,222.82,219.8,221.02,1129851.0
2020-09-25,215.11,219.68,214.43,219.16,946938.0
2020-09-24,213.18,217.26,211.355,214.43,938984.0
2020-09-23,217.71,220.33,211.9,213.43,1475436.0
2020-09-22,215.24,217.19,214.42,216.39,973081.0
2020-09-21,217.2,218.6,210.82,214.31,1279729.0
2020-09-18,222.49,224.3,220.175,221.03,1769968.0
2020-09-17,217.73,224.68,215.07,222.94,1070290.0
2020-09-16,224.04,224.99,220.65,220.91,1121870.0
2020-09-15,220.5,222.98,219.46,222.03,926103.0
2020-09-14,219.54,221.47,218.745,220.29,1516446.0
2020-09-11,213.99,219.13,213.78,217.55,1720806.0
2020-09-10,212.92,215.0,211.775,213.17,1303667.0
2020-09-09,208.73,215.53,208.16,212.3,3595803.0
2020-09-08,207.88,209.35,205.54,206.75,1566966.0
2020-09-04,212.66,214.0,206.93,209.1,1357215.0
2020-09-03,217.01,217.01,209.13,210.59,1485500.0
2020-09-02,215.06,216.53,213.04,214.36,1855147.0
2020-09-01,212.43,215.85,210.72,215.3,973682.0
2020-08-31,214.84,217.0,212.34,212.53,1150959.0
2020-08-28,213.45,215.37,212.58,215.03,677526.0
2020-08-27,213.23,214.5174,212.215,212.85,750595.0
2020-08-26,212.53,214.35,211.01,213.08,829833.0
2020-08-25,212.5,214.28,211.515,213.62,1099179.0
2020-08-24,212.12,212.34,209.73,212.22,763584.0
2020-08-21,206.31,209.71,205.13,208.93,1573384.0
2020-08-20,204.08,207.44,203.13,206.23,770728.0
2020-08-19,207.25,207.87,205.32,205.4,800125.0
2020-08-18,208.95,209.24,205.59,206.33,934874.0
2020-08-17,207.34,209.96,206.61,208.35,997718.0
2020-08-14,204.25,208.295,203.445,206.61,977762.0
2020-08-13,203.77,205.17,203.12,204.38,806895.0
2020-08-12,207.0,208.35,204.81,204.85,1397845.0
2020-08-11,206.77,211.72,205.78,206.08,1891844.0
2020-08-10,201.0,204.61,200.43,204.5,1942739.0
2020-08-07,195.07,199.35,195.07,198.99,1375375.0
2020-08-06,191.78,196.4,191.54,195.77,1388366.0
2020-08-05,193.93,194.73,192.21,193.06,1135776.0
2020-08-04,189.46,192.55,189.03,192.39,1319943.0
2020-08-03,192.38,193.18,188.56,190.47,1224297.0
2020-07-31,187.29,193.22,184.92,192.21,1746247.0
2020-07-30,190.96,191.08,186.15,188.87,1631706.0
2020-07-29,188.07,193.88,185.19,192.82,2315587.0
2020-07-28,189.33,189.91,184.21,185.1,1850774.0
2020-07-27,186.47,190.735,185.17,189.93,1418345.0
2020-07-24,187.01,188.36,186.615,187.01,1099318.0
2020-07-23,187.91,188.8,185.76,186.98,1844556.0
2020-07-22,186.0,191.18,185.93,189.08,1435963.0
2020-07-21,186.5,189.77,186.24,187.18,1335122.0
2020-07-20,186.77,187.74,184.34,186.17,1942997.0
2020-07-17,184.17,189.02,183.82,188.25,1979440.0
2020-07-16,181.0,185.79,180.3,182.92,1431254.0
2020-07-15,181.31,182.14,179.16,181.28,1357341.0
2020-07-14,174.05,178.4,173.39,177.93,1045275.0
2020-07-13,172.38,177.41,171.28,175.13,1144567.0
2020-07-10,170.81,171.69,169.15,170.85,1283331.0
2020-07-09,174.66,175.35,169.62,170.91,1815022.0
2020-07-08,174.13,175.31,172.53,175.26,1214218.0
2020-07-07,176.24,178.34,173.84,174.12,1055807.0
2020-07-06,177.41,179.66,176.76,178.62,1245429.0
2020-07-02,176.05,177.73,173.33,174.51,964105.0
2020-07-01,175.76,177.63,170.79,171.52,1117179.0
2020-06-30,172.12,176.93,171.9,175.57,1257756.0
2020-06-29,170.55,172.995,169.063,172.68,1060231.0
2020-06-26,170.72,172.51,167.41,169.81,2105491.0
2020-06-25,168.85,171.89,166.0,171.68,1163500.0
2020-06-24,172.76,173.93,168.7,169.15,1981319.0
2020-06-23,173.79,175.8,172.39,174.49,1664641.0
2020-06-22,169.98,171.5,167.62,171.47,1507600.0
2020-06-19,176.37,176.78,169.06,170.26,2572705.0
2020-06-18,175.68,176.6,173.69,174.38,1567175.0
2020-06-17,180.04,180.29,176.52,176.97,1106715.0
2020-06-16,185.0,185.0,176.39,178.73,1390656.0
2020-06-15,172.66,178.91,171.29,177.61,1208680.0
2020-06-12,179.85,180.78,173.38,178.18,1323247.0
2020-06-11,182.26,183.0,174.06,174.26,1394820.0
2020-06-10,191.8,192.1,188.48,188.55,1575197.0
2020-06-09,188.57,193.05,186.72,192.05,1370339.0
2020-06-08,194.42,197.48,190.86,191.49,1532198.0
2020-06-05,200.0,200.55,193.69,194.25,1955317.0
2020-06-04,190.49,193.22,190.13,191.5,1321101.0
2020-06-03,187.45,193.78,185.88,192.42,1761485.0
2020-06-02,180.35,185.14,179.97,184.06,1769337.0
2020-06-01,178.12,179.8,175.8,178.34,1937444.0
2020-05-29,179.78,180.17,177.36,178.29,2190335.0
2020-05-28,186.21,186.38,179.51,180.26,1314080.0
2020-05-27,181.72,185.39,181.6,184.98,1332164.0
2020-05-26,177.0,181.3,175.63,179.72,1326592.0
2020-05-22,171.15,172.22,169.41,171.47,1151148.0
2020-05-21,172.69,173.3,168.83,170.56,1178859.0
2020-05-20,172.86,176.36,171.47,173.66,1311609.0
2020-05-19,170.31,172.92,167.47,167.66,1345511.0
2020-05-18,167.41,172.03,165.48,170.73,1314297.0
2020-05-15,164.18,164.71,159.13,160.36,2041325.0
2020-05-14,162.29,166.86,157.48,166.59,1266333.0
2020-05-13,165.39,166.17,161.85,164.54,1325351.0
2020-05-12,173.7,174.12,166.69,166.79,1388886.0
2020-05-11,172.94,175.32,171.45,174.06,890544.0
2020-05-08,171.91,175.26,171.46,174.75,768402.0
2020-05-07,170.37,172.81,168.82,169.58,1046001.0
2020-05-06,172.09,173.83,167.77,168.19,1107063.0
2020-05-05,170.37,173.0,170.3,171.36,977997.0
2020-05-04,169.75,169.75,164.91,168.01,1226670.0
2020-05-01,168.63,170.9,166.59,170.73,1505220.0
2020-04-30,174.2,178.85,170.42,171.1,2205399.0
2020-04-29,178.33,184.85,177.19,180.33,2290410.0
2020-04-28,170.64,172.74,167.58,170.64,1991930.0
2020-04-27,163.1,167.81,161.46,166.87,1705069.0
2020-04-24,157.24,161.09,155.32,160.68,1691082.0
2020-04-23,156.95,160.09,154.58,155.86,1968560.0
2020-04-22,153.01,155.33,150.73,153.78,1541492.0
2020-04-21,149.27,151.67,147.37,150.0,2496426.0
2020-04-20,158.18,158.64,151.41,153.7,1697980.0
2020-04-17,157.41,161.42,155.99,160.67,1752038.0
2020-04-16,153.05,153.6,149.53,153.25,1356334.0
2020-04-15,151.19,154.48,150.28,153.85,1282169.0
2020-04-14,156.69,158.99,154.3,155.49,1093789.0
2020-04-13,159.13,159.3,152.75,154.29,1335708.0
2020-04-09,160.36,164.67,157.02,159.3,2213636.0
2020-04-08,155.46,160.26,154.26,158.97,1385877.0
2020-04-07,159.69,161.99,153.04,153.53,2062354.0
2020-04-06,150.74,155.9,149.81,154.75,2698135.0
2020-04-03,143.3,144.38,140.68,142.32,2285901.0
2020-04-02,138.09,144.11,136.65,143.72,2982390.0
2020-04-01,138.69,142.42,137.81,140.01,2067650.0
2020-03-31,147.03,149.89,144.72,146.0,2316788.0
2020-03-30,143.34,149.92,142.04,148.29,2010023.0
2020-03-27,140.82,146.62,138.71,143.36,1565294.0
2020-03-26,143.19,149.1,140.3,146.92,2522640.0
2020-03-25,137.0,150.74,135.95,140.4,2947732.0
2020-03-24,127.02,141.12,125.81,140.23,2723024.0
2020-03-23,121.83,123.84,112.62,118.88,3417414.0
2020-03-20,138.77,138.77,123.51,123.71,2712111.0
2020-03-19,128.33,139.31,125.84,136.33,2349133.0
2020-03-18,129.07,132.71,119.29,130.84,2745043.0
2020-03-17,128.56,142.13,125.53,139.59,2661982.0
2020-03-16,132.52,141.86,126.34,126.44,2617569.0
2020-03-13,141.24,147.35,136.27,146.86,3268464.0
2020-03-12,137.33,141.93,129.24,133.5,3938172.0
2020-03-11,155.67,156.97,148.63,151.36,2527804.0
2020-03-10,160.89,161.89,152.41,160.51,2673410.0
2020-03-09,159.46,164.25,151.37,154.5,3101149.0
2020-03-06,168.86,175.25,168.04,174.6,2163606.0
2020-03-05,177.48,179.52,174.0,175.35,1912416.0
2020-03-04,179.48,184.48,177.64,184.24,1832080.0
2020-03-03,182.32,187.63,175.09,176.86,2129623.0
2020-03-02,183.74,184.62,177.49,182.59,2540581.0
2020-02-28,179.21,182.58,176.4,182.35,3173527.0
2020-02-27,185.84,193.05,183.26,184.28,4335716.0
2020-02-26,195.44,196.99,189.42,190.07,1956013.0
2020-02-25,203.57,203.83,193.93,194.85,2170978.0
2020-02-24,201.28,203.66,200.0,203.0,1557338.0
2020-02-21,210.79,211.61,206.8,208.05,1363390.0
2020-02-20,209.15,211.09,208.14,210.81,949140.0
2020-02-19,208.67,210.45,208.25,209.17,703374.0
2020-02-18,208.61,210.39,207.03,208.02,977579.0
2020-02-14,210.44,211.21,208.79,209.35,711434.0
2020-02-13,209.7,211.38,209.0,210.49,848564.0
2020-02-12,210.77,212.73,209.88,210.92,891738.0
2020-02-11,210.63,213.31,209.07,209.17,1425218.0
2020-02-10,208.92,209.79,207.66,209.25,2338347.0
2020-02-07,211.34,212.1,208.98,210.18,2259976.0
2020-02-06,213.46,214.54,212.02,212.68,1001820.0
2020-02-05,214.87,214.95,213.17,213.8,1409799.0
2020-02-04,209.44,213.27,209.2,211.87,2551182.0
2020-02-03,209.92,210.4,206.73,206.99,1971772.0
2020-01-31,212.26,212.75,207.52,208.21,2163343.0
2020-01-30,212.19,215.095,211.54,214.5,1917132.0
2020-01-29,217.2,219.88,214.83,214.83,3193419.0
2020-01-28,203.0,205.72,202.56,204.76,1456551.0
2020-01-27,203.26,205.83,202.6,202.66,1314136.0
2020-01-24,208.0,209.9,206.91,207.86,1129449.0
2020-01-23,202.35,208.84,201.71,208.61,1301547.0
2020-01-22,205.55,205.62,202.57,203.14,1447827.0
2020-01-21,208.5,208.81,203.78,204.62,1455191.0
2020-01-17,205.19,209.4,203.85,209.32,2247150.0
2020-01-16,203.98,206.6,203.71,206.25,1851385.0
2020-01-15,201.76,203.84,200.82,202.89,1584635.0
2020-01-14,200.39,203.43,199.97,201.7,1315939.0
2020-01-13,197.21,200.38,196.74,200.28,1418391.0
2020-01-10,198.91,200.72,197.23,197.55,1459443.0
2020-01-09,198.82,198.98,197.63,198.3,1812005.0
2020-01-08,196.82,199.35,195.98,197.63,1133635.0
2020-01-07,196.52,197.73,195.13,196.71,1478895.0
2020-01-06,195.17,196.17,194.2,195.93,2076791.0
2020-01-03,193.19,196.59,193.19,196.44,2003662.0
2020-01-02,195.05,196.8,194.27,196.8,1458845.0
2019-12-31,193.33,194.42,192.93,194.13,800706.0
2019-12-30,195.2,195.5,192.71,193.61,755163.0
2019-12-27,194.88,195.58,194.01,195.2,490838.0
2019-12-26,195.05,195.06,193.22,194.45,693671.0
2019-12-24,194.66,195.21,194.07,194.91,386273.0
2019-12-23,194.04,194.94,193.37,194.29,1914105.0
2019-12-20,193.54,194.94,190.92,194.59,2213235.0
2019-12-19,191.86,193.42,191.42,191.92,1638435.0
2019-12-18,190.88,193.62,190.05,192.54,1957682.0
2019-12-17,191.3,193.25,190.12,190.43,1463964.0
2019-12-16,192.79,193.64,190.09,190.56,1296988.0
2019-12-13,189.57,191.91,188.44,190.07,1648646.0
2019-12-12,190.92,194.41,189.69,190.51,1819578.0
2019-12-11,188.58,191.13,188.14,191.01,1115411.0
2019-12-10,187.9,190.17,186.95,188.68,1038564.0
2019-12-09,190.02,190.62,188.23,188.96,1156034.0
2019-12-06,190.59,192.25,189.51,190.93,1308036.0
2019-12-05,188.59,189.08,186.29,187.9,1988794.0
2019-12-04,187.68,189.54,187.21,187.36,2889054.0
2019-12-03,186.87,188.1,185.01,186.21,3459555.0
2019-12-02,193.74,194.12,189.75,190.07,1421329.0
2019-11-29,194.65,194.73,192.74,193.5,948156.0
2019-11-27,196.21,197.02,195.0,195.74,967475.0
2019-11-26,196.43,197.48,195.51,196.21,2337191.0
2019-11-25,193.72,197.0,192.94,196.95,1454819.0
2019-11-22,190.89,193.35,190.32,193.18,1092049.0
2019-11-21,189.98,190.92,188.46,190.61,1032491.0
2019-11-20,192.49,192.7,189.62,189.88,1378554.0
2019-11-19,193.46,194.0,191.89,192.6,1143683.0
2019-11-18,190.56,193.5,189.1,193.37,1331876.0
2019-11-15,192.67,193.14,190.75,191.07,1008837.0
2019-11-14,190.72,191.83,189.69,190.96,660433.0
2019-11-13,191.49,192.19,190.42,190.88,1035098.0
2019-11-12,193.78,194.03,192.18,193.01,1283105.0
2019-11-11,193.94,194.45,192.39,193.98,908728.0
2019-11-08,195.3,196.5,194.48,195.44,895991.0
2019-11-07,194.52,197.67,194.37,195.58,2067354.0
2019-11-06,193.83,193.96,191.39,192.96,1946283.0
2019-11-05,191.96,196.12,191.96,193.78,2485708.0
2019-11-04,191.3,193.26,189.35,192.64,2831029.0
2019-11-01,183.6,189.93,182.98,189.92,2009905.0
2019-10-31,182.83,184.05,179.84,182.0,1481175.0
2019-10-30,184.88,185.28,181.96,184.99,1291175.0
2019-10-29,186.64,187.92,184.94,185.04,1642300.0
2019-10-28,188.38,190.68,186.36,187.76,1670783.0
2019-10-25,183.64,188.5,182.8,188.25,1625766.0
2019-10-24,185.0,186.03,182.48,183.18,1637838.0
2019-10-23,185.72,188.2,182.87,184.87,3176956.0
2019-10-22,186.09,189.24,184.66,188.96,2317628.0
2019-10-21,182.99,186.38,182.99,186.19,2046912.0
2019-10-18,183.2,184.04,180.72,181.91,1685198.0
2019-10-17,182.13,184.81,181.7,183.71,2376329.0
2019-10-16,179.95,182.05,179.51,181.13,1763785.0
2019-10-15,178.54,181.45,177.72,180.71,1591664.0
2019-10-14,177.36,178.64,176.16,178.54,1192018.0
2019-10-11,173.92,179.6,173.92,178.5,1897404.0
2019-10-10,168.51,172.04,168.51,172.02,1236576.0
2019-10-09,169.07,169.8,167.99,169.11,1024708.0
2019-10-08,169.34,169.64,166.57,166.74,1504792.0
2019-10-07,172.11,173.3,171.01,171.67,1128421.0
2019-10-04,171.5,172.88,170.7,172.82,1349195.0
2019-10-03,169.75,171.28,166.58,170.61,2283968.0
2019-10-02,173.32,173.7,169.43,169.69,2044724.0
2019-10-01,180.4,182.12,174.31,174.98,1576110.0
2019-09-30,182.04,182.65,179.2,179.66,1998303.0
2019-09-27,183.45,184.06,180.54,180.87,1188363.0
2019-09-26,183.01,184.24,182.27,182.97,1042604.0
2019-09-25,182.46,183.49,181.26,182.7,1499654.0
2019-09-24,181.96,186.99,181.96,182.91,2672051.0
2019-09-23,178.77,180.26,177.05,179.51,1215340.0
2019-09-20,183.97,184.8,178.8,180.49,2887930.0
2019-09-19,182.14,184.1,180.97,182.6,1139165.0
2019-09-18,179.34,182.47,178.19,182.29,1094843.0
2019-09-17,182.28,182.43,179.09,180.73,1305728.0
2019-09-16,180.33,184.28,179.42,182.28,1327507.0
2019-09-13,179.54,182.7,179.22,182.19,1771418.0
2019-09-12,177.14,179.38,175.61,178.56,1609427.0
2019-09-11,179.0,179.49,175.19,177.06,1886937.0
2019-09-10,176.75,179.07,176.31,178.58,1658425.0
2019-09-09,175.56,178.18,175.2,177.32,1200021.0
2019-09-06,176.75,177.54,174.93,175.06,876294.0
2019-09-05,173.82,176.8,173.81,176.28,1661847.0
2019-09-04,171.59,173.58,170.92,171.57,1506167.0
2019-09-03,172.14,173.26,169.49,170.86,1462466.0
2019-08-30,175.98,177.57,173.81,174.05,1150515.0
2019-08-29,174.21,176.92,173.39,174.45,1442893.0
2019-08-28,169.7,172.89,169.42,172.45,1323641.0
2019-08-27,171.77,172.13,169.49,169.95,1589180.0
2019-08-26,171.28,172.26,169.92,171.35,1561273.0
2019-08-23,173.01,173.76,168.63,169.28,1906316.0
2019-08-22,174.42,176.2,173.42,173.79,1176494.0
2019-08-21,173.19,174.67,173.08,174.2,1305116.0
2019-08-20,173.51,174.49,171.68,171.82,1177159.0
2019-08-19,175.86,177.63,173.91,174.37,1248986.0
2019-08-16,171.31,173.94,171.31,173.0,1325145.0
2019-08-15,171.43,171.88,168.5,169.85,2037154.0
2019-08-14,175.06,175.8,170.78,171.09,1651531.0
2019-08-13,173.86,179.38,173.46,177.5,1689798.0
2019-08-12,176.29,176.51,173.39,174.54,1638900.0
2019-08-09,180.0,180.29,176.37,177.7,1733832.0
2019-08-08,180.22,181.38,179.01,180.51,1742835.0
2019-08-07,179.43,180.5,176.8,179.03,1957488.0
2019-08-06,181.65,182.91,178.68,181.36,1392817.0
2019-08-05,179.0,180.83,178.44,179.93,3278410.0
2019-08-02,184.23,184.81,181.38,182.02,2554614.0
2019-08-01,190.82,191.87,184.82,185.98,3243766.0
2019-07-31,192.5,192.92,189.22,191.12,1663775.0
2019-07-30,190.99,192.97,190.45,192.51,1501307.0
2019-07-29,189.83,192.27,189.76,191.99,1621920.0
2019-07-26,188.57,191.08,187.4,189.99,1957178.0
2019-07-25,185.25,188.42,185.13,187.56,2435953.0
2019-07-24,182.85,192.68,181.24,184.99,6221926.0
2019-07-23,197.22,197.22,194.63,196.67,1734765.0
2019-07-22,195.09,198.17,195.09,196.3,1376481.0
2019-07-19,197.0,198.84,194.78,195.19,1517865.0
2019-07-18,194.36,196.44,193.79,195.86,3045526.0
2019-07-17,200.19,201.49,191.02,191.02,4474613.0
2019-07-16,205.25,208.45,204.08,206.46,1601716.0
2019-07-15,205.4,205.56,203.05,204.11,1309616.0
2019-07-12,202.86,206.43,202.26,205.9,1531781.0
2019-07-11,198.35,202.17,197.21,201.5,1557654.0
2019-07-10,200.04,200.88,197.0,198.21,981419.0
2019-07-09,197.83,199.39,197.08,197.71,1087414.0
2019-07-08,199.48,200.25,197.93,198.94,949506.0
2019-07-05,201.28,202.74,198.53,200.94,913342.0
2019-07-03,200.87,203.3,200.56,202.51,873119.0
2019-07-02,201.76,202.3,199.77,200.44,1321423.0
2019-07-01,200.93,202.59,199.99,200.92,1761486.0
2019-06-28,194.22,199.37,193.68,199.33,2947854.0
2019-06-27,193.48,195.0,192.96,193.4,1499268.0
2019-06-26,192.77,193.93,192.01,192.79,1229922.0
2019-06-25,192.72,193.37,188.0,192.26,1940508.0
2019-06-24,196.96,197.45,193.07,193.25,1467871.0
2019-06-21,196.51,199.91,195.72,197.19,1956736.0
2019-06-20,194.7,196.87,193.92,196.31,1635692.0
2019-06-19,193.84,194.24,190.88,192.4,2806985.0
2019-06-18,192.32,194.63,191.15,193.44,3926935.0
2019-06-17,194.45,194.65,190.65,190.77,2170610.0
2019-06-14,196.31,196.99,193.33,194.74,2273708.0
2019-06-13,199.04,200.28,195.76,196.51,1749059.0
2019-06-12,198.98,200.34,197.24,199.23,1115300.0
2019-06-11,202.87,204.06,197.81,198.97,1694338.0
2019-06-10,204.66,207.57,201.16,201.41,1394528.0
2019-06-07,201.01,203.68,200.62,203.04,1164661.0
2019-06-06,202.6,203.42,197.86,199.86,2086944.0
2019-06-05,202.83,204.5,202.0,202.96,1502816.0
2019-06-04,198.08,201.37,197.03,201.22,1102438.0
2019-06-03,195.13,198.19,194.45,196.34,1187117.0
2019-05-31,196.1,197.47,194.17,195.14,1494210.0
2019-05-30,196.18,198.5,195.99,198.13,829904.0
2019-05-29,196.29,196.62,193.76,195.19,1286151.0
2019-05-28,199.94,202.2,197.18,197.67,1904748.0
2019-05-24,201.33,201.33,196.6,199.27,1131952.0
2019-05-23,201.07,201.07,196.54,199.95,1658611.0
2019-05-22,204.54,204.68,201.68,203.47,671635.0
2019-05-21,206.29,206.56,204.46,204.64,890014.0
2019-05-20,202.72,205.13,202.53,204.48,1040428.0
2019-05-17,202.75,205.16,202.47,203.52,1242120.0
2019-05-16,201.66,206.71,201.24,205.22,1266059.0
2019-05-15,199.34,201.49,199.1,200.8,1129821.0
2019-05-14,197.95,202.59,197.78,200.53,1182303.0
2019-05-13,199.5,199.69,194.11,196.81,2009071.0
2019-05-10,201.36,203.29,197.74,202.59,1057252.0
2019-05-09,199.47,202.85,199.07,202.71,1093131.0
2019-05-08,201.2,203.5,200.48,201.55,1031881.0
2019-05-07,201.92,203.03,197.87,201.19,1447513.0
2019-05-06,201.63,204.91,200.57,204.26,947429.0
2019-05-03,201.83,205.42,201.83,205.06,772258.0
2019-05-02,199.15,201.36,197.83,201.13,1047629.0
2019-05-01,203.37,203.78,199.54,200.2,1671056.0
2019-04-30,202.49,204.35,200.7,204.02,1067349.0
2019-04-29,203.75,204.04,202.28,202.84,1115920.0
2019-04-26,203.18,204.22,202.96,204.14,922039.0
2019-04-25,205.54,205.54,202.58,202.81,1421811.0
2019-04-24,206.24,211.46,205.72,206.7,2749140.0
2019-04-23,201.54,202.69,199.98,201.67,1823128.0
2019-04-22,198.34,201.91,198.03,201.49,1580208.0
2019-04-18,199.22,200.0,197.85,198.58,1715120.0
2019-04-17,196.91,198.24,195.76,197.1,1748906.0
2019-04-16,194.12,194.12,192.84,193.22,1036064.0
2019-04-15,195.72,196.49,193.6,193.72,859910.0
2019-04-12,194.39,196.57,194.28,196.15,1044051.0
2019-04-11,193.31,194.13,192.43,193.18,752961.0
2019-04-10,192.9,193.05,191.26,192.61,999461.0
2019-04-09,192.52,193.58,190.36,192.75,1041008.0
2019-04-08,192.4,194.12,191.56,194.03,929881.0
2019-04-05,191.46,193.12,191.24,192.19,1366828.0
2019-04-04,192.2,192.75,191.1,191.51,998730.0
2019-04-03,193.83,194.63,191.91,192.28,1358052.0
2019-04-02,193.54,194.55,192.76,193.0,1567967.0
2019-04-01,190.0,193.78,189.0,193.54,2188350.0
2019-03-29,188.03,188.49,186.46,186.89,1949627.0
2019-03-28,182.55,186.6,182.55,186.39,1739628.0
2019-03-27,181.09,182.81,180.5,182.42,964297.0
2019-03-26,181.0,182.13,179.85,181.43,1011820.0
2019-03-25,177.6,181.72,177.42,179.81,1198913.0
2019-03-22,180.21,180.53,177.67,177.94,1021599.0
2019-03-21,177.15,181.19,177.15,180.61,793978.0
2019-03-20,178.88,180.03,176.7,178.26,1194098.0
2019-03-19,182.91,182.92,178.35,178.78,1510807.0
2019-03-18,179.32,182.73,179.23,182.53,1541294.0
2019-03-15,179.95,181.6,179.17,179.52,3432598.0
2019-03-14,179.67,180.2,177.73,178.99,1269411.0
2019-03-13,179.92,182.15,179.24,179.79,1494091.0
2019-03-12,181.11,181.19,178.94,179.35,1254977.0
2019-03-11,176.67,181.04,176.12,180.84,1312673.0
2019-03-08,177.31,177.52,174.23,176.78,1125497.0
2019-03-07,178.74,179.38,177.73,178.71,1029735.0
2019-03-06,178.29,179.78,177.37,178.94,1327696.0
2019-03-05,180.19,180.24,177.74,177.84,1340321.0
2019-03-04,180.11,181.96,178.19,179.8,1611385.0
2019-03-01,179.91,180.8,177.91,178.87,1549233.0
2019-02-28,180.82,180.82,178.62,179.3,1390177.0
2019-02-27,180.1,180.96,179.75,180.82,1021910.0
2019-02-26,180.56,181.05,179.74,180.51,1483672.0
2019-02-25,183.59,183.71,181.29,181.41,1563647.0
2019-02-22,183.23,183.99,181.71,183.3,1259872.0
2019-02-21,183.63,183.63,182.09,182.94,1244420.0
2019-02-20,182.82,183.91,182.42,183.49,1463507.0
2019-02-19,179.61,183.935,179.545,182.76,1516247.0
2019-02-15,182.52,183.24,181.67,182.87,1256204.0
2019-02-14,180.14,182.54,179.5,181.73,1468066.0
2019-02-13,180.63,181.26,179.42,180.95,1875576.0
2019-02-12,178.05,181.52,177.77,180.61,2382536.0
2019-02-11,174.98,180.42,174.54,176.95,4588754.0
2019-02-08,169.07,171.57,168.89,171.46,2036966.0
2019-02-07,168.23,170.54,167.31,170.47,2215025.0
2019-02-06,169.0,170.64,168.12,168.98,2026366.0
2019-02-05,169.82,169.92,167.33,168.88,1792199.0
2019-02-04,169.14,170.04,168.12,169.95,1654727.0
2019-02-01,167.5,169.8,166.98,169.53,1670398.0
2019-01-31,168.25,168.49,166.33,167.74,1738351.0
2019-01-30,167.93,169.16,165.97,168.38,1387765.0
2019-01-29,165.78,168.57,165.77,166.93,1648223.0
2019-01-28,163.96,166.15,162.73,165.79,1613063.0
2019-01-25,161.0,167.83,160.19,165.12,4409287.0
2019-01-24,166.75,167.78,165.22,165.94,2619651.0
2019-01-23,165.74,166.7,162.51,164.21,2149908.0
2019-01-22,168.12,168.2,164.92,165.34,2388555.0
2019-01-18,166.23,170.26,165.77,169.05,2726639.0
2019-01-17,162.72,165.56,162.21,165.08,1702599.0
2019-01-16,163.13,163.72,162.09,162.81,1728017.0
2019-01-15,163.82,164.11,161.42,162.49,1207872.0
2019-01-14,162.33,164.39,161.61,163.72,1529140.0
2019-01-11,160.49,163.58,159.85,163.58,2054072.0
2019-01-10,158.14,161.65,156.75,161.41,2014809.0
2019-01-09,156.76,159.77,156.45,159.01,2361765.0
2019-01-08,154.1,158.44,154.1,156.64,3538378.0
2019-01-07,150.52,152.06,148.28,151.57,1787365.0
2019-01-04,146.77,150.61,146.76,150.53,1988488.0
2019-01-03,148.87,148.87,143.6,144.02,2244931.0
2019-01-02,146.96,149.68,144.795,149.54,1744977.0
2018-12-31,148.79,149.8,148.27,149.54,1321588.0
2018-12-28,149.85,150.18,147.4,148.01,1418176.0
2018-12-27,145.14,148.91,142.98,148.91,1391113.0
2018-12-26,140.66,147.59,138.65,147.28,2002921.0
2018-12-24,143.41,143.73,139.1,139.79,1057361.0
2018-12-21,146.33,148.89,143.59,144.38,4046153.0
2018-12-20,146.11,148.62,144.83,145.94,2602346.0
2018-12-19,148.36,153.76,145.52,146.93,3628649.0
2018-12-18,148.34,151.8,147.47,148.36,2411889.0
2018-12-17,150.1,150.33,146.51,147.58,3210747.0
2018-12-14,155.83,157.18,150.31,150.88,2693645.0
2018-12-13,157.1,157.96,155.27,157.52,2226775.0
2018-12-12,158.55,159.65,156.56,156.7,2189057.0
2018-12-11,159.14,159.97,154.55,155.52,2371883.0
2018-12-10,156.03,156.99,152.12,155.88,2914820.0
2018-12-07,162.69,164.53,156.93,156.99,2446868.0
2018-12-06,163.03,163.51,157.86,162.19,3631852.0
2018-12-04,171.24,171.75,165.05,165.89,2477890.0
2018-12-03,173.27,175.46,171.38,172.18,2008613.0
2018-11-30,168.15,171.92,168.02,170.74,2352550.0
2018-11-29,167.37,170.18,166.7,168.44,1741061.0
2018-11-28,163.26,168.76,163.26,167.87,2786756.0
2018-11-27,163.77,164.95,161.17,162.8,2787877.0
2018-11-26,164.9,166.49,163.41,164.11,1573184.0
2018-11-23,164.04,165.63,163.46,163.9,602872.0
2018-11-21,163.4,168.33,163.38,166.25,1681646.0
2018-11-20,167.45,167.45,161.57,162.75,3581975.0
2018-11-19,171.11,172.02,168.7,170.53,2455729.0
2018-11-16,172.03,174.65,171.72,172.05,2049825.0
2018-11-15,166.15,173.28,165.78,172.88,2787965.0
2018-11-14,167.92,170.47,166.0,167.4,1547056.0
2018-11-13,167.75,169.16,165.53,166.82,1741763.0
2018-11-12,170.66,171.48,166.83,167.01,1980109.0
2018-11-09,171.75,172.54,169.34,170.32,1529126.0
2018-11-08,172.23,173.66,171.21,172.35,1518346.0
2018-11-07,169.38,173.48,168.25,173.05,2086996.0
2018-11-06,166.64,168.94,165.92,167.05,1780325.0
2018-11-05,169.5,169.77,167.05,167.2,1728656.0
2018-11-02,169.2,171.6,168.01,168.59,2127191.0
2018-11-01,168.14,169.69,167.24,168.34,2076423.0
2018-10-31,167.69,170.31,167.04,167.83,2161198.0
2018-10-30,161.46,166.75,161.1,166.31,1944201.0
2018-10-29,163.35,165.9,158.83,161.09,2788630.0
2018-10-26,161.79,163.54,160.1,161.94,2471603.0
2018-10-25,165.55,167.41,162.38,164.24,3521992.0
2018-10-24,160.37,164.0,157.81,160.19,4901286.0
2018-10-23,161.05,161.35,155.0,156.97,4492526.0
2018-10-22,163.29,165.05,162.15,163.94,2180740.0
2018-10-19,164.55,165.38,163.19,163.92,2745105.0
2018-10-18,166.56,168.03,163.94,164.16,4485729.0
2018-10-17,173.23,173.97,167.48,169.0,2753840.0
2018-10-16,170.88,173.53,169.92,172.35,2351774.0
2018-10-15,170.17,171.32,169.13,169.45,2366154.0
2018-10-12,170.8,172.43,168.72,170.19,1980543.0
2018-10-11,171.6,174.37,167.01,168.13,3713467.0
2018-10-10,181.72,181.72,171.19,171.6,3207500.0
2018-10-09,184.1,184.75,181.48,181.69,1307672.0
2018-10-08,182.99,184.54,181.68,183.99,1186795.0
2018-10-05,183.01,184.63,182.15,183.02,1479739.0
2018-10-04,183.77,183.77,181.45,183.43,1517222.0
2018-10-03,182.08,183.49,181.13,182.25,1901335.0
2018-10-02,183.88,183.99,181.17,181.33,1891891.0
2018-10-01,182.39,185.51,182.24,184.45,1695929.0
2018-09-28,182.0,182.55,180.15,180.5,2573069.0
2018-09-27,181.39,182.96,180.65,182.33,1417554.0
2018-09-26,182.29,182.87,180.33,180.58,2177867.0
2018-09-25,183.34,184.12,182.07,182.35,1338432.0
2018-09-24,184.04,185.11,182.4,182.51,1663881.0
2018-09-21,183.99,185.81,183.79,184.24,2243631.0
2018-09-20,186.21,186.83,183.99,184.28,1897543.0
2018-09-19,186.0,186.8,184.84,185.68,1855067.0
2018-09-18,183.47,186.91,183.15,186.71,4374900.0
2018-09-17,179.53,180.96,178.74,179.29,1565609.0
2018-09-14,177.84,180.14,177.21,179.4,1448531.0
2018-09-13,178.61,178.79,177.19,177.47,1712630.0
2018-09-12,177.79,179.63,177.57,178.01,1150382.0
2018-09-11,179.82,179.96,177.71,177.99,1849043.0
2018-09-10,177.88,180.32,177.47,180.12,2128562.0
2018-09-07,174.09,177.85,173.74,177.1,1700739.0
2018-09-06,174.89,176.06,174.53,174.61,1581616.0
2018-09-05,174.24,175.17,173.17,174.98,1669961.0
2018-09-04,173.8,174.81,173.68,174.36,1609762.0
2018-08-31,173.72,174.37,173.05,173.84,2089672.0
2018-08-30,174.19,175.61,173.85,174.19,1572971.0
2018-08-29,175.71,177.08,174.57,174.72,1221383.0
2018-08-28,176.57,176.79,174.93,175.14,1898373.0
2018-08-27,176.01,177.0,175.48,175.57,1675771.0
2018-08-24,174.24,175.86,173.71,174.86,1381475.0
2018-08-23,174.12,174.82,173.12,173.64,1603805.0
2018-08-22,175.89,176.24,174.11,174.11,1174403.0
2018-08-21,175.33,176.69,175.06,176.08,1278741.0
2018-08-20,174.42,176.12,174.09,174.87,1039811.0
2018-08-17,173.79,175.0,173.74,174.07,1136573.0
2018-08-16,172.74,174.17,171.76,173.47,1370400.0
2018-08-15,172.5,172.98,170.65,171.86,2003100.0
2018-08-14,171.66,173.75,171.66,172.19,1634638.0
2018-08-13,172.86,173.23,170.95,171.12,1410886.0
2018-08-10,171.0,172.62,170.19,171.94,1191783.0
2018-08-09,172.52,173.18,171.68,171.69,952944.0
2018-08-08,172.85,173.49,171.97,172.84,902467.0
2018-08-07,173.06,174.43,172.87,173.17,1260675.0
2018-08-06,171.47,173.5,170.87,172.69,1646858.0
2018-08-03,169.54,171.71,168.86,171.62,1667284.0
2018-08-02,167.16,169.72,166.76,169.31,1310396.0
2018-08-01,169.04,169.74,167.56,167.93,1728541.0
2018-07-31,169.23,171.37,168.89,169.0,1687037.0
2018-07-30,168.32,170.94,168.27,168.48,1294761.0
2018-07-27,169.58,169.74,166.78,168.24,1863182.0
2018-07-26,170.5,172.81,168.19,169.57,2470305.0
2018-07-25,156.75,168.76,155.35,168.36,3607619.0
2018-07-24,163.89,164.45,159.69,160.48,2865238.0
2018-07-23,161.89,163.95,160.9,162.99,1546598.0
2018-07-20,159.46,162.67,159.42,161.85,1663317.0
2018-07-19,157.85,160.84,156.85,160.48,1915960.0
2018-07-18,158.45,161.0,158.14,159.91,2202423.0
2018-07-17,155.2,155.76,153.22,154.96,2105551.0
2018-07-16,160.31,160.31,154.0,155.23,2167702.0
2018-07-13,157.21,160.36,157.04,159.46,1749302.0
2018-07-12,157.38,158.33,156.23,157.51,2080895.0
2018-07-11,157.15,157.34,154.61,155.76,1647901.0
2018-07-10,157.1,159.04,156.69,158.71,2365869.0
2018-07-09,155.62,157.37,154.63,157.14,1114239.0
2018-07-06,153.38,155.28,152.33,154.52,1289588.0
2018-07-05,151.71,153.22,151.53,153.08,1174793.0
2018-07-03,152.79,153.77,150.63,150.93,622419.0
2018-07-02,150.37,152.79,149.89,152.21,901937.0
2018-06-29,149.9,152.94,149.87,150.87,1505044.0
2018-06-28,149.13,150.76,147.22,149.72,1803193.0
2018-06-27,151.42,153.68,150.04,150.04,1882832.0
2018-06-26,152.54,152.54,150.33,151.06,2403067.0
2018-06-25,154.2,154.21,150.81,152.23,1883875.0
2018-06-22,151.38,153.07,151.15,151.82,1748047.0
2018-06-21,150.84,151.25,149.11,149.98,886437.0
2018-06-20,151.76,152.26,150.36,151.07,1094332.0
2018-06-19,151.82,152.23,149.6,150.91,1467225.0
2018-06-18,153.29,154.84,152.49,153.78,918445.0
2018-06-15,153.4,154.92,151.85,154.66,2476062.0
2018-06-14,154.85,154.91,153.02,153.47,1466710.0
2018-06-13,156.34,157.01,153.5,154.17,1758692.0
2018-06-12,156.61,158.58,155.53,156.28,1560258.0
2018-06-11,153.73,157.28,153.6,156.12,1835607.0
2018-06-08,152.19,154.25,151.93,154.23,1166361.0
2018-06-07,152.9,153.28,150.92,152.2,1321003.0
2018-06-06,151.01,152.1,148.6,152.06,1963024.0
2018-06-05,151.71,152.59,150.16,150.93,1601547.0
2018-06-04,155.72,156.17,151.36,151.76,1415078.0
2018-06-01,152.99,156.0,152.54,155.23,1663221.0
2018-05-31,154.63,155.2,151.45,151.65,1899094.0
2018-05-30,152.69,155.53,152.1,154.84,2084176.0
2018-05-29,151.5,152.73,150.15,151.64,1439953.0
2018-05-25,152.22,153.46,152.12,153.02,1355898.0
2018-05-24,150.6,154.02,150.37,152.99,2101873.0
2018-05-23,151.2,151.49,148.99,150.49,1994468.0
2018-05-22,152.58,154.19,151.75,151.8,1412669.0
2018-05-21,153.26,154.65,152.32,152.57,1363503.0
2018-05-18,152.18,153.19,151.28,152.49,1091769.0
2018-05-17,151.01,153.73,151.01,152.48,1322657.0
2018-05-16,150.92,151.61,149.8,150.88,1658882.0
2018-05-15,149.58,150.9,149.17,150.74,1418634.0
2018-05-14,152.66,153.43,150.15,150.44,1242193.0
2018-05-11,152.0,153.73,151.31,152.4,1200406.0
2018-05-10,151.13,151.98,150.16,151.76,1692169.0
2018-05-09,146.85,152.2,146.36,150.93,2193780.0
2018-05-08,144.91,147.74,144.48,146.09,1432811.0
2018-05-07,144.37,145.82,144.04,145.47,1463609.0
2018-05-04,140.32,144.91,140.19,143.92,1346434.0
2018-05-03,141.46,141.82,138.34,140.94,1770976.0
2018-05-02,142.11,144.83,141.22,142.4,1566600.0
2018-05-01,143.18,144.1,140.63,142.49,1835628.0
2018-04-30,147.0,147.74,143.13,143.47,2471689.0
2018-04-27,144.69,146.96,143.32,146.62,1413661.0
2018-04-26,144.58,147.84,142.31,144.69,3739289.0
2018-04-25,140.77,146.41,139.53,145.96,4978880.0
2018-04-24,138.3,139.47,133.47,134.97,2746609.0
2018-04-23,136.7,138.08,135.96,137.76,1558916.0
2018-04-20,138.66,139.45,136.09,136.75,1369914.0
2018-04-19,137.81,139.25,136.37,138.86,1623246.0
2018-04-18,137.11,140.32,137.11,138.61,2189781.0
2018-04-17,137.23,137.23,134.8,135.55,1327775.0
2018-04-16,134.74,136.93,134.74,136.48,1464102.0
2018-04-13,133.78,134.49,132.93,133.51,1790256.0
2018-04-12,131.64,133.91,131.5,133.17,1494992.0
2018-04-11,129.21,131.96,129.0,131.05,1705566.0
2018-04-10,130.4,131.59,129.33,130.0,1848193.0
2018-04-09,130.16,131.09,128.74,128.92,1203269.0
2018-04-06,132.62,133.58,127.79,129.36,2298519.0
2018-04-05,132.67,134.16,131.8,133.7,2650278.0
2018-04-04,131.44,132.32,130.89,131.98,2876073.0
2018-04-03,133.31,134.04,131.93,133.37,2352755.0
2018-04-02,135.57,136.53,131.02,132.83,1908693.0
2018-03-29,134.89,137.5,134.49,135.78,1589874.0
2018-03-28,133.84,135.76,132.22,133.97,1838815.0
2018-03-27,136.5,137.77,132.79,133.59,1960381.0
2018-03-26,133.95,136.4,131.81,136.19,1803204.0
2018-03-23,134.43,136.04,131.85,132.18,1957451.0
2018-03-22,137.69,138.48,134.1,134.19,2970051.0
2018-03-21,139.61,141.87,138.76,139.45,1192915.0
2018-03-20,139.74,139.84,138.41,139.3,1291095.0
2018-03-19,137.99,139.49,136.83,139.17,1958178.0
2018-03-16,137.84,139.52,137.84,138.59,2153554.0
2018-03-15,136.75,138.35,135.93,137.63,1925856.0
2018-03-14,143.38,143.38,135.9,136.64,2403901.0
2018-03-13,143.41,144.68,142.12,142.38,1355844.0
2018-03-12,145.38,145.99,142.26,142.56,1410649.0
2018-03-09,141.69,145.97,141.43,145.53,1742809.0
2018-03-08,141.46,142.28,139.25,140.44,1507152.0
2018-03-07,139.34,141.84,139.07,140.72,1288478.0
2018-03-06,141.35,141.64,139.51,141.08,1184982.0
2018-03-05,137.84,141.18,136.49,140.83,1495160.0
2018-03-02,137.54,139.41,136.11,138.66,1339443.0
2018-03-01,139.45,141.19,136.63,138.67,2167656.0
2018-02-28,142.62,143.45,139.05,139.08,1544992.0
2018-02-27,145.98,147.61,142.79,142.83,1514952.0
2018-02-26,143.25,146.02,142.66,145.52,1594151.0
2018-02-23,142.34,143.41,141.12,142.62,1332198.0
2018-02-22,139.83,142.91,138.9,141.48,1801896.0
2018-02-21,140.15,142.89,138.8,138.9,1739784.0
2018-02-20,141.71,141.98,139.07,140.03,1744907.0
2018-02-16,142.0,144.07,141.76,142.64,1248593.0
2018-02-15,143.01,143.29,140.44,142.38,1363062.0
2018-02-14,139.63,142.44,138.0,142.25,1642225.0
2018-02-13,138.95,140.95,137.36,140.31,1343009.0
2018-02-12,139.25,140.93,137.47,139.91,1758457.0
2018-02-09,138.06,139.49,131.81,138.22,2376997.0
2018-02-08,142.62,143.27,136.87,136.89,2633419.0
2018-02-07,142.09,144.45,141.37,142.68,1462975.0
2018-02-06,136.99,143.45,134.55,143.05,2452451.0
2018-02-05,144.74,146.73,138.18,138.61,2473813.0
2018-02-02,147.15,147.85,144.61,145.03,1764161.0
2018-02-01,149.28,150.35,147.9,148.47,1426992.0
2018-01-31,150.27,151.67,149.74,150.88,1681864.0
2018-01-30,150.67,151.41,149.7,150.05,1461532.0
2018-01-29,150.97,152.4,150.66,151.39,1538575.0
2018-01-26,148.79,151.37,148.43,150.97,2121360.0
2018-01-25,149.7,151.34,147.81,148.23,1649658.0
2018-01-24,150.75,152.0,147.17,149.94,2919577.0
2018-01-23,151.13,152.27,149.04,151.66,2580916.0
2018-01-22,151.44,152.01,149.82,151.47,2252889.0
2018-01-19,153.66,153.85,151.34,151.4,3040864.0
2018-01-18,154.3,154.71,152.9,153.41,1721274.0
2018-01-17,152.77,154.34,151.79,154.05,2084885.0
2018-01-16,154.88,157.15,152.95,153.0,2492339.0
2018-01-12,155.28,156.08,154.23,154.34,1850454.0
2018-01-11,152.09,154.64,151.65,154.03,1702183.0
2018-01-10,153.16,154.1,151.41,151.61,1123158.0
2018-01-09,152.97,154.61,152.72,153.6,1304914.0
2018-01-08,150.0,152.84,149.99,152.57,1374094.0
2018-01-05,148.44,151.85,148.44,150.27,1564539.0
2018-01-04,147.73,148.59,146.91,147.38,1540742.0
2018-01-03,146.86,147.54,145.89,146.97,1172506.0
2018-01-02,145.96,146.97,144.83,146.96,1040151.0
2017-12-29,145.52,146.07,144.9,144.9,698032.0
2017-12-28,146.0,146.32,144.37,145.31,563158.0
2017-12-27,144.99,146.33,144.3,145.91,908726.0
2017-12-26,144.48,145.46,144.05,144.6,465771.0
2017-12-22,144.61,144.79,143.5,144.52,577904.0
2017-12-21,145.54,145.54,142.89,144.28,1063919.0
2017-12-20,144.43,145.43,143.7,144.84,1812003.0
2017-12-19,144.35,144.63,142.55,143.72,1431557.0
2017-12-18,142.45,143.92,141.03,143.63,1883883.0
2017-12-15,139.88,141.62,138.51,141.11,2596663.0
2017-12-14,142.4,142.94,140.52,140.86,990320.0
2017-12-13,141.36,143.35,141.28,141.83,1413755.0
2017-12-12,142.11,142.16,140.86,141.46,1204308.0
2017-12-11,141.27,142.38,140.64,141.55,1401747.0
2017-12-08,141.56,142.76,140.62,140.82,1056487.0
2017-12-07,138.83,141.63,138.63,141.03,1487270.0
2017-12-06,138.77,139.52,138.36,138.73,1209506.0
2017-12-05,140.16,140.77,138.71,138.84,2258175.0
2017-12-04,139.0,141.81,138.6,139.89,2217596.0
2017-12-01,138.94,139.43,134.83,137.5,2417032.0
2017-11-30,136.03,139.98,135.18,138.63,3097750.0
2017-11-29,130.59,137.22,130.17,136.41,3635155.0
2017-11-28,127.81,130.29,126.87,130.15,1482885.0
2017-11-27,128.37,129.04,126.4,127.48,1573826.0
2017-11-24,129.48,131.09,129.45,130.01,585799.0
2017-11-22,129.36,129.96,128.8,129.23,615091.0
2017-11-21,127.6,129.28,127.35,129.1,1013124.0
2017-11-20,127.68,127.68,126.54,127.07,974868.0
2017-11-17,128.4,129.45,127.4,127.54,1205216.0
2017-11-16,127.25,129.45,126.57,129.22,1368053.0
2017-11-15,126.26,133.25,125.89,126.42,1255646.0
2017-11-14,127.16,127.8,126.31,126.98,1141917.0
2017-11-13,126.47,127.83,125.59,127.62,925921.0
2017-11-10,127.65,128.29,126.96,127.15,1301007.0
2017-11-09,128.49,129.29,127.63,127.99,1092758.0
2017-11-08,129.47,129.6,128.19,129.33,1582150.0
2017-11-07,129.84,130.74,129.12,129.45,978738.0
2017-11-06,130.48,130.7,129.84,130.12,943508.0
2017-11-03,132.11,132.19,129.72,130.36,1222700.0
2017-11-02,130.8,132.22,129.97,132.15,1228470.0
2017-11-01,132.45,132.45,130.72,131.84,978442.0
2017-10-31,133.0,133.0,131.36,131.42,1223614.0
2017-10-30,132.91,133.91,132.46,132.8,1240478.0
2017-10-27,133.04,134.42,132.54,133.65,1688837.0
2017-10-26,131.0,133.63,130.2975,133.25,2319537.0
2017-10-25,129.71,131.23,125.8,128.84,3316738.0
2017-10-24,132.64,134.41,132.04,132.31,1986370.0
2017-10-23,133.01,133.77,131.77,131.87,1274969.0
2017-10-20,130.82,132.88,130.5,132.75,1830542.0
2017-10-19,129.91,130.34,128.88,130.24,1844370.0
2017-10-18,130.17,131.45,130.04,130.52,1220091.0
2017-10-17,128.77,130.6,128.64,129.48,1890954.0
2017-10-16,130.85,131.37,129.32,129.8,1694917.0
2017-10-13,134.1,134.52,131.571,131.65,895606.0
2017-10-12,131.68,133.97,131.68,133.69,1231399.0
2017-10-11,130.07,131.56,129.85,131.49,1180689.0
2017-10-10,131.42,131.48,129.51,130.0,1237045.0
2017-10-09,130.5,131.03,130.37,130.79,761798.0
2017-10-06,130.93,131.38,129.78,130.46,1280310.0
2017-10-05,130.55,131.34,129.87,131.12,1789493.0
2017-10-04,130.97,131.69,130.155,130.5,2257936.0
2017-10-03,131.05,131.99,130.6,131.57,3011112.0
2017-10-02,132.65,132.8,130.89,131.64,1698086.0
2017-09-29,132.56,133.31,132.09,132.24,1402258.0
2017-09-28,132.33,133.81,132.33,132.79,1140141.0
2017-09-27,131.37,132.55,130.98,132.51,1147044.0
2017-09-26,130.68,131.46,130.0,131.0,1118158.0
2017-09-25,131.0,131.41,129.49,130.36,1215655.0
2017-09-22,130.52,131.15,129.86,130.99,1228775.0
2017-09-21,130.6,131.315,130.08,130.71,1200608.0
2017-09-20,127.92,131.02,127.73,130.98,1018710.0
2017-09-19,127.7,128.08,126.87,127.8,1140750.0
2017-09-18,128.42,128.42,127.19,127.35,1075277.0
2017-09-15,127.13,128.09,126.55,128.04,1644078.0
2017-09-14,126.28,127.94,126.03,126.93,922553.0
2017-09-13,126.5,126.79,125.495,126.76,1172359.0
2017-09-12,126.25,126.98,126.25,126.58,1575962.0
2017-09-11,124.79,126.42,124.04,126.42,1333204.0
2017-09-08,123.8,124.24,123.0,123.92,1049724.0
2017-09-07,122.91,124.35,122.3086,123.93,1366755.0
2017-09-06,121.76,123.99,121.18,122.44,2521800.0
2017-09-05,121.2,121.88,120.13,121.11,2587871.0
2017-09-01,121.18,122.42,121.015,121.16,1046524.0
2017-08-31,121.46,121.92,120.22,120.52,1425096.0
2017-08-30,119.38,121.3,119.16,120.79,1195466.0
2017-08-29,116.9,119.55,116.9,119.4,1046693.0
2017-08-28,118.58,118.58,117.22,117.76,2363273.0
2017-08-25,118.53,119.53,117.86,118.21,988429.0
2017-08-24,119.06,119.6255,117.1,117.74,955077.0
2017-08-23,119.79,120.2,118.76,118.94,940191.0
2017-08-22,118.18,120.55,117.88,120.4,1306566.0
2017-08-21,118.75,119.15,117.24,117.67,1682246.0
2017-08-18,117.37,119.62,116.77,118.63,1441697.0
2017-08-17,120.07,120.1552,117.42,117.5,1299044.0
2017-08-16,120.0,121.32,119.791,120.43,1171868.0
2017-08-15,119.26,120.28,118.801,120.04,1357301.0
2017-08-14,117.3,119.76,117.01,119.55,2019863.0
2017-08-11,114.89,117.25,114.89,116.56,1101320.0
2017-08-10,117.21,117.9,115.41,115.44,1412163.0
2017-08-09,116.84,117.65,116.32,117.46,1452814.0
2017-08-08,115.54,118.36,115.38,117.21,1679669.0
2017-08-07,115.15,116.49,115.13,115.89,2473125.0
2017-08-04,113.52,115.0,113.29,114.61,2321171.0
2017-08-03,112.62,114.65,112.5,113.43,3286276.0
2017-08-02,112.18,112.92,111.44,112.48,2227596.0
2017-08-01,113.38,113.93,112.25,112.97,2383983.0
2017-07-31,113.73,114.53,112.47,112.58,1784900.0
2017-07-28,112.9,114.37,112.9,114.23,1654119.0
2017-07-27,115.92,116.1,112.25,113.01,3376515.0
2017-07-26,119.89,121.0,114.52,116.41,3613416.0
2017-07-25,118.33,119.26,118.0,118.99,2185878.0
2017-07-24,117.93,119.0,117.12,117.5,1494188.0
2017-07-21,117.77,118.38,116.6901,117.85,1972338.0
2017-07-20,121.27,121.315,118.08,118.52,2789935.0
2017-07-19,122.25,122.25,119.46,120.67,2416538.0
2017-07-18,123.5,123.88,122.78,123.26,1497486.0
2017-07-17,123.82,124.02,122.77,123.5,1005991.0
2017-07-14,122.84,124.08,122.58,124.0,806032.0
2017-07-13,123.33,124.01,122.53,122.59,809235.0
2017-07-12,123.2,124.24,122.5,123.28,983437.0
2017-07-11,123.17,123.17,121.125,122.5,1167619.0
2017-07-10,122.27,123.83,121.87,123.0,1178976.0
2017-07-07,121.62,122.59,121.2,122.34,923429.0
2017-07-06,121.3,121.95,120.28,121.24,1678343.0
2017-07-05,123.12,123.42,122.21,122.67,1241127.0
2017-07-03,122.32,123.7,121.4,123.28,972012.0
2017-06-30,120.13,122.295,119.72,121.7,1359611.0
2017-06-29,121.12,121.25,118.91,119.52,1000862.0
2017-06-28,120.14,121.02,119.49,120.72,947577.0
2017-06-27,119.51,120.36,118.5,119.04,1167809.0
2017-06-26,119.94,120.75,118.87,119.48,938821.0
2017-06-23,117.23,120.0,116.8401,119.29,2339390.0
2017-06-22,117.45,117.85,116.3,117.4,1144256.0
2017-06-21,118.27,118.27,117.08,117.47,1494819.0
2017-06-20,119.64,119.64,117.7,117.73,1426774.0
2017-06-19,119.53,120.27,118.77,120.12,1061978.0
2017-06-16,118.7,119.18,118.08,119.14,1550530.0
2017-06-15,117.12,118.68,116.9304,118.29,1533141.0
2017-06-14,121.16,121.44,117.93,118.29,1686849.0
2017-06-13,120.13,121.15,119.48,120.73,1783989.0
2017-06-12,118.99,119.93,117.86,119.7,2376686.0
2017-06-09,120.62,121.16,117.4,118.92,2496973.0
2017-06-08,120.21,120.6364,119.87,120.43,1810496.0
2017-06-07,121.76,121.87,119.88,120.22,2150792.0
2017-06-06,121.7,122.18,120.87,120.95,1606447.0
2017-06-05,123.85,123.87,122.46,122.5,1515618.0
2017-06-02,124.42,125.31,123.52,123.64,1313487.0
2017-06-01,124.4,125.145,123.85,124.5,1504724.0
2017-05-31,123.95,124.24,122.84,124.03,2346407.0
2017-05-30,121.89,124.43,121.22,124.13,3115595.0
2017-05-26,119.47,122.9,119.2,122.33,2745466.0
2017-05-25,115.41,119.99,115.035,119.77,4587779.0
2017-05-24,114.39,115.05,114.0,114.97,1006789.0
2017-05-23,114.16,114.66,113.44,114.37,995380.0
2017-05-22,113.79,114.39,113.27,114.19,1258959.0
2017-05-19,113.14,114.2,113.01,113.27,1143372.0
2017-05-18,111.88,113.85,111.21,112.8,2304296.0
2017-05-17,115.26,115.63,111.95,112.12,1732434.0
2017-05-16,117.77,117.86,116.205,116.86,1132926.0
2017-05-15,117.14,117.28,116.66,117.13,963488.0
2017-05-12,116.33,117.04,116.01,116.96,966675.0
2017-05-11,116.32,117.41,116.32,116.73,1062429.0
2017-05-10,116.83,117.11,116.37,116.91,1127035.0
2017-05-09,115.59,117.21,115.54,116.67,1413815.0
2017-05-08,117.0,117.41,115.33,115.75,1685008.0
2017-05-05,116.85,117.26,116.64,117.01,2039165.0
2017-05-04,117.62,118.13,116.6,116.84,1070750.0
2017-05-03,116.63,117.46,116.5,117.21,1395038.0
2017-05-02,117.53,118.26,116.92,118.24,1670375.0
2017-05-01,117.65,118.46,117.04,117.71,1526014.0
2017-04-28,118.76,119.61,117.285,117.49,1502793.0
2017-04-27,118.57,120.74,118.51,118.8,2261998.0
2017-04-26,116.13,119.11,115.49,117.82,3995703.0
2017-04-25,117.26,117.66,116.59,116.78,1859843.0
2017-04-24,118.0,118.18,116.84,117.05,1613891.0
2017-04-21,115.85,116.66,115.15,116.37,2081261.0
2017-04-20,114.77,117.0,114.77,115.81,2444627.0
2017-04-19,113.61,114.1,112.4,112.54,1274956.0
2017-04-18,112.26,113.81,111.845,112.85,1899999.0
2017-04-17,111.89,113.19,111.38,113.19,1092818.0
2017-04-13,111.64,112.81,111.07,111.58,1340634.0
2017-04-12,115.45,115.45,111.54,111.79,1774344.0
2017-04-11,115.25,115.36,112.86,115.22,1823350.0
2017-04-10,115.99,117.0,115.02,115.49,2187310.0
2017-04-07,115.97,116.94,115.32,115.9,2126447.0
2017-04-06,114.66,116.18,114.66,115.88,1526428.0
2017-04-05,115.59,117.63,114.45,114.73,1726477.0
2017-04-04,113.73,115.25,113.26,115.19,2089460.0
2017-04-03,112.23,113.93,111.9,113.5,2288010.0
2017-03-31,113.56,113.727,111.94,111.97,2209564.0
2017-03-30,113.4,115.39,113.4,114.25,1283761.0
2017-03-29,112.86,113.72,112.525,113.21,1148890.0
2017-03-28,111.0,114.38,110.78,113.32,2243779.0
2017-03-27,109.51,111.7,109.27,111.13,1776961.0
2017-03-24,110.8,111.51,110.14,110.66,1276656.0
2017-03-23,110.64,111.94,110.31,110.55,2412645.0
2017-03-22,111.74,112.65,111.1,111.77,2378243.0
2017-03-21,115.11,115.63,110.69,111.5,3362567.0
2017-03-20,114.89,115.52,114.2426,114.84,2530167.0
2017-03-17,115.42,115.74,114.21,114.71,4796585.0
2017-03-16,117.4,117.67,115.13,115.35,3952754.0
2017-03-15,116.96,117.925,115.92,117.51,3160283.0
2017-03-14,119.58,119.58,117.79,118.35,1665149.0
2017-03-13,119.74,120.2585,118.92,119.53,1536236.0
2017-03-10,119.86,120.79,118.97,119.66,1362916.0
2017-03-09,119.88,120.61,118.89,119.4,1658728.0
2017-03-08,122.0,122.14,119.64,119.87,1816992.0
2017-03-07,122.94,123.17,121.63,122.0,1961203.0
2017-03-06,121.34,123.11,121.22,122.93,1542800.0
2017-03-03,121.93,122.51,120.83,122.4,1792825.0
2017-03-02,123.23,123.28,121.7,121.77,1108061.0
2017-03-01,122.2,124.5,121.81,123.35,1582193.0
2017-02-28,121.26,122.185,120.58,121.03,1305577.0
2017-02-27,120.2,121.22,118.93,121.12,1872125.0
2017-02-24,119.0,120.1,118.65,120.08,2370620.0
2017-02-23,122.99,123.05,119.16,120.03,2379006.0
2017-02-22,122.86,123.09,121.9,122.32,1734849.0
2017-02-21,123.09,125.0,122.81,123.53,1485959.0
2017-02-17,122.64,123.18,121.77,122.78,1266960.0
2017-02-16,122.63,123.32,121.72,122.93,1482536.0
2017-02-15,122.44,123.42,121.16,122.71,2285818.0
2017-02-14,121.83,123.0,121.62,122.49,1326279.0
2017-02-13,121.33,123.3,121.17,122.21,1565002.0
2017-02-10,121.0,121.75,119.95,121.12,1930539.0
2017-02-09,121.46,121.99,120.51,120.65,1817437.0
2017-02-08,120.46,121.095,119.09,120.94,1440814.0
2017-02-07,120.16,122.5,120.0,120.88,2004271.0
2017-02-06,120.13,120.74,118.6,119.87,2205770.0
2017-02-03,119.69,121.22,118.94,120.46,1683921.0
2017-02-02,119.12,120.0,117.61,119.47,2305295.0
2017-02-01,117.37,120.0,117.25,119.93,2913818.0
2017-01-31,119.44,119.75,117.11,117.46,3474908.0
2017-01-30,119.27,120.1,117.565,119.63,2510277.0
2017-01-27,120.18,120.62,118.95,120.35,2190038.0
2017-01-26,118.79,122.17,118.32,119.51,2586717.0
2017-01-25,117.41,121.3,116.805,120.53,3833711.0
2017-01-24,114.0,117.09,113.3,116.62,3460726.0
2017-01-23,113.7,113.91,112.38,113.55,1951223.0
2017-01-20,113.68,113.8,111.75,113.59,2656391.0
2017-01-19,115.57,116.0,112.56,114.42,5853193.0
2017-01-18,106.96,110.04,105.89,109.97,2567993.0
2017-01-17,111.18,111.45,108.47,108.9,1876295.0
2017-01-13,111.01,111.85,110.55,111.59,1702774.0
2017-01-12,110.61,111.44,109.36,111.01,1239557.0
2017-01-11,109.35,110.65,108.77,110.55,1180155.0
2017-01-10,109.23,110.0501,108.33,109.26,1814466.0
2017-01-09,110.89,110.89,108.28,109.18,2081833.0
2017-01-06,110.18,112.99,109.92,111.66,2009206.0
2017-01-05,110.18,111.65,110.16,110.29,3135306.0
2017-01-04,107.57,110.98,107.15,110.64,2705481.0
2017-01-03,108.91,109.52,106.15,106.99,1770074.0
2016-12-30,108.85,108.99,107.5,108.07,1487575.0
2016-12-29,108.86,109.32,107.77,108.82,926851.0
2016-12-28,109.41,110.26,108.62,108.72,1034319.0
2016-12-27,109.34,109.87,109.32,109.45,856003.0
2016-12-23,108.66,109.7925,108.19,109.28,2118471.0
2016-12-22,107.65,108.79,107.46,108.78,1645427.0
2016-12-21,108.33,108.98,107.5676,108.05,1292154.0
2016-12-20,107.25,108.35,107.05,108.17,1197366.0
2016-12-19,106.56,107.17,106.17,106.93,1302343.0
2016-12-16,108.09,108.18,106.11,106.67,2613969.0
2016-12-15,107.23,109.24,106.79,108.11,1374933.0
2016-12-14,109.54,110.24,107.46,107.58,1867108.0
2016-12-13,110.83,111.39,108.45,109.83,1793171.0
2016-12-12,110.78,111.43,109.4,110.69,1854521.0
2016-12-09,109.89,110.724,109.1301,110.6,1457012.0
2016-12-08,109.88,110.38,109.0,110.02,1360617.0
2016-12-07,106.64,109.86,106.05,109.75,1920623.0
2016-12-06,105.96,106.25,105.16,106.21,1356608.0
2016-12-05,106.2,106.92,105.62,105.96,1745376.0
2016-12-02,106.65,107.1,105.09,105.6,1782230.0
2016-12-01,106.87,107.89,106.58,106.83,2059523.0
2016-11-30,105.0,107.32,104.75,106.46,3335070.0
2016-11-29,103.82,104.86,103.23,104.37,2261762.0
2016-11-28,103.72,104.24,102.77,103.99,1627147.0
2016-11-25,104.24,104.56,103.91,104.34,919934.0
2016-11-23,103.75,104.77,103.75,104.04,1505306.0
2016-11-22,104.93,105.5,103.75,103.92,1827954.0
2016-11-21,103.76,105.3,103.62,104.6,1717744.0
2016-11-18,102.93,103.98,102.76,103.45,1870167.0
2016-11-17,103.0,103.44,102.591,103.14,2567593.0
2016-11-16,104.07,104.38,102.7,103.0,2213563.0
2016-11-15,103.99,104.78,102.79,104.58,1974232.0
2016-11-14,101.0,104.87,100.91,103.99,3119940.0
2016-11-11,99.91,100.93,98.92,100.91,2738095.0
2016-11-10,99.79,101.1948,99.07,100.5,4422260.0
2016-11-09,95.71,100.7255,95.1,98.8,5764386.0
2016-11-08,94.55,96.34,94.09,96.0,1554025.0
2016-11-07,92.49,94.99,92.49,94.95,1490151.0
2016-11-04,91.79,92.39,91.28,91.62,766855.0
2016-11-03,92.21,92.53,91.55,91.76,1295786.0
2016-11-02,91.42,92.53,91.32,91.99,1688346.0
2016-11-01,93.28,93.285,90.98,91.6,1553137.0
2016-10-31,92.73,93.5375,92.42,93.0,1833829.0
2016-10-28,91.51,93.16,91.36,92.27,2454975.0
2016-10-27,90.65,91.58,90.53,91.35,2479253.0
2016-10-26,91.9,92.3697,89.95,90.03,2340770.0
2016-10-25,92.79,93.56,92.56,93.27,2111781.0
2016-10-24,93.84,94.265,92.85,92.95,1350498.0
2016-10-21,92.35,93.01,92.07,92.92,1884713.0
2016-10-20,95.01,95.15,92.94,93.13,1569352.0
2016-10-19,95.25,96.38,94.9,95.64,1009300.0
2016-10-18,95.25,95.69,94.48,94.98,999292.0
2016-10-17,94.82,95.5289,94.57,94.84,1021375.0
2016-10-14,95.51,96.4,94.85,94.94,1473619.0
2016-10-13,92.81,95.03,92.47,94.82,1923019.0
2016-10-12,93.85,94.34,93.2,93.42,2167326.0
2016-10-11,96.59,97.0,94.25,94.67,3044202.0
2016-10-10,97.22,97.59,95.69,95.83,1743037.0
2016-10-07,97.3,97.395,96.05,96.78,1441822.0
2016-10-06,97.04,97.82,96.65,97.45,1638570.0
2016-10-05,96.23,97.17,96.05,97.04,1199981.0
2016-10-04,97.11,97.73,95.37,95.79,1456760.0
2016-10-03,96.59,97.1151,96.33,96.91,1350166.0
2016-09-30,95.52,97.28,95.29,97.06,1921332.0
2016-09-29,95.55,95.87,94.84,95.15,1796721.0
2016-09-28,94.5,95.62,94.17,95.53,1100160.0
2016-09-27,93.25,94.72,93.15,94.48,1086502.0
2016-09-26,93.07,94.05,92.835,93.28,1114683.0
2016-09-23,93.48,94.23,93.25,93.62,889537.0
2016-09-22,93.78,94.39,93.64,93.91,1280653.0
2016-09-21,92.03,93.31,91.89,93.11,1253762.0
2016-09-20,92.38,92.525,91.61,91.92,1369467.0
2016-09-19,91.76,92.67,91.76,92.03,1111083.0
2016-09-16,91.06,91.78,90.44,91.35,2074021.0
2016-09-15,90.36,91.94,89.92,91.51,1484700.0
2016-09-14,90.52,91.66,90.22,90.67,1714200.0
2016-09-13,91.44,92.12,90.3,90.74,1102326.0
2016-09-12,90.69,93.03,90.21,92.38,1413498.0
2016-09-09,93.29,93.29,90.75,90.78,1646154.0
2016-09-08,94.0,94.92,93.24,93.99,1271568.0
2016-09-07,94.93,95.965,93.76,93.94,2427792.0
2016-09-06,94.16,95.15,94.04,95.15,1554183.0
2016-09-02,94.09,94.8,93.69,94.16,774244.0
2016-09-01,94.11,94.25,92.88,93.8,1142560.0
2016-08-31,94.07,94.43,93.26,93.9,1544699.0
2016-08-30,93.9,94.37,93.54,94.37,1399515.0
2016-08-29,92.23,94.3,92.12,94.01,1720990.0
2016-08-26,92.16,92.97,91.9,92.27,1322655.0
2016-08-25,91.91,92.67,91.85,92.08,1075395.0
2016-08-24,91.98,92.33,91.79,92.1,793665.0
2016-08-23,91.9,92.19,91.52,92.03,723360.0
2016-08-22,91.5,91.58,91.01,91.36,811543.0
2016-08-19,91.3,91.96,91.05,91.58,1078454.0
2016-08-18,89.83,91.67,89.65,91.67,1580851.0
2016-08-17,89.09,89.87,88.62,89.82,950612.0
2016-08-16,88.73,89.38,88.065,89.12,1286002.0
2016-08-15,88.86,89.64,88.6701,88.92,780377.0
2016-08-12,89.48,89.48,87.97,88.36,1108629.0
2016-08-11,88.77,90.24,88.28,89.48,1653520.0
2016-08-10,89.56,89.56,88.38,88.57,806660.0
2016-08-09,89.43,89.86,89.17,89.25,1044045.0
2016-08-08,89.0,90.47,89.0,89.52,1273294.0
2016-08-05,88.16,89.38,87.61,88.88,1466888.0
2016-08-04,87.57,88.31,86.88,87.61,1684839.0
2016-08-03,87.09,88.53,87.0,88.33,1423950.0
2016-08-02,88.25,88.52,86.91,87.17,1002447.0
2016-08-01,89.67,89.67,88.28,88.55,1639546.0
2016-07-29,89.73,90.31,89.1,89.78,1218780.0
2016-07-28,89.75,91.03,88.88,90.02,1525947.0
2016-07-27,92.44,92.5,89.18,90.14,2736388.0
2016-07-26,91.96,93.09,91.5,92.75,2141743.0
2016-07-25,92.0,92.73,90.97,91.96,1278333.0
2016-07-22,91.34,92.1,90.79,92.01,1047073.0
2016-07-21,91.12,92.16,90.53,91.56,1460808.0
2016-07-20,91.4,92.01,90.7,91.75,1371693.0
2016-07-19,91.05,91.775,90.8601,91.4,1154742.0
2016-07-18,91.28,91.72,90.9,91.61,895819.0
2016-07-15,91.9,92.295,90.78,91.49,1204468.0
2016-07-14,91.25,92.64,90.851,91.79,2310939.0
2016-07-13,88.99,91.43,87.472,90.77,2658357.0
2016-07-12,87.61,88.96,87.61,88.42,1491580.0
2016-07-11,86.65,87.47,86.64,86.95,1466309.0
2016-07-08,84.79,86.94,84.67,86.42,2131448.0
2016-07-07,85.02,85.4,83.66,84.04,1452031.0
2016-07-06,83.83,85.26,83.3,84.95,1838970.0
2016-07-05,84.82,85.15,83.23,83.9,1406678.0
2016-07-01,84.89,85.64,84.7,85.2,1239906.0
2016-06-30,84.16,85.13,83.23,85.13,1460775.0
2016-06-29,83.02,84.19,82.91,83.75,951484.0
2016-06-28,80.78,82.45,80.42,82.23,1538116.0
2016-06-27,81.65,81.96,78.73,79.68,2009147.0
2016-06-24,83.88,84.85,82.49,82.64,2196750.0
2016-06-23,86.93,87.5,86.2,87.0,1291912.0
2016-06-22,85.23,86.5399,85.02,86.05,1488708.0
2016-06-21,84.32,85.54,84.32,85.01,1200557.0
2016-06-20,86.21,86.99,85.48,85.65,1777206.0
2016-06-17,84.15,85.72,83.838,85.19,2195232.0
2016-06-16,83.03,84.5,82.275,84.19,1553904.0
2016-06-15,83.23,84.26,82.63,83.5,1774675.0
2016-06-14,83.23,84.25,82.58,82.8,1071122.0
2016-06-13,84.0,84.4,83.21,83.23,1617000.0
2016-06-10,85.14,85.1599,83.46,84.09,1168117.0
2016-06-09,85.29,85.74,83.82,85.6,1817590.0
2016-06-08,83.99,86.69,83.67,85.95,1862895.0
2016-06-07,83.31,84.78,83.31,83.74,1140554.0
2016-06-06,83.54,84.3,82.58,83.27,1493672.0
2016-06-03,82.58,83.47,81.91,83.11,1555469.0
2016-06-02,82.6,83.23,82.06,83.17,1003634.0
2016-06-01,83.3,83.41,81.79,83.01,1526410.0
2016-05-31,83.97,85.65,83.16,84.06,1695035.0
2016-05-27,83.94,84.35,83.22,84.0,1000473.0
2016-05-26,83.46,84.28,82.85,83.83,1726431.0
2016-05-25,82.3,83.7499,82.15,83.31,3812472.0
2016-05-24,85.0,85.44,81.48,82.23,3320093.0
2016-05-23,85.36,85.79,84.4424,84.69,1669606.0
2016-05-20,84.79,85.75,84.54,85.44,1418781.0
2016-05-19,85.52,85.84,83.67,84.33,1624839.0
2016-05-18,85.65,87.77,84.6,85.51,2085204.0
2016-05-17,86.11,88.0,85.7,85.86,2171771.0
2016-05-16,86.0,87.63,86.0,86.24,1587911.0
2016-05-13,87.81,88.63,85.29,85.97,1828359.0
2016-05-12,89.22,89.625,87.625,88.18,1313263.0
2016-05-11,90.07,90.495,88.8,88.82,1437963.0
2016-05-10,88.72,90.7,88.29,90.31,1197249.0
2016-05-09,89.17,89.794,87.99,88.28,1649624.0
2016-05-06,87.96,89.94,87.82,89.66,1292457.0
2016-05-05,89.15,90.24,88.68,88.95,1217828.0
2016-05-04,87.98,89.48,87.98,88.87,1607952.0
2016-05-03,90.52,90.52,88.09,89.14,1827988.0
2016-05-02,90.82,91.05,89.913,90.72,1390076.0
2016-04-29,91.57,91.97,89.5,90.11,2555916.0
2016-04-28,92.785,93.716,91.75,91.98,1085521.0
2016-04-27,92.99,94.1,92.2,93.23,1742762.0
2016-04-26,91.16,93.91,90.91,93.05,2475434.0
2016-04-25,91.25,91.37,89.45,91.37,2571255.0
2016-04-22,89.31,91.43,88.33,91.33,6173040.0
2016-04-21,83.27,84.0,82.57,82.63,2019092.0
2016-04-20,82.96,83.54,82.13,83.16,1608285.0
2016-04-19,82.43,83.39,82.14,82.77,2321159.0
2016-04-18,81.6,82.22,80.7,81.54,1769240.0
2016-04-15,82.32,82.6,81.38,81.63,1476073.0
2016-04-14,81.49,82.43,81.2,82.14,1877365.0
2016-04-13,79.44,81.76,79.31,81.14,4334248.0
2016-04-12,79.44,79.69,78.22,78.72,2634105.0
2016-04-11,79.12,81.182,78.15,79.28,3142900.0
2016-04-08,80.65,82.57,80.65,81.49,1805378.0
2016-04-07,80.69,81.87,79.75,80.1,1657107.0
2016-04-06,80.94,81.49,79.52,81.15,1065569.0
2016-04-05,81.75,82.11,80.8201,81.2,1119577.0
2016-04-04,83.13,84.09,82.42,82.49,935162.0
2016-04-01,82.43,83.45,81.84,82.97,1392076.0
2016-03-31,84.41,84.41,83.15,83.25,1576079.0
2016-03-30,83.32,86.66,83.24,84.75,1814936.0
2016-03-29,81.14,83.33,80.49,82.8,874923.0
2016-03-28,83.78,83.78,80.87,81.75,1539149.0
2016-03-24,82.19,83.92,81.4,83.87,640293.0
2016-03-23,84.37,84.54,82.74,82.86,1101152.0
2016-03-22,83.37,85.25,83.27,84.3,1809509.0
2016-03-21,83.74,85.24,83.23,84.04,1020594.0
2016-03-18,83.11,84.57,83.11,84.02,3346466.0
2016-03-17,80.97,82.99,80.29,82.8,1670520.0
2016-03-16,78.6,81.41,77.58,80.99,1460960.0
2016-03-15,78.27,79.09,77.3,79.0,987391.0
2016-03-14,78.31,80.04,78.24,78.97,1538056.0
2016-03-11,76.67,79.306,76.2101,79.01,1851810.0
2016-03-10,76.86,77.05,74.7,75.76,2232048.0
2016-03-09,76.97,77.495,75.27,75.75,2479045.0
2016-03-08,79.37,79.72,75.96,76.36,5990935.0
2016-03-07,77.04,79.99,76.698,79.72,3191576.0
2016-03-04,77.25,78.69,77.24,77.4,1116279.0
2016-03-03,76.47,78.47,76.47,77.0,1616422.0
2016-03-02,76.07,77.43,75.65,76.4,1730687.0
2016-03-01,73.69,75.68,73.31,75.31,1853287.0
2016-02-29,74.69,75.38,73.16,73.17,1536664.0
2016-02-26,73.95,76.15,73.79,74.7,1333079.0
2016-02-25,74.23,74.97,72.64,73.67,977902.0
2016-02-24,72.53,74.24,72.01,73.94,781552.0
2016-02-23,76.12,76.94,73.7201,73.87,948658.0
2016-02-22,75.66,77.15,75.23,75.96,1846389.0
2016-02-19,74.5,75.5,74.05,75.0,1437196.0
2016-02-18,75.67,76.211,74.09,74.83,1049249.0
2016-02-17,74.35,76.02,73.63,75.77,2035055.0
2016-02-16,72.95,74.33,72.56,73.99,1389375.0
2016-02-12,71.67,73.59,71.06,72.56,1523159.0
2016-02-11,71.73,72.22,69.99,71.67,1860028.0
2016-02-10,72.17,73.66,71.68,73.02,1607191.0
2016-02-09,69.7,73.298,69.12,71.42,4332032.0
2016-02-08,69.35,71.56,69.15,70.49,2735917.0
2016-02-05,69.13,70.61,68.56,70.14,1513998.0
2016-02-04,67.52,69.99,67.52,69.37,2092842.0
2016-02-03,66.88,67.68,64.51,67.32,1876925.0
2016-02-02,69.13,69.51,66.46,66.6,1425770.0
2016-02-01,70.16,70.55,69.0,70.19,1469190.0
2016-01-29,70.8,71.47,70.035,70.5,2057980.0
2016-01-28,69.92,71.4,69.235,70.11,1396286.0
2016-01-27,68.1,70.76,67.88,69.89,1829263.0
2016-01-26,68.0,69.35,67.9807,68.9,1551810.0
2016-01-25,68.64,69.36,67.51,67.73,1704231.0
2016-01-22,71.28,71.65,68.58,68.59,2321910.0
2016-01-21,70.95,71.2963,66.51,70.07,3863946.0
2016-01-20,70.72,72.34,67.85,71.18,2123063.0
2016-01-19,72.26,72.57,70.69,71.85,1552338.0
2016-01-15,70.23,72.03,70.18,71.77,1786596.0
2016-01-14,71.5,73.6,71.46,72.15,1916843.0
2016-01-13,76.16,76.49,70.09,71.44,1988087.0
2016-01-12,76.54,77.35,73.6,75.93,1862198.0
2016-01-11,78.02,78.34,75.0,75.97,1524436.0
2016-01-08,78.3,79.0,77.55,77.79,1417599.0
2016-01-07,78.06,78.83,77.55,78.0,1900866.0
2016-01-06,81.22,81.7,79.0101,79.48,1345427.0
2016-01-05,81.76,82.56,81.4,82.27,1043483.0
2016-01-04,83.64,83.655,80.9,81.81,2558138.0
2015-12-31,84.16,85.18,84.09,84.59,920105.0
2015-12-30,85.5,85.57,84.78,84.86,843277.0
2015-12-29,85.86,86.31,85.5,85.56,829677.0
2015-12-28,86.57,86.98,85.49,85.59,862711.0
2015-12-24,86.9,87.33,86.1684,86.78,434027.0
2015-12-23,86.68,87.11,86.0,86.85,865257.0
2015-12-22,84.89,86.47,84.61,86.07,1043944.0
2015-12-21,85.1,85.53,83.69,84.08,1306785.0
2015-12-18,84.59,85.99,83.23,84.27,3208573.0
2015-12-17,89.51,89.6,84.91,85.06,2554523.0
2015-12-16,91.33,91.8,88.48,89.79,2226479.0
2015-12-15,90.17,91.59,89.71,91.02,1609493.0
2015-12-14,89.6,90.75,88.9,89.35,2338066.0
2015-12-11,89.13,89.94,87.76,89.44,3169317.0
2015-12-10,88.32,88.47,87.3,87.68,1839323.0
2015-12-09,85.93,88.11,85.76,87.55,3031645.0
2015-12-08,87.9,89.78,85.44,86.32,4932278.0
2015-12-07,93.79,94.35,91.36,91.52,2766620.0
2015-12-04,88.97,92.5,86.59,92.06,5803886.0
2015-12-03,92.02,93.99,91.86,93.11,2426372.0
2015-12-02,94.46,94.69,91.83,92.15,2772884.0
2015-12-01,95.2,95.88,94.15,94.81,1611046.0
2015-11-30,95.38,95.93,94.02,95.06,3061538.0
2015-11-27,95.69,95.84,94.96,95.38,638065.0
2015-11-25,94.69,96.17,94.14,95.4,1646661.0
2015-11-24,94.37,96.17,94.25,94.55,1836663.0
2015-11-23,97.4,98.14,94.93,95.56,3032236.0
2015-11-20,96.56,98.75,95.06,97.56,4150454.0
2015-11-19,92.0,97.9,90.87,96.85,5418184.0
2015-11-18,90.69,93.69,90.45,92.49,8541974.0
2015-11-17,88.23,88.23,84.11,86.97,2969333.0
2015-11-16,88.81,89.65,86.92,88.3,2376009.0
2015-11-13,88.48,89.79,88.3,88.96,1858220.0
2015-11-12,87.98,90.0,87.46,88.75,2589022.0
2015-11-11,88.67,89.38,87.79,88.89,2470552.0
2015-11-10,86.66,88.96,85.72,88.57,4610901.0
2015-11-09,79.65,90.9599,78.47,88.62,8628192.0
2015-11-06,80.0,80.4584,79.12,79.87,1429304.0
2015-11-05,80.43,81.02,79.76,80.15,1731706.0
2015-11-04,80.12,80.71,79.81,80.35,2179872.0
2015-11-03,80.13,81.15,80.11,80.68,1317964.0
2015-11-02,79.08,80.62,79.05,80.38,1893649.0
2015-10-30,80.91,81.39,79.92,80.03,1724886.0
2015-10-29,81.32,82.16,80.77,81.09,2172365.0
2015-10-28,79.28,82.43,79.28,81.6,3550174.0
2015-10-27,79.69,79.69,77.2,77.44,3055338.0
2015-10-26,80.98,81.27,79.98,80.28,1301245.0
2015-10-23,80.94,81.52,80.38,81.0,1539839.0
2015-10-22,79.25,81.49,79.21,80.52,1852735.0
2015-10-21,79.15,79.46,78.59,78.7,1379140.0
2015-10-20,77.62,79.38,77.32,78.84,1035834.0
2015-10-19,77.78,78.18,77.31,77.77,1100757.0
2015-10-16,79.75,79.8,78.05,78.36,1617288.0
2015-10-15,78.98,79.59,77.94,79.46,1442464.0
2015-10-14,78.76,79.71,77.6,78.23,1887111.0
2015-10-13,80.2,80.66,79.21,79.29,1366191.0
2015-10-12,82.26,82.37,80.07,80.98,2336999.0
2015-10-09,83.08,84.0,82.17,82.91,2055211.0
2015-10-08,80.94,83.17,80.94,82.98,1720650.0
2015-10-07,79.78,81.71,79.78,81.2,2315213.0
2015-10-06,79.92,80.52,79.37,79.43,1745081.0
2015-10-05,78.49,80.54,78.09,79.98,2201536.0
2015-10-02,76.2,79.05,75.92,79.01,1805027.0
2015-10-01,77.23,77.97,76.67,77.33,1897611.0
2015-09-30,75.79,76.5,75.2,76.4,1557550.0
2015-09-29,74.82,75.055,74.36,74.91,1600611.0
2015-09-28,75.04,75.37,74.58,74.66,1918967.0
2015-09-25,76.32,76.76,75.325,75.62,2004530.0
2015-09-24,75.51,76.09,74.729,75.69,2179014.0
2015-09-23,77.42,77.63,76.0,76.34,1524878.0
2015-09-22,78.51,78.54,77.04,77.43,1771060.0
2015-09-21,79.33,80.16,78.67,79.57,1929684.0
2015-09-18,80.05,80.26,78.73,78.95,3592586.0
2015-09-17,81.4,82.3,80.92,81.11,2180048.0
2015-09-16,80.44,81.91,80.33,81.69,2657241.0
2015-09-15,79.1,80.76,78.71,80.52,1527108.0
2015-09-14,79.17,79.185,78.54,78.69,2656023.0
2015-09-11,79.48,80.31,78.86,79.17,2557271.0
2015-09-10,78.99,79.3,78.01,79.04,3590060.0
2015-09-09,79.32,80.0,78.58,78.94,3485552.0
2015-09-08,78.04,78.72,77.77,78.69,1822386.0
2015-09-04,76.2,77.04,75.85,76.53,1914049.0
2015-09-03,77.02,78.0,76.58,77.16,1568240.0
2015-09-02,76.42,76.8599,75.59,76.54,2846732.0
2015-09-01,76.23,76.88,75.36,75.71,2011257.0
2015-08-31,78.76,78.83,77.71,77.91,1773006.0
2015-08-28,77.58,80.05,77.53,79.2,3264440.0
2015-08-27,75.0,77.93,74.99,77.92,3186878.0
2015-08-26,74.17,74.5,72.66,74.12,2860412.0
2015-08-25,77.06,77.06,72.4,72.44,2551490.0
2015-08-24,72.83,77.29,72.1,74.74,3598950.0
2015-08-21,79.29,79.94,77.98,77.98,3243463.0
2015-08-20,80.68,80.84,79.74,79.95,2316581.0
2015-08-19,81.69,82.1,81.17,81.5,1529191.0
2015-08-18,82.16,82.48,81.89,82.35,1513500.0
2015-08-17,81.48,82.21,80.92,82.15,1420838.0
2015-08-14,80.74,82.13,80.7201,81.74,1464658.0
2015-08-13,81.28,81.52,80.85,81.02,1136582.0
2015-08-12,80.46,81.68,79.9301,81.34,1701571.0
2015-08-11,81.79,81.96,80.47,80.98,1698271.0
2015-08-10,81.74,82.96,80.94,82.62,2711852.0
2015-08-07,81.45,81.85,80.88,81.11,2541271.0
2015-08-06,82.48,82.66,80.93,81.6,2905819.0
2015-08-05,83.15,84.02,82.48,82.58,2911636.0
2015-08-04,82.75,83.57,82.48,83.18,6077481.0
2015-08-03,84.27,84.53,82.68,83.01,2438592.0
2015-07-31,85.46,85.909,84.12,84.33,2610322.0
2015-07-30,85.58,86.11,85.51,85.8,2107326.0
2015-07-29,84.86,86.04,84.48,85.97,2021949.0
2015-07-28,83.0,85.06,83.0,84.92,2041754.0
2015-07-27,82.31,84.67,82.31,82.8,2039592.0
2015-07-24,83.48,84.14,82.6,82.96,2046758.0
2015-07-23,85.17,85.17,83.1301,83.48,1943117.0
2015-07-22,85.93,86.4499,85.04,85.37,1238267.0
2015-07-21,86.1,86.97,85.59,85.92,1522266.0
2015-07-20,86.17,86.63,85.76,86.09,1270976.0
2015-07-17,85.6,86.83,85.6,85.94,1907063.0
2015-07-16,86.9,87.68,85.48,85.6,1727843.0
2015-07-15,87.1,87.9799,86.82,86.96,2807848.0
2015-07-14,86.27,87.17,85.81,86.72,3043041.0
2015-07-13,86.95,87.21,86.17,86.46,1781516.0
2015-07-10,86.58,86.6899,85.91,86.35,1627609.0
2015-07-09,86.24,86.806,85.61,85.62,1838109.0
2015-07-08,86.97,87.49,85.17,85.4,1986125.0
2015-07-07,86.9,88.21,86.12,87.82,2098057.0
2015-07-06,87.23,87.98,86.44,86.94,1466356.0
2015-07-02,88.31,88.65,87.715,87.83,2216954.0
2015-07-01,87.88,88.13,87.63,88.1,2323744.0
2015-06-30,87.37,87.89,86.74,87.36,2404007.0
2015-06-29,88.2,88.67,86.94,86.98,1722579.0
2015-06-26,89.09,89.63,88.5101,88.87,2984684.0
2015-06-25,90.33,90.622,88.74,88.76,1945396.0
2015-06-24,91.96,92.32,89.99,90.03,2117447.0
2015-06-23,92.72,93.09,92.25,92.31,1546803.0
2015-06-22,92.67,93.3,92.39,92.81,1575628.0
2015-06-19,92.67,93.12,92.07,92.32,2141191.0
2015-06-18,91.95,93.24,91.834,92.96,1743498.0
2015-06-17,91.42,91.84,91.0,91.7,1439178.0
2015-06-16,91.22,91.99,91.17,91.36,1132953.0
2015-06-15,91.24,91.912,90.89,91.36,1331505.0
2015-06-12,91.89,92.84,91.37,91.7,1965685.0
2015-06-11,90.82,92.79,90.415,92.53,2996745.0
2015-06-10,91.0,91.0,89.73,90.54,1981104.0
2015-06-09,91.0,91.25,90.39,90.44,1473179.0
2015-06-08,92.27,92.41,90.98,91.06,1480177.0
2015-06-05,92.25,92.74,91.86,92.51,1625432.0
2015-06-04,92.01,93.06,91.59,91.96,2135730.0
2015-06-03,92.65,93.58,92.03,92.5,1568133.0
2015-06-02,92.54,93.81,92.28,92.7,1777134.0
2015-06-01,92.48,93.06,91.85,92.76,1598560.0
2015-05-29,93.48,93.51,91.85,92.0,2521198.0
2015-05-28,94.5,94.55,92.8,93.71,2114919.0
2015-05-27,95.08,95.23,94.24,94.83,1582557.0
2015-05-26,95.56,95.95,94.33,94.57,1740693.0
2015-05-22,96.86,97.29,95.51,95.53,1988288.0
2015-05-21,96.06,98.12,96.0,97.11,2503791.0
2015-05-20,96.4,96.94,95.73,96.06,1559448.0
2015-05-19,97.85,98.25,97.07,97.28,1287484.0
2015-05-18,97.44,98.17,97.2,97.97,1647945.0
2015-05-15,97.07,97.72,96.63,97.56,1941380.0
2015-05-14,96.8,97.71,96.04,96.71,3079621.0
2015-05-13,98.91,99.84,97.27,97.72,2935271.0
2015-05-12,99.56,99.75,98.94,99.04,3066803.0
2015-05-11,100.35,101.31,100.16,100.16,1620655.0
2015-05-08,101.87,102.18,100.56,100.63,2405503.0
2015-05-07,99.93,101.53,99.78,100.98,1212382.0
2015-05-06,100.33,100.73,98.97,100.11,2911917.0
2015-05-05,103.69,104.28,100.52,100.59,2021075.0
2015-05-04,103.65,104.58,103.17,103.79,2749188.0
2015-05-01,101.54,103.21,101.43,103.21,2352345.0
2015-04-30,102.16,102.515,100.55,100.85,3540453.0
2015-04-29,104.32,104.46,102.11,103.18,1951684.0
2015-04-28,104.35,104.69,103.76,104.37,1978516.0
2015-04-27,105.52,105.62,104.395,104.5,1798282.0
2015-04-24,106.2,106.5,104.43,105.29,1753902.0
2015-04-23,104.48,107.31,104.295,106.21,2373894.0
2015-04-22,102.21,105.19,102.21,104.97,2584120.0
2015-04-21,103.94,103.94,100.22,102.41,2708396.0
2015-04-20,101.0,103.76,100.86,103.04,3086801.0
2015-04-17,99.4,100.8,99.3,100.65,2682572.0
2015-04-16,100.61,100.61,99.8501,100.27,2367681.0
2015-04-15,100.87,101.3,99.79,100.74,3637768.0
2015-04-14,98.99,100.6,97.81,100.49,8715514.0
2015-04-13,105.78,106.24,104.754,104.87,2049313.0
2015-04-10,106.25,106.73,105.85,106.35,1293752.0
2015-04-09,104.29,105.83,104.09,105.77,1403615.0
2015-04-08,104.51,104.69,103.67,104.32,1863105.0
2015-04-07,104.57,104.84,103.82,104.46,2579059.0
2015-04-06,103.51,104.76,103.4,104.43,2575243.0
2015-04-02,103.4,104.79,102.88,104.15,2187070.0
2015-04-01,102.65,103.42,102.08,102.96,1640604.0
2015-03-31,103.48,103.93,102.8175,102.92,1998500.0
2015-03-30,104.0,104.47,103.525,104.0,1402556.0
2015-03-27,103.45,103.74,102.77,103.62,2597004.0
2015-03-26,101.97,104.35,101.96,103.91,3044139.0
2015-03-25,106.32,106.33,103.93,104.05,2637337.0
2015-03-24,106.33,107.01,105.84,106.07,1798600.0
2015-03-23,109.48,109.79,106.55,106.56,3277879.0
2015-03-20,110.61,111.76,110.43,110.43,3114946.0
2015-03-19,110.8,111.06,109.4242,110.31,1405968.0
2015-03-18,109.49,111.45,108.803,111.13,1320602.0
2015-03-17,110.0,110.44,109.72,109.88,1323933.0
2015-03-16,108.86,110.95,108.86,110.58,1428679.0
2015-03-13,109.0,109.2,108.14,108.65,1233024.0
2015-03-12,108.45,109.39,108.45,109.23,1283978.0
2015-03-11,107.76,108.7199,107.74,108.22,2132637.0
2015-03-10,108.0,108.38,107.39,107.58,2342590.0
2015-03-09,107.88,109.06,107.83,109.03,1881743.0
2015-03-06,108.13,109.0,107.84,108.21,1698024.0
2015-03-05,109.3,109.35,108.515,109.16,1917336.0
2015-03-04,107.75,109.14,107.49,108.94,2330375.0
2015-03-03,108.96,109.28,107.9,108.37,3251594.0
2015-03-02,109.61,110.25,109.36,110.25,2227114.0
2015-02-27,110.23,110.29,108.941,109.16,2512009.0
2015-02-26,110.8,111.12,109.71,109.95,2955779.0
2015-02-25,111.36,111.6399,110.58,110.84,1133651.0
2015-02-24,110.91,111.31,110.69,110.87,1253794.0
2015-02-23,111.03,111.15,110.42,110.93,1598989.0
2015-02-20,111.28,111.92,110.68,111.73,1500823.0
2015-02-19,110.77,112.05,110.54,111.59,1836191.0
2015-02-18,110.21,111.23,110.12,111.21,1654771.0
2015-02-17,109.4,110.75,109.24,110.67,1652134.0
2015-02-13,110.17,110.8899,109.5,109.91,1576045.0
2015-02-12,109.37,110.16,109.2901,110.08,1242454.0
2015-02-11,108.25,109.5,108.09,109.11,1377131.0
2015-02-10,108.35,108.88,107.67,108.6,1644259.0
2015-02-09,107.64,108.47,107.31,107.99,2333807.0
2015-02-06,108.17,108.49,107.34,107.79,2818160.0
2015-02-05,106.64,108.1693,106.54,107.85,2651512.0
2015-02-04,105.99,106.96,105.69,106.35,2845673.0
2015-02-03,105.25,107.38,104.64,107.27,2753936.0
2015-02-02,102.2,104.06,102.093,104.03,2113560.0
2015-01-30,102.66,103.37,101.92,101.97,2527110.0
2015-01-29,102.88,104.0199,101.96,103.79,1897872.0
2015-01-28,105.04,105.23,102.91,103.0,2040480.0
2015-01-27,104.88,105.06,103.39,104.19,2110407.0
2015-01-26,102.24,107.28,101.46,106.11,2763922.0
2015-01-23,106.13,106.13,104.75,104.78,1925181.0
2015-01-22,105.45,106.55,105.11,106.09,1474116.0
2015-01-21,103.19,104.98,102.6,104.35,1272352.0
2015-01-20,104.0,104.34,102.78,103.45,2001187.0
2015-01-16,101.79,103.67,101.79,103.58,2511975.0
2015-01-15,101.81,103.07,101.3,101.84,2609095.0
2015-01-14,99.82,101.52,99.8,101.07,3238483.0
2015-01-13,103.24,103.786,100.13,101.49,2914188.0
2015-01-12,102.21,102.69,101.02,101.97,3320404.0
2015-01-09,103.88,104.7,102.62,103.17,2906833.0
2015-01-08,103.71,104.92,102.92,103.99,3064419.0
2015-01-07,103.7,104.23,102.01,103.0,3746742.0
2015-01-06,105.57,105.87,102.54,103.0,4236308.0
2015-01-05,108.71,108.89,106.25,106.39,2801147.0
2015-01-02,110.7,111.0597,107.91,109.15,1427015.0
2014-12-31,111.23,111.23,109.41,109.61,1048452.0
2014-12-30,111.37,112.22,110.4,110.82,993222.0
2014-12-29,110.83,112.06,110.4701,111.79,954402.0
2014-12-26,111.56,112.055,111.02,111.54,918274.0
2014-12-24,111.5,111.8,110.61,111.41,756299.0
2014-12-23,110.53,111.56,110.18,111.2,1286633.0
2014-12-22,109.42,110.32,108.2,110.02,1796400.0
2014-12-19,109.18,109.6,108.09,109.05,3011098.0
2014-12-18,106.78,109.0,106.67,108.98,3755740.0
2014-12-17,102.49,105.59,101.45,105.25,3251431.0
2014-12-16,101.25,104.45,101.06,102.33,2335432.0
2014-12-15,102.16,103.07,101.36,101.67,2538577.0
2014-12-12,102.1,104.07,101.54,101.55,2980059.0
2014-12-11,102.39,103.79,101.15,102.63,2511847.0
2014-12-10,103.52,103.69,101.02,101.28,2427365.0
2014-12-09,102.15,104.11,101.43,104.08,2312580.0
2014-12-08,106.49,106.49,102.83,103.4,2849292.0
2014-12-05,108.17,108.87,106.73,107.07,2943969.0
2014-12-04,110.5,111.04,106.98,107.3,3496266.0
2014-12-03,109.65,111.93,109.62,111.89,2570585.0
2014-12-02,106.47,109.37,105.83,109.3,3604627.0
2014-12-01,111.08,111.08,104.48,106.36,5433390.0
2014-11-28,116.79,116.84,111.36,111.64,2390539.0
2014-11-26,117.03,117.31,116.5862,117.2,716534.0
2014-11-25,116.62,117.64,116.53,117.13,1168555.0
2014-11-24,115.7,116.92,115.6,116.35,960299.0
2014-11-21,116.17,116.17,114.68,115.36,1700698.0
2014-11-20,114.55,115.435,114.53,115.38,875759.0
2014-11-19,115.06,115.59,114.43,115.17,1151829.0
2014-11-18,115.78,116.41,114.84,115.38,1055356.0
2014-11-17,115.28,116.22,114.85,115.83,1236107.0
2014-11-14,115.48,116.5099,115.29,116.03,1028347.0
2014-11-13,116.87,116.92,115.16,115.45,1834020.0
2014-11-12,115.84,117.26,115.79,116.66,2025324.0
2014-11-11,116.56,116.98,115.72,116.63,1744676.0
2014-11-10,114.75,116.6,114.66,116.6,2620274.0
2014-11-07,113.93,114.4,111.9296,112.86,2252077.0
2014-11-06,110.31,111.15,109.5,110.72,1696724.0
2014-11-05,108.22,110.31,108.13,109.79,1765382.0
2014-11-04,109.43,110.1004,108.47,108.79,2677791.0
2014-11-03,110.5,110.95,108.55,109.41,2623617.0
2014-10-31,111.28,111.42,109.76,110.64,3024747.0
2014-10-30,109.91,110.39,109.08,109.54,2304714.0
2014-10-29,111.42,111.97,109.41,110.68,1515754.0
2014-10-28,109.79,111.38,109.79,111.3,1596091.0
2014-10-27,109.07,109.84,108.45,109.36,1243261.0
2014-10-24,108.12,109.44,107.66,109.39,1496776.0
2014-10-23,107.76,108.74,107.0,107.87,2711235.0
2014-10-22,106.51,109.69,106.31,106.5,4253103.0
2014-10-21,108.4,109.86,108.21,109.85,2320719.0
2014-10-20,105.66,107.23,105.18,107.07,2054354.0
2014-10-17,105.99,107.21,105.81,106.54,1832701.0
2014-10-16,102.55,106.12,102.29,104.8,2743947.0
2014-10-15,103.05,105.7,101.8001,105.2,2732533.0
2014-10-14,104.01,106.21,103.68,104.45,2164315.0
2014-10-13,106.33,111.25,102.81,103.21,5191321.0
2014-10-10,105.49,105.49,101.8,102.36,2683038.0
2014-10-09,108.58,108.9,105.14,105.43,2500116.0
2014-10-08,108.23,109.25,106.2335,109.15,2322338.0
2014-10-07,110.4,110.5,108.18,108.25,2112206.0
2014-10-06,112.93,113.5,111.05,111.11,1802910.0
2014-10-03,110.65,112.6,110.65,112.47,2077557.0
2014-10-02,109.26,110.35,108.8,110.12,2037241.0
2014-10-01,110.86,110.97,108.17,108.65,2396339.0
2014-09-30,111.45,113.41,111.21,111.6,2342287.0
2014-09-29,110.35,111.53,109.83,111.42,956800.0
2014-09-26,109.96,111.72,109.8,111.31,1151745.0
2014-09-25,111.08,111.08,109.39,109.8,1259212.0
2014-09-24,110.31,111.61,110.1,111.45,1226267.0
2014-09-23,110.87,110.95,110.0,110.06,956839.0
2014-09-22,112.09,112.61,110.95,111.0,1495581.0
2014-09-19,112.7,112.9499,111.94,112.0,1668700.0
2014-09-18,111.84,112.44,111.66,112.15,1255500.0
2014-09-17,109.47,112.58,109.47,111.77,2894900.0
2014-09-16,108.13,109.259,107.54,109.17,1550500.0
2014-09-15,108.07,108.39,107.32,108.17,889200.0
2014-09-12,108.74,108.9174,107.56,107.89,867300.0
2014-09-11,107.7,108.65,107.54,108.64,888600.0
2014-09-10,108.87,109.13,107.75,107.99,1485400.0
2014-09-09,108.64,109.2,108.1201,108.78,1240100.0
2014-09-08,109.41,109.7,108.17,108.64,1365000.0
2014-09-05,108.67,109.61,108.2962,109.55,1808300.0
2014-09-04,106.6,109.22,106.6,108.56,1731700.0
2014-09-03,107.34,108.4899,107.34,107.96,1267700.0
2014-09-02,107.0,107.87,106.64,107.01,1317100.0
2014-08-29,106.8,107.0,106.29,107.0,699300.0
2014-08-28,106.33,106.77,106.11,106.58,815900.0
2014-08-27,106.14,106.93,106.0,106.82,1238600.0
2014-08-26,105.88,106.06,105.51,105.53,916600.0
2014-08-25,105.95,106.08,105.38,105.55,590200.0
2014-08-22,105.11,105.88,105.04,105.48,1155400.0
2014-08-21,106.57,106.62,104.22,105.18,2992200.0
2014-08-20,106.11,106.92,105.984,106.36,2115600.0
2014-08-19,106.17,106.59,105.8,106.08,1103000.0
2014-08-18,105.45,106.14,105.01,106.03,1358100.0
2014-08-15,104.45,104.68,103.53,104.49,1178200.0
2014-08-14,103.29,104.08,103.2,103.97,914200.0
2014-08-13,102.49,103.37,102.49,103.23,903000.0
2014-08-12,102.28,103.04,102.0101,102.45,1053500.0
2014-08-11,101.51,103.42,101.4,102.84,1467900.0
2014-08-08,100.09,101.44,99.824,101.37,1720800.0
2014-08-07,100.08,101.1,99.76,100.0,1764300.0
2014-08-06,99.98,100.85,99.63,100.09,1662800.0
2014-08-05,100.63,101.92,100.46,100.69,1741700.0
2014-08-04,101.0,101.41,99.86,101.37,542213.0
2014-08-01,101.54,102.02,100.17,101.2,358764.0
2014-07-31,103.46,103.46,101.55,101.66,1341700.0
2014-07-30,103.52,104.05,103.18,103.65,1663400.0
2014-07-29,105.25,105.4,103.435,103.46,1879800.0
2014-07-28,107.03,107.4,105.02,105.33,1650800.0
2014-07-25,107.63,107.89,107.12,107.5,989100.0
2014-07-24,107.19,108.3,106.884,107.78,1673300.0
2014-07-23,108.42,108.84,106.05,106.84,1922400.0
2014-07-22,106.97,107.81,106.4,107.61,1696100.0
2014-07-21,105.72,106.37,105.52,106.22,1148500.0
2014-07-18,104.73,106.21,104.73,106.18,399560.0
2014-07-17,104.51,105.47,104.34,104.38,483167.0
2014-07-16,104.49,105.37,103.97,105.3,1122900.0
2014-07-15,104.07,105.11,104.07,104.35,2011100.0
2014-07-14,104.22,105.05,104.22,104.43,1032200.0
2014-07-11,102.45,104.06,102.3,103.95,1356000.0
2014-07-10,102.25,102.72,101.83,102.41,1365400.0
2014-07-09,103.28,103.83,102.83,103.4,963000.0
2014-07-08,103.18,103.49,102.26,102.69,1393800.0
2014-07-07,103.58,103.84,103.01,103.23,1190400.0
2014-07-03,103.82,104.29,103.48,103.84,782500.0
2014-07-02,103.08,103.63,102.31,103.56,1664300.0
2014-07-01,103.21,103.75,102.47,102.55,1829600.0
2014-06-30,102.67,104.58,102.265,103.03,1853700.0
2014-06-27,101.17,101.97,101.02,101.65,2032200.0
2014-06-26,102.39,102.47,101.16,101.64,2002300.0
2014-06-25,102.18,102.75,101.7,102.3,1365900.0
2014-06-24,103.15,103.63,102.09,102.13,1150500.0
2014-06-23,104.27,104.628,103.0701,103.35,1228900.0
2014-06-20,103.45,104.49,103.185,104.41,1633300.0
2014-06-19,102.72,103.38,102.4,103.16,1068000.0
2014-06-18,101.68,102.89,101.5201,102.82,1345900.0
2014-06-17,101.32,101.81,100.76,101.5,1124900.0
2014-06-16,101.1,102.08,100.73,101.56,1391700.0
2014-06-13,100.52,101.315,100.43,101.16,981700.0
2014-06-12,101.54,101.56,100.0,100.2,1121300.0
2014-06-11,101.6,102.17,101.375,101.75,902700.0
2014-06-10,102.93,103.05,101.24,101.92,1121300.0
2014-06-09,101.76,102.89,101.7,102.4,1333400.0
2014-06-06,100.62,101.94,100.415,101.76,1132400.0
2014-06-05,99.32,100.58,99.29,100.49,1562700.0
2014-06-04,98.81,99.42,98.71,99.18,1191400.0
2014-06-03,99.63,100.07,98.54,98.88,2007900.0
2014-06-02,101.06,101.53,100.42,100.58,1215900.0
2014-05-30,100.81,101.33,100.41,100.75,1472300.0
2014-05-29,100.48,101.08,100.27,101.04,934600.0
2014-05-28,99.9,100.75,99.7501,100.14,1024100.0
2014-05-27,99.84,100.0,99.58,99.81,1055200.0
2014-05-23,99.26,100.13,99.16,99.2,2112900.0
2014-05-22,98.85,99.44,98.335,99.04,998100.0
2014-05-21,98.0,99.02,97.93,98.83,1009000.0
2014-05-20,97.8,98.57,97.52,97.87,1500200.0
2014-05-19,97.18,97.9,96.9,97.77,953600.0
2014-05-16,96.52,97.38,96.37,97.34,968700.0
2014-05-15,97.12,97.12,95.571,96.43,1294900.0
2014-05-14,97.58,97.74,96.69,97.42,1031400.0
2014-05-13,97.07,97.98,96.88,97.58,1346000.0
2014-05-12,95.96,96.8501,95.78,96.76,1037600.0
2014-05-09,95.61,95.7399,95.01,95.3,1113900.0
2014-05-08,94.93,96.0,94.93,95.5,1229900.0
2014-05-07,94.0,95.19,93.798,94.96,1152100.0
2014-05-06,93.38,94.6,93.18,93.75,2135800.0
2014-05-05,93.29,93.77,92.69,93.64,1109000.0
2014-05-02,93.68,93.96,93.239,93.57,1316600.0
2014-05-01,94.38,94.67,93.45,93.58,1342300.0
2014-04-30,94.26,94.67,93.79,94.53,1299900.0
2014-04-29,94.45,94.86,93.76,94.71,1257500.0
2014-04-28,94.23,94.63,93.185,94.25,1664100.0
2014-04-25,95.11,95.11,93.64,94.03,1472000.0
2014-04-24,95.27,95.6,94.33,95.11,1452300.0
2014-04-23,94.97,95.81,93.25,95.01,3488300.0
2014-04-22,96.97,97.48,96.37,96.92,1655000.0
2014-04-21,96.24,97.1453,96.06,96.89,1205200.0
2014-04-17,95.57,96.59,95.08,96.27,1292100.0
2014-04-16,94.21,95.31,91.91,95.25,2456000.0
2014-04-15,93.87,95.49,93.33,94.49,3036300.0
2014-04-14,93.9,94.04,93.01,93.8,1875900.0
2014-04-11,93.86,94.01,92.6856,93.15,2575800.0
2014-04-10,96.16,96.4207,94.48,94.5,1507000.0
2014-04-09,95.72,96.31,95.52,96.28,1463500.0
2014-04-08,95.48,96.06,95.07,95.27,1420100.0
2014-04-07,95.96,97.09,95.71,95.88,1507900.0
2014-04-04,98.06,98.12,96.4553,96.64,1359400.0
2014-04-03,96.84,97.58,96.08,97.47,1382300.0
2014-04-02,97.88,98.01,97.1801,97.68,1957700.0
2014-04-01,97.5,98.1,96.76,98.08,1202500.0
2014-03-31,96.82,97.63,96.49,97.17,1524300.0
2014-03-28,95.69,96.845,95.43,96.35,1168900.0
2014-03-27,95.91,96.35,95.18,95.26,1313700.0
2014-03-26,97.64,98.09,96.02,96.04,1441200.0
2014-03-25,97.34,98.03,97.14,97.38,1978400.0
2014-03-24,96.87,97.15,95.6101,96.55,2004500.0
2014-03-21,97.82,97.91,96.345,96.47,2904500.0
2014-03-20,96.95,97.12,96.21,96.98,1499500.0
2014-03-19,96.97,97.89,96.83,97.3,2948200.0
2014-03-18,96.06,96.89,95.76,96.66,1531700.0
2014-03-17,94.97,96.51,94.92,95.83,1277300.0
2014-03-14,95.14,95.32,94.02,94.53,2058600.0
2014-03-13,96.5,96.9,94.9,95.24,2058200.0
2014-03-12,95.4299,96.495,94.888,96.09,2037900.0
2014-03-11,94.43,95.99,93.76,95.75,2883600.0
2014-03-10,94.28,94.76,93.46,94.43,2100700.0
2014-03-07,95.06,95.07,93.95,94.29,2314500.0
2014-03-06,94.3,94.81,93.81,94.5,1647800.0
2014-03-05,94.46,95.25,93.75,93.99,2337400.0
2014-03-04,92.93,94.93,92.82,94.15,2544100.0
2014-03-03,90.96,92.12,90.9,91.76,2409100.0
2014-02-28,90.69,92.4752,90.57,91.91,1923400.0
2014-02-27,90.41,90.71,89.76,90.61,1929200.0
2014-02-26,90.75,91.69,90.43,90.69,1680600.0
2014-02-25,91.11,91.21,89.92,90.64,2149800.0
2014-02-24,90.86,92.05,90.41,91.27,2309700.0
2014-02-21,91.26,91.64,90.3,90.47,2484200.0
2014-02-20,90.48,91.47,90.1301,91.02,2112100.0
2014-02-19,91.15,91.56,90.28,90.32,3099700.0
2014-02-18,92.87,92.88,90.43,91.4,3351700.0
2014-02-14,92.43,93.15,92.217,92.84,1847000.0
2014-02-13,92.57,92.745,91.96,92.47,2076300.0
2014-02-12,93.46,93.68,92.67,93.6,2372000.0
2014-02-11,93.25,93.7599,92.96,93.11,2345500.0
2014-02-10,94.52,94.65,92.73,92.92,2522800.0
2014-02-07,93.7,94.93,92.8,94.74,2643400.0
2014-02-06,91.9,93.75,91.68,93.57,2505500.0
2014-02-05,91.39,92.12,89.91,91.76,3272900.0
2014-02-04,91.33,92.5,89.58,91.79,8301200.0
2014-02-03,93.13,93.7,89.46,89.58,2960800.0
2014-01-31,91.52,93.28,91.31,92.59,2540900.0
2014-01-30,90.64,93.27,90.6225,92.76,2081300.0
2014-01-29,90.53,90.77,89.33,89.8,2195200.0
2014-01-28,90.24,92.0,90.11,91.26,1660000.0
2014-01-27,89.8,91.17,89.401,90.32,2963400.0
2014-01-24,92.02,92.14,89.59,89.61,3062500.0
2014-01-23,93.81,95.095,93.24,93.66,3194600.0
2014-01-22,91.54,94.749,91.31,92.94,5877200.0
2014-01-21,89.26,89.736,88.245,88.71,2420300.0
2014-01-17,87.63,89.8752,87.61,88.99,2862300.0
2014-01-16,88.49,88.98,87.14,87.76,3841300.0
2014-01-15,90.83,91.175,90.41,91.16,1344300.0
2014-01-14,90.25,91.17,89.69,90.76,1421800.0
2014-01-13,91.64,92.04,89.91,90.19,1284300.0
2014-01-10,91.0,91.83,90.77,91.59,892900.0
2014-01-09,90.3,91.375,90.055,91.31,1451200.0
2014-01-08,90.54,90.6299,89.19,89.91,1435900.0
2014-01-07,90.4,90.7425,90.08,90.54,1672400.0
2014-01-06,91.49,92.14,89.95,90.0,1690200.0
2014-01-03,91.8,92.53,91.135,91.37,1016100.0
2014-01-02,92.33,92.59,91.07,91.31,1319900.0
2013-12-31,92.1,93.03,92.05,92.83,892100.0
2013-12-30,92.31,92.6999,91.74,91.96,855500.0
2013-12-27,92.96,93.1075,92.11,92.33,743400.0
2013-12-26,92.4,93.17,92.31,92.87,1054100.0
2013-12-24,91.79,92.4,91.69,92.2,414300.0
2013-12-23,91.97,92.34,91.64,91.83,1695600.0
2013-12-20,90.47,92.0,90.28,91.32,2850100.0
2013-12-19,90.35,90.53,89.5,90.51,1453600.0
2013-12-18,89.26,90.79,88.68,90.74,1472900.0
2013-12-17,89.35,89.595,88.9,89.16,1790200.0
2013-12-16,88.83,89.84,88.71,89.41,1408000.0
2013-12-13,87.71,88.57,87.49,87.97,765400.0
2013-12-12,87.74,88.04,87.36,87.51,1343900.0
2013-12-11,89.48,89.77,87.97,88.06,1681800.0
2013-12-10,90.49,90.96,89.685,89.78,1102500.0
2013-12-09,90.12,91.05,89.89,90.49,2520400.0
2013-12-06,89.04,89.75,88.75,89.67,1570400.0
2013-12-05,87.29,88.99,86.9,88.17,2381800.0
2013-12-04,87.53,88.2,86.55,87.19,2763400.0
2013-12-03,87.92,88.224,87.26,87.79,1463400.0
2013-12-02,87.7,88.87,87.401,88.25,1501200.0
2013-11-29,87.59,88.42,87.14,87.69,907200.0
2013-11-27,86.99,87.87,86.8,87.67,1079100.0
2013-11-26,87.22,87.28,86.45,86.98,918500.0
2013-11-25,87.15,87.43,86.95,87.02,710100.0
2013-11-22,86.8,87.2,86.41,87.12,890300.0
2013-11-21,86.33,87.11,85.7737,86.82,1443100.0
2013-11-20,86.51,86.83,85.84,86.05,1185800.0
2013-11-19,87.27,87.27,85.98,86.3,1270700.0
2013-11-18,87.0,87.76,86.95,87.23,1018200.0
2013-11-15,87.29,87.62,86.8,87.15,1320400.0
2013-11-14,87.75,87.86,87.27,87.34,1636500.0
2013-11-13,86.22,87.65,86.03,87.62,1382100.0
2013-11-12,86.31,86.75,85.92,86.65,1511300.0
2013-11-11,85.43,86.86,85.41,86.36,1492600.0
2013-11-08,85.55,85.76,85.0,85.62,2090600.0
2013-11-07,86.91,87.34,85.23,85.48,1763600.0
2013-11-06,86.59,86.93,85.82,86.46,1839800.0
2013-11-05,86.6,86.938,86.26,86.43,1574400.0
2013-11-04,87.46,87.88,86.51,86.84,1651000.0
2013-11-01,86.4,87.34,86.25,87.0,2027400.0
2013-10-31,86.29,86.85,85.89,86.02,1804900.0
2013-10-30,87.72,87.86,86.24,86.52,2254100.0
2013-10-29,88.4,88.99,87.87,87.99,1949400.0
2013-10-28,87.76,88.74,87.5,88.11,1834500.0
2013-10-25,87.77,87.91,87.17,87.65,2289200.0
2013-10-24,84.71,87.93,84.52,87.87,3359700.0
2013-10-23,80.6,80.6,80.6,80.6,5226100.0
2013-10-22,79.66,80.78,79.66,80.6,2397600.0
2013-10-21,79.89,80.0,79.41,80.0,1374000.0
2013-10-18,79.01,79.99,78.94,79.89,2288600.0
2013-10-17,78.84,78.84,77.46,78.52,2665600.0
2013-10-16,79.09,79.97,78.56,79.91,2504500.0
2013-10-15,78.95,79.15,78.47,78.74,1785300.0
2013-10-14,78.37,79.1,78.2,79.06,1152900.0
2013-10-11,78.96,79.25,78.73,78.75,1321200.0
2013-10-10,77.75,79.16,77.74,78.96,1573100.0
2013-10-09,76.33,77.16,76.2,76.88,1665700.0
2013-10-08,76.81,77.04,76.085,76.27,2100500.0
2013-10-07,76.91,77.6,76.5,76.82,1513400.0
2013-10-04,77.11,77.58,76.4,77.51,2053700.0
2013-10-03,78.35,78.3999,76.59,77.37,2258500.0
2013-10-02,77.9,78.54,77.56,78.52,1843100.0
2013-10-01,77.37,78.77,77.22,78.23,1706200.0
2013-09-30,77.03,77.74,76.89,77.35,2043300.0
2013-09-27,78.09,78.35,77.29,77.79,1072100.0
2013-09-26,77.94,78.4,77.61,78.3,1108500.0
2013-09-25,78.42,78.91,77.6,77.86,1816700.0
2013-09-24,78.05,78.88,77.43,78.28,1890500.0
2013-09-23,77.4,78.2099,77.37,78.11,1496100.0
2013-09-20,78.41,78.82,77.52,77.72,1762800.0
2013-09-19,77.92,78.495,77.84,78.17,1181000.0
2013-09-18,76.91,78.14,76.49,77.82,1589500.0
2013-09-17,76.34,76.92,75.91,76.86,1381400.0
2013-09-16,76.59,76.92,76.31,76.44,2170800.0
2013-09-13,75.4,75.94,75.27,75.64,890400.0
2013-09-12,76.36,76.4,75.27,75.4,872300.0
2013-09-11,76.34,76.5,75.55,76.32,1728600.0
2013-09-10,75.51,76.46,75.51,76.34,1805000.0
2013-09-09,74.81,75.14,74.23,74.97,1181100.0
2013-09-06,74.13,75.33,73.73,74.39,1431300.0
2013-09-05,73.88,74.42,73.73,74.13,1181500.0
2013-09-04,72.64,74.175,72.64,73.94,1400900.0
2013-09-03,72.89,73.38,71.88,72.57,1283500.0
2013-08-30,72.98,72.98,71.86,72.16,1322300.0
2013-08-29,72.89,73.19,72.57,72.7,1082300.0
2013-08-28,72.82,73.37,72.17,73.08,1090900.0
2013-08-27,73.67,73.97,72.8168,72.89,1507900.0
2013-08-26,74.51,75.0,74.38,74.65,1768300.0
2013-08-23,73.81,74.49,73.42,74.46,1215700.0
2013-08-22,72.67,73.99,72.55,73.75,1055900.0
2013-08-21,72.98,73.02,72.38,72.52,1785400.0
2013-08-20,73.1,73.55,72.66,73.02,1469500.0
2013-08-19,73.82,73.945,72.92,72.95,1147200.0
2013-08-16,73.59,74.26,73.35,74.0,1706200.0
2013-08-15,72.95,73.81,72.5,73.55,1634300.0
2013-08-14,73.89,74.12,73.69,73.77,1628400.0
2013-08-13,74.27,74.56,73.7,74.29,1006700.0
2013-08-12,73.6,74.4,73.36,74.35,923100.0
2013-08-09,74.51,74.51,73.57,73.98,1294800.0
2013-08-08,74.38,74.66,73.89,74.41,1317600.0
2013-08-07,73.8,74.22,73.37,74.09,1346600.0
2013-08-06,74.49,74.98,73.8,73.93,1511900.0
2013-08-05,75.49,75.64,74.615,74.82,1220500.0
2013-08-02,75.98,76.55,75.3,75.5,1848500.0
2013-08-01,73.96,76.12,73.95,76.0,3025400.0
2013-07-31,73.48,73.88,73.04,73.16,1831100.0
2013-07-30,74.32,74.5,73.1197,73.55,1830900.0
2013-07-29,73.87,74.35,73.63,73.86,1168200.0
2013-07-26,73.89,74.05,73.19,73.92,1457800.0
2013-07-25,74.5,74.52,73.5975,74.07,2469700.0
2013-07-24,74.7,75.98,72.46,74.66,6425000.0
2013-07-23,77.7,77.7,76.79,76.87,1807300.0
2013-07-22,78.13,78.2,77.06,77.38,1457900.0
2013-07-19,77.67,78.18,77.48,78.08,1669500.0
2013-07-18,76.59,77.76,76.26,77.64,1704900.0
2013-07-17,76.71,77.3322,76.21,76.47,1704600.0
2013-07-16,75.68,76.52,75.36,76.16,2041300.0
2013-07-15,75.12,75.99,75.12,75.63,1189500.0
2013-07-12,74.53,75.52,74.365,75.2,1569200.0
2013-07-11,74.6,75.05,74.3,74.94,1791500.0
2013-07-10,73.94,74.07,72.73,73.42,2443900.0
2013-07-09,73.36,74.55,73.33,74.39,2070800.0
2013-07-08,72.48,73.31,72.11,72.86,1349000.0
2013-07-05,72.42,72.78,71.6,72.33,1923200.0
2013-07-03,72.2199,72.25,71.51,71.66,1530100.0
2013-07-02,72.47,73.32,71.7901,72.24,2011200.0
2013-07-01,72.99,73.4,72.24,72.61,2028000.0
2013-06-28,73.3,73.7,72.63,72.65,3102300.0
2013-06-27,73.92,74.36,72.99,73.49,2396500.0
2013-06-26,73.26,74.24,72.7,73.35,2341900.0
2013-06-25,71.13,72.5925,70.89,72.5,2338300.0
2013-06-24,72.11,72.13,70.27,70.46,3352000.0
2013-06-21,74.045,74.045,72.33,72.9,3510900.0
2013-06-20,74.45,74.6899,73.06,73.48,3997900.0
2013-06-19,77.09,77.38,75.42,75.45,2070500.0
2013-06-18,76.58,77.33,76.38,77.03,1473600.0
2013-06-17,76.55,76.94,75.93,76.46,1440900.0
2013-06-14,76.66,77.41,76.13,76.17,1924600.0
2013-06-13,75.61,77.07,75.25,77.0,1576800.0
2013-06-12,77.33,77.45,75.56,75.65,1820000.0
2013-06-11,77.34,77.88,76.46,76.51,1996600.0
2013-06-10,77.95,78.05,77.29,77.98,2254200.0
2013-06-07,77.08,78.36,77.0,77.41,2275900.0
2013-06-06,75.47,76.81,74.06,76.81,1875000.0
2013-06-05,76.61,76.74,75.38,75.64,2526000.0
2013-06-04,76.96,77.57,76.48,77.0,1769500.0
2013-06-03,77.01,77.29,75.86,77.07,2036200.0
2013-05-31,77.34,78.64,76.56,76.59,2639800.0
2013-05-30,77.16,78.38,76.98,77.77,1895200.0
2013-05-29,77.03,77.83,76.57,76.89,2353800.0
2013-05-28,78.79,78.97,77.55,77.61,2185400.0
2013-05-24,77.27,77.8,76.8,77.64,1153900.0
2013-05-23,77.0,77.67,76.2,77.45,2460400.0
2013-05-22,80.1,80.185,77.64,77.83,3882600.0
2013-05-21,80.34,81.0,79.94,79.98,1179000.0
2013-05-20,80.23,80.785,79.81,80.25,1899000.0
2013-05-17,79.4,80.3199,79.05,80.23,1324400.0
2013-05-16,79.95,80.19,79.0,79.33,2071600.0
2013-05-15,79.77,80.46,79.4805,80.36,1571900.0
2013-05-14,78.41,80.06,78.01,80.05,1598500.0
2013-05-13,78.75,78.97,77.98,78.4,1115900.0
2013-05-10,78.66,79.01,78.36,79.01,1408200.0
2013-05-09,79.21,79.34,78.3799,78.59,1478900.0
2013-05-08,78.24,79.12,77.77,79.1,1573100.0
2013-05-07,77.83,78.49,77.56,78.41,1865000.0
2013-05-06,77.75,78.39,77.62,77.82,1315800.0
2013-05-03,77.16,78.785,77.16,77.81,2223200.0
2013-05-02,75.39,76.61,74.89,76.47,1807200.0
2013-05-01,76.85,76.9395,74.91,75.2,2319000.0
2013-04-30,76.42,77.6,76.02,77.42,2709800.0
2013-04-29,75.65,77.21,75.56,76.6,1665600.0
2013-04-26,75.85,76.22,75.28,75.56,1767800.0
2013-04-25,75.0,76.07,74.95,75.84,1934900.0
2013-04-24,76.25,76.25,73.66,74.92,2799300.0
2013-04-23,75.62,76.34,75.55,75.84,1398300.0
2013-04-22,74.75,75.5,74.12,75.06,1344000.0
2013-04-19,73.88,74.91,73.36,74.75,1737200.0
2013-04-18,73.94,74.28,73.08,73.86,1824200.0
2013-04-17,75.33,75.33,73.44,73.71,2225300.0
2013-04-16,74.69,76.03,74.38,75.87,1919100.0
2013-04-15,76.28,76.309,74.0825,74.11,3155100.0
2013-04-12,76.77,78.08,76.38,76.81,2192900.0
2013-04-11,75.64,76.53,75.11,76.19,2032600.0
2013-04-10,74.73,75.84,74.63,75.83,1816800.0
2013-04-09,75.4,75.75,74.35,74.38,2612800.0
2013-04-08,74.45,75.49,74.34,75.36,1637000.0
2013-04-05,72.73,74.8,72.26,74.52,3132900.0
2013-04-04,74.41,74.64,73.291,73.86,4070300.0
2013-04-03,76.31,76.55,74.82,75.16,2420600.0
2013-04-02,76.57,77.33,76.0048,76.25,1578100.0
2013-04-01,76.94,77.0,76.0,76.12,1655100.0
2013-03-28,76.5,77.415,76.04,77.08,1795900.0
2013-03-27,75.18,76.43,74.82,76.28,1590200.0
2013-03-26,74.85,75.75,74.69,75.75,1474200.0
2013-03-25,75.18,75.36,74.05,74.38,2461700.0
2013-03-22,75.005,75.48,74.45,74.65,2103300.0
2013-03-21,75.64,76.06,74.75,74.86,1997700.0
2013-03-20,75.76,76.26,75.61,76.02,1710600.0
2013-03-19,75.7,76.05,74.5957,75.45,1436500.0
2013-03-18,74.84,75.81,74.73,75.11,1774700.0
2013-03-15,74.84,75.62,74.54,75.62,2775200.0
2013-03-14,74.55,75.06,74.06,75.06,1410500.0
2013-03-13,74.67,74.81,73.89,74.3,1773600.0
2013-03-12,75.0,75.32,74.15,74.48,1486300.0
2013-03-11,74.6,75.215,74.54,75.02,1749300.0
2013-03-08,73.84,74.93,73.84,74.77,2202700.0
2013-03-07,74.53,74.54,73.105,73.39,2507400.0
2013-03-06,75.49,75.71,74.04,74.4,1871200.0
2013-03-05,74.5,75.44,74.33,75.29,2617300.0
2013-03-04,73.51,74.4,73.21,74.27,2429700.0
2013-03-01,72.61,74.1,72.21,73.75,3252900.0
2013-02-28,72.86,73.79,72.62,73.05,2420200.0
2013-02-27,71.33,73.04,71.16,72.7,2927100.0
2013-02-26,71.58,71.67,70.83,71.34,1879200.0
2013-02-25,73.35,73.5,71.43,71.44,2690700.0
2013-02-22,71.69,73.31,71.39,73.11,2338200.0
2013-02-21,72.25,72.54,71.4,71.55,2548000.0
2013-02-20,73.11,73.42,72.145,72.25,2386200.0
2013-02-19,71.89,73.26,71.68,73.2,2465700.0
2013-02-15,71.84,71.85,71.15,71.5,1934800.0
2013-02-14,71.52,72.0,71.19,71.97,1497700.0
2013-02-13,71.76,72.75,71.51,71.88,2022600.0
2013-02-12,70.48,71.65,70.1,71.64,2820400.0
2013-02-11,69.19,70.69,69.15,70.57,2315000.0
2013-02-08,68.85,69.16,68.6,69.0,1178100.0
2013-02-07,69.19,69.19,68.18,68.78,2231900.0
2013-02-06,68.54,69.65,68.335,69.15,5516500.0
2013-02-05,69.24,69.24,68.6501,68.86,1798500.0
2013-02-04,69.6,69.74,68.59,68.62,2098700.0
2013-02-01,69.26,69.69,68.95,69.6,2907600.0
2013-01-31,68.88,69.49,68.63,68.87,3953200.0
2013-01-30,70.73,70.75,68.85,68.89,2850400.0
2013-01-29,69.75,71.24,69.75,70.73,2646400.0
2013-01-28,70.22,70.35,69.54,69.95,2442700.0
2013-01-25,70.0,70.0,69.06,69.69,2121500.0
2013-01-24,68.53,69.95,68.43,69.83,3605100.0
2013-01-23,67.01,68.82,66.5,68.41,4520800.0
2013-01-22,66.63,67.16,66.18,66.94,3004000.0
2013-01-18,65.91,66.74,65.58,66.7,2554000.0
2013-01-17,65.81,66.08,65.505,65.95,2299700.0
2013-01-16,65.24,65.68,65.0,65.45,1746300.0
2013-01-15,64.78,65.56,64.58,65.46,2316300.0
2013-01-14,65.21,65.65,64.51,64.87,2292100.0
2013-01-11,64.93,65.21,63.75,64.04,2401600.0
2013-01-10,64.5,64.91,63.98,64.67,2356000.0
2013-01-09,64.31,65.228,64.1301,64.75,2143400.0
2013-01-08,64.8,65.28,63.86,63.99,2745400.0
2013-01-07,65.13,65.19,64.28,64.83,2573400.0
2013-01-04,63.81,65.75,63.77,65.37,2779800.0
2013-01-03,62.65,64.5,62.65,63.46,2516800.0
2013-01-02,63.14,63.79,62.81,63.29,2395700.0
2012-12-31,60.82,61.88,60.7,61.84,2009900.0
2012-12-28,60.71,61.69,60.66,61.07,1625600.0
2012-12-27,61.51,61.66,60.59,61.22,1935100.0
2012-12-26,62.05,62.42,61.45,61.6,1412200.0
2012-12-24,62.53,62.55,61.77,61.99,1015600.0
2012-12-21,61.95,62.733,61.95,62.55,3707200.0
2012-12-20,62.2,62.99,61.8,62.97,3173900.0
2012-12-19,62.62,62.75,62.07,62.15,2435700.0
2012-12-18,61.65,62.6698,61.61,62.44,8857300.0
2012-12-17,61.77,62.2,61.28,61.62,1991900.0
2012-12-14,61.11,62.08,61.11,61.36,2226300.0
2012-12-13,61.61,62.23,61.0934,61.24,1791800.0
2012-12-12,61.87,62.29,61.45,61.53,2241200.0
2012-12-11,62.32,62.39,61.29,61.55,2248800.0
2012-12-10,61.51,62.09,61.44,62.08,1835800.0
2012-12-07,61.5,61.88,61.22,61.51,1585200.0
2012-12-06,61.65,61.82,60.82,61.38,1989600.0
2012-12-05,60.4,62.05,60.31,61.59,3760700.0
2012-12-04,59.45,60.35,59.43,60.21,3004200.0
2012-12-03,60.67,60.72,59.26,59.43,2469600.0
2012-11-30,60.51,60.59,60.0,60.38,3228500.0
2012-11-29,60.03,60.65,59.89,60.48,4095200.0
2012-11-28,58.59,59.78,58.16,59.71,3572900.0
2012-11-27,58.18,59.29,58.11,58.94,4038100.0
2012-11-26,57.52,58.38,57.43,58.25,2142100.0
2012-11-23,57.2,57.79,57.08,57.76,924300.0
2012-11-21,57.12,57.325,56.76,57.03,1819800.0
2012-11-20,57.91,57.91,56.49,56.91,3295600.0
2012-11-19,56.81,58.03,56.6594,58.03,2932700.0
2012-11-16,57.01,57.11,56.05,56.34,3885700.0
2012-11-15,57.46,57.68,56.73,57.02,3443000.0
2012-11-14,58.56,58.81,57.28,57.51,3741000.0
2012-11-13,57.76,59.09,57.76,58.51,2833300.0
2012-11-12,58.09,58.63,57.95,58.06,3468600.0
2012-11-09,58.95,59.35,57.89,58.0,5314900.0
2012-11-08,60.0,60.1838,59.11,59.14,5077100.0
2012-11-07,60.42,60.98,59.97,59.98,3976700.0
2012-11-06,61.18,61.64,60.86,61.5,4570700.0
2012-11-05,61.0,62.02,60.71,60.99,3520900.0
2012-11-02,61.56,62.52,61.13,61.13,4030700.0
2012-11-01,61.6,62.54,61.32,61.77,5165500.0
2012-10-31,62.78,62.89,61.28,61.35,4023400.0
2012-10-26,62.83,62.9901,62.45,62.77,2891600.0
2012-10-25,61.24,62.79,61.24,62.57,4009400.0
2012-10-24,62.86,63.06,60.9599,61.09,11507400.0
2012-10-23,66.07,66.39,65.24,66.01,2745400.0
2012-10-22,65.64,67.14,65.55,66.83,3350100.0
2012-10-19,66.51,66.57,65.545,65.64,3650000.0
2012-10-18,66.88,67.27,66.6,66.7,4619500.0
2012-10-17,67.78,67.87,66.19,67.21,3337700.0
2012-10-16,67.81,68.01,67.585,67.71,1706400.0
2012-10-15,67.29,67.67,66.75,67.61,1652200.0
2012-10-12,66.16,67.46,65.98,67.28,2800500.0
2012-10-11,66.44,66.8,65.95,65.96,2061000.0
2012-10-10,66.84,67.13,65.92,66.4,1494800.0
2012-10-09,67.25,67.5,66.5,66.95,1953600.0
2012-10-08,66.56,67.4125,66.5,67.28,1590500.0
2012-10-05,66.54,67.0,66.41,66.9,2343200.0
2012-10-04,65.89,66.31,65.66,66.18,2270100.0
2012-10-03,65.49,65.92,64.78,65.6,3253100.0
2012-10-02,65.23,65.5,64.23,65.02,3951300.0
2012-10-01,64.01,64.84,63.78,64.45,4173500.0
2012-09-28,64.01,64.03,63.25,63.63,3930800.0
2012-09-27,65.03,65.14,64.15,64.18,3186000.0
2012-09-26,64.81,65.09,64.35,64.57,3327200.0
2012-09-25,66.4,66.51,65.07,65.07,2700200.0
2012-09-24,65.09,66.5,64.94,66.28,3570600.0
2012-09-21,66.48,66.48,64.95,65.0,6849200.0
2012-09-20,68.04,68.45,65.58,66.11,12189700.0
2012-09-19,72.52,73.39,71.86,72.69,2412500.0
2012-09-18,74.2,74.3,72.97,73.93,1526400.0
2012-09-17,74.5,74.59,73.89,74.23,1131900.0
2012-09-14,74.48,75.14,74.31,74.69,1476600.0
2012-09-13,74.26,74.8955,73.27,74.53,1499100.0
2012-09-12,73.72,74.1874,73.28,74.02,1122200.0
2012-09-11,72.45,73.81,72.4,73.52,1504900.0
2012-09-10,72.11,72.89,71.86,72.4,1669400.0
2012-09-07,72.01,72.15,71.59,71.92,1317600.0
2012-09-06,70.58,72.04,70.43,72.02,1820600.0
2012-09-05,70.93,71.07,69.7,70.08,2022200.0
2012-09-04,71.9,72.0,70.67,71.06,2152100.0
2012-08-31,73.02,73.28,72.35,72.46,1695600.0
2012-08-30,73.06,73.2,72.22,72.64,1503800.0
2012-08-29,73.59,73.75,73.09,73.66,1362600.0
2012-08-28,73.25,73.779,73.17,73.66,1255200.0
2012-08-27,73.66,73.97,73.26,73.37,863200.0
2012-08-24,73.42,73.8,73.19,73.6,1549600.0
2012-08-23,74.58,74.58,72.94,73.58,1861700.0
2012-08-22,74.83,74.91,74.27,74.67,1133200.0
2012-08-21,74.83,75.56,74.66,74.88,1025900.0
2012-08-20,74.97,75.17,74.48,74.83,936100.0
2012-08-17,74.92,75.33,74.83,75.1,1135700.0
2012-08-16,74.56,75.15,74.45,74.69,1353800.0
2012-08-15,73.8,74.9,73.79,74.72,996500.0
2012-08-14,74.73,74.81,73.91,74.09,897200.0
2012-08-13,74.42,74.4699,73.91,74.28,874100.0
2012-08-10,73.57,74.58,73.21,74.56,1256300.0
2012-08-09,73.83,73.93,73.35,73.69,1473100.0
2012-08-08,74.7,75.36,74.59,74.81,1200200.0
2012-08-07,74.83,75.44,74.75,74.97,1468800.0
2012-08-06,74.97,75.19,74.68,74.72,1273900.0
2012-08-03,74.32,75.21,74.25,74.94,1494200.0
2012-08-02,73.03,73.44,72.38,73.4,1579500.0
2012-08-01,74.58,74.68,73.22,73.31,1362800.0
2012-07-31,74.07,75.0,74.02,74.05,2120800.0
2012-07-30,74.5,75.05,73.83,74.18,1547700.0
2012-07-27,73.5,75.23,73.39,74.69,2148500.0
2012-07-26,73.12,73.2,72.27,73.0,1859300.0
2012-07-25,71.64,72.72,71.23,71.7,2015900.0
2012-07-24,72.05,72.59,71.07,71.96,2049800.0
2012-07-23,72.03,72.46,71.24,72.19,1766700.0
2012-07-20,73.3,73.58,72.79,72.99,1896300.0
2012-07-19,74.02,74.87,73.9,74.18,2348400.0
2012-07-18,73.85,74.29,73.135,73.8,2382800.0
2012-07-17,73.69,74.3,72.93,73.89,2413900.0
2012-07-16,73.29,73.76,72.91,73.75,2172000.0
2012-07-13,71.79,73.69,71.79,73.69,1997200.0
2012-07-12,71.0,72.21,70.96,71.84,3124000.0
2012-07-11,71.14,72.23,70.93,71.27,2044100.0
2012-07-10,72.63,72.78,70.77,70.99,1687600.0
2012-07-09,71.78,72.48,71.7,72.07,1644300.0
2012-07-06,71.23,72.25,71.13,72.2,1676100.0
2012-07-05,71.69,72.24,71.345,71.91,1101400.0
2012-07-03,71.45,71.97,71.32,71.91,771400.0
2012-07-02,71.77,72.0,70.98,71.42,1745500.0
2012-06-29,71.26,71.77,71.03,71.77,1776300.0
2012-06-28,69.35,70.15,68.75,70.07,1688500.0
2012-06-27,69.54,70.05,69.05,69.76,1287600.0
2012-06-26,69.0,69.65,68.43,69.31,1888900.0
2012-06-25,69.25,69.37,68.17,68.74,2825300.0
2012-06-22,70.42,70.73,69.67,70.0,3228500.0
2012-06-21,71.76,72.1692,71.04,71.14,3281000.0
2012-06-20,71.22,71.75,70.57,71.69,2209300.0
2012-06-19,71.33,71.75,70.8,71.31,2164500.0
2012-06-18,68.7,71.1,68.47,71.07,2460700.0
2012-06-15,68.8,69.25,68.4,68.97,3075800.0
2012-06-14,67.21,68.61,66.87,68.2,2103400.0
2012-06-13,66.89,68.0,66.47,67.17,1862600.0
2012-06-12,66.07,67.2,65.91,67.19,2049300.0
2012-06-11,67.15,67.25,65.73,65.92,2349600.0
2012-06-08,65.69,66.55,65.07,66.44,2071900.0
2012-06-07,66.33,67.18,65.76,66.0,3106600.0
2012-06-06,64.19,65.55,64.17,65.55,1940900.0
2012-06-05,63.54,64.05,63.155,63.67,1712000.0
2012-06-04,64.06,64.694,62.82,63.69,2473800.0
2012-06-01,64.33,65.31,64.21,64.29,3584300.0
2012-05-31,65.34,66.15,64.66,65.52,3821800.0
2012-05-30,66.0,66.09,65.22,65.34,2732100.0
2012-05-29,67.0,67.28,66.47,66.5,2746400.0
2012-05-25,67.63,67.71,66.3,66.43,1894600.0
2012-05-24,68.0,68.42,66.7,67.44,2200400.0
2012-05-23,66.72,68.27,66.23,68.09,2122100.0
2012-05-22,68.16,68.38,66.89,67.28,2294000.0
2012-05-21,65.06,67.49,65.06,67.41,2259600.0
2012-05-18,66.49,66.72,65.13,65.34,2553700.0
2012-05-17,68.09,68.52,66.13,66.21,2653100.0
2012-05-16,68.11,68.865,67.51,67.94,2924400.0
2012-05-15,67.98,68.55,67.62,67.89,1783900.0
2012-05-14,67.72,68.71,67.51,68.01,1819500.0
2012-05-11,67.84,69.24,67.84,68.44,2270300.0
2012-05-10,69.03,69.22,68.03,68.17,3290000.0
2012-05-09,69.66,70.05,68.3,68.39,4858500.0
2012-05-08,71.5,71.63,69.96,70.23,4926400.0
2012-05-07,71.36,72.489,71.36,71.99,1701400.0
2012-05-04,72.6,72.61,71.45,71.63,2923400.0
2012-05-03,73.9,74.31,72.82,72.97,1744500.0
2012-05-02,73.53,74.0,73.0,73.72,2077500.0
2012-05-01,72.94,74.89,72.87,74.41,2553400.0
2012-04-30,73.32,73.56,72.37,72.93,2265200.0
2012-04-27,73.46,73.76,72.52,73.37,2286900.0
2012-04-26,72.73,73.49,72.26,73.23,2368600.0
2012-04-25,72.02,73.47,71.79,72.91,4901700.0
2012-04-24,69.66,70.44,69.46,70.22,2887700.0
2012-04-23,68.63,69.52,68.2,69.4,3010000.0
2012-04-20,68.86,69.58,68.72,69.53,2831600.0
2012-04-19,69.44,69.96,68.24,68.7,3522700.0
2012-04-18,69.29,69.92,68.51,69.67,3213500.0
2012-04-17,68.55,69.43,68.12,69.05,2855700.0
2012-04-16,67.82,68.83,67.6,68.24,2532700.0
2012-04-13,67.59,68.18,67.27,67.44,2585800.0
2012-04-12,66.3,68.42,66.3,67.91,2822500.0
2012-04-11,66.17,66.81,65.97,66.17,2403400.0
2012-04-10,66.62,66.65,64.91,65.32,3567900.0
2012-04-09,67.08,67.29,66.53,66.71,2861800.0
2012-04-05,66.6,68.06,66.5,67.83,3999200.0
2012-04-04,65.97,67.26,65.97,66.98,4236600.0
2012-04-03,66.82,66.98,65.78,66.28,4351500.0
2012-04-02,65.66,67.5,65.42,67.02,3086200.0
2012-03-30,66.48,66.8,65.66,65.83,2825000.0
2012-03-29,65.34,66.24,64.85,66.17,3151000.0
2012-03-28,66.35,66.43,65.55,65.9,3681400.0
2012-03-27,66.15,66.45,65.71,66.3,3381800.0
2012-03-26,65.21,66.25,65.21,66.13,2739100.0
2012-03-23,65.02,65.26,64.348,64.45,3356700.0
2012-03-22,66.56,66.56,64.53,64.7,4278100.0
2012-03-21,67.13,67.5,66.79,67.2,2190300.0
2012-03-20,67.87,68.02,66.9,66.95,2854600.0
2012-03-19,68.68,69.04,68.0,68.3,2751500.0
2012-03-16,68.63,69.39,68.3,68.98,5423000.0
2012-03-15,64.49,68.99,64.1,68.53,8076900.0
2012-03-14,66.92,67.06,64.74,64.95,4353900.0
2012-03-13,66.58,67.09,66.04,67.05,2958000.0
2012-03-12,66.69,66.77,65.98,66.09,2773600.0
2012-03-09,66.98,67.25,66.06,66.48,2500100.0
2012-03-08,65.71,67.11,65.48,66.77,4535200.0
2012-03-07,66.41,66.41,65.25,65.27,4304100.0
2012-03-06,66.8,66.8,65.38,65.95,5800900.0
2012-03-05,68.08,68.75,66.91,67.68,3219700.0
2012-03-02,68.87,69.37,67.8,68.1,3429800.0
2012-03-01,68.85,69.34,68.4,68.97,3116600.0
2012-02-29,69.52,69.84,68.59,68.9,4850500.0
2012-02-28,70.82,71.0,69.39,69.57,4497400.0
2012-02-27,69.525,71.35,69.5,70.59,3912900.0
2012-02-24,69.01,70.36,69.01,70.03,3621000.0
2012-02-23,68.65,69.41,67.9,69.31,3331300.0
2012-02-22,68.66,69.39,68.1408,68.45,3727000.0
2012-02-21,68.39,68.95,68.06,68.72,4640100.0
2012-02-17,68.59,69.35,68.45,68.81,4287900.0
2012-02-16,67.9,68.89,67.84,68.44,5179900.0
2012-02-15,70.62,70.95,67.56,67.84,6510300.0
2012-02-14,70.97,71.22,69.99,70.4,2609900.0
2012-02-13,72.03,72.39,70.28,71.05,2672600.0
2012-02-10,71.61,72.16,71.03,71.53,2810700.0
2012-02-09,72.8,73.089,72.02,72.33,2103300.0
2012-02-08,72.34,72.72,71.63,72.55,2786800.0
2012-02-07,72.0,72.64,71.25,72.34,3922400.0
2012-02-06,73.05,73.16,72.034,72.14,3112400.0
2012-02-03,73.24,74.0,72.87,73.61,3351200.0
2012-02-02,72.43,72.84,72.21,72.38,3201000.0
2012-02-01,72.48,73.46,72.29,72.68,4378200.0
2012-01-31,73.53,73.8,71.9,72.2,8481800.0
2012-01-30,72.52,73.72,72.11,73.18,5473300.0
2012-01-27,74.35,74.86,73.89,73.94,3443000.0
2012-01-26,75.31,75.81,74.46,74.87,3062800.0
2012-01-25,73.75,75.405,72.4,75.17,5402500.0
2012-01-24,75.23,75.8,74.56,75.48,3807300.0
2012-01-23,77.49,77.69,75.69,75.95,2543600.0
2012-01-20,78.15,78.22,76.58,77.26,2445900.0
2012-01-19,76.93,78.09,76.22,77.94,4088100.0
2012-01-18,76.0,76.68,75.47,76.33,2755100.0
2012-01-17,77.14,77.23,75.0,76.31,2828500.0
2012-01-13,77.49,77.49,74.99,76.5,2994300.0
2012-01-12,78.31,78.5,77.2,78.24,1946400.0
2012-01-11,77.6,78.29,77.42,78.0,2282000.0
2012-01-10,77.4,78.0,77.08,77.72,2426200.0
2012-01-09,75.94,76.64,75.18,76.44,2056800.0
2012-01-06,75.92,76.28,75.22,75.31,1506700.0
2012-01-05,75.26,76.35,74.4,75.76,2795600.0
2012-01-04,73.77,75.17,73.35,75.05,1933700.0
2012-01-03,73.99,74.75,73.56,73.79,2032300.0
2011-12-30,72.85,73.36,72.67,72.86,1050300.0
2011-12-29,71.8,72.93,71.8,72.85,1217100.0
2011-12-28,73.01,73.13,71.53,71.78,1283500.0
2011-12-27,72.77,73.23,72.47,72.76,669000.0
2011-12-23,72.38,72.97,72.115,72.76,920200.0
2011-12-22,72.0,72.34,71.58,72.28,1491900.0
2011-12-21,70.65,71.84,70.23,71.58,2084900.0
2011-12-20,70.2,71.24,70.2,70.86,2167500.0
2011-12-19,70.19,70.77,69.04,69.19,3799900.0
2011-12-16,70.57,70.99,69.37,69.82,5309400.0
2011-12-15,71.02,71.04,69.08,69.66,3079300.0
2011-12-14,70.95,71.06,69.75,70.02,4003900.0
2011-12-13,73.12,73.79,71.04,71.41,2397300.0
2011-12-12,73.31,73.56,72.38,73.08,1622500.0
2011-12-09,73.41,74.07,72.85,73.79,2254100.0
2011-12-08,74.14,74.52,72.84,73.04,2397400.0
2011-12-07,74.52,75.26,74.0,74.74,1929300.0
2011-12-06,75.79,76.08,74.22,74.86,2422100.0
2011-12-05,75.82,76.49,75.13,75.75,2022900.0
2011-12-02,75.2,75.98,74.85,75.01,2345900.0
2011-12-01,75.19,75.45,74.56,74.78,2859500.0
2011-11-30,75.16,76.0,74.74,75.54,3367500.0
2011-11-29,73.14,74.23,72.93,72.96,3000400.0
2011-11-28,72.75,73.2,72.37,73.04,3120400.0
2011-11-25,70.28,71.2,70.0,70.44,1662600.0
2011-11-23,70.95,71.05,70.15,70.35,2505700.0
2011-11-22,71.7,72.38,71.26,71.65,2976900.0
2011-11-21,72.35,72.74,71.13,71.71,3225500.0
2011-11-18,73.05,73.66,72.54,73.29,2892400.0
2011-11-17,73.46,73.74,71.78,72.67,3704800.0
2011-11-16,74.46,75.48,74.0,74.08,1782300.0
2011-11-15,74.7,75.87,74.26,75.36,1657500.0
2011-11-14,75.14,75.64,74.66,75.01,1464900.0
2011-11-11,74.67,76.2,74.67,75.69,2452200.0
2011-11-10,73.01,74.18,72.52,73.79,2484600.0
2011-11-09,72.5,72.95,71.67,71.95,2580800.0
2011-11-08,74.15,74.45,72.65,74.38,2580700.0
2011-11-07,73.55,74.18,72.51,73.83,2453900.0
2011-11-04,72.98,73.69,71.61,73.54,3591700.0
2011-11-03,74.0,74.07,72.8,73.9,2988100.0
2011-11-02,74.08,74.82,72.15,72.92,3051700.0
2011-11-01,70.92,73.82,70.2,72.7,4387900.0
2011-10-31,74.26,75.07,73.56,73.99,2741900.0
2011-10-28,74.42,75.5,73.76,74.98,3749200.0
2011-10-27,73.41,75.86,73.4,75.16,5424100.0
2011-10-26,70.32,70.55,69.0,69.77,3216300.0
2011-10-25,69.83,70.05,68.3,69.38,2076600.0
2011-10-24,71.0,71.11,70.09,70.58,3686800.0
2011-10-21,69.42,70.98,69.3,70.9,2143400.0
2011-10-20,67.7,69.24,67.7,68.79,2596200.0
2011-10-19,68.47,69.0728,67.15,67.38,2963200.0
2011-10-18,66.3,69.14,66.18,68.46,2540000.0
2011-10-17,68.06,68.06,66.26,66.38,1706200.0
2011-10-14,67.55,68.29,67.1,68.17,1805500.0
2011-10-13,66.94,67.68,66.26,67.04,2322200.0
2011-10-12,67.33,68.49,66.8,67.44,2464000.0
2011-10-11,66.63,68.31,66.2,67.21,3060000.0
2011-10-10,66.06,67.48,65.77,67.45,2050300.0
2011-10-07,65.84,66.04,64.15,64.87,2799600.0
2011-10-06,62.89,65.48,62.38,65.45,3734500.0
2011-10-05,61.52,63.58,61.06,63.32,2443800.0
2011-10-04,58.91,61.92,57.57,61.75,4200000.0
2011-10-03,60.51,61.49,59.84,60.01,3581600.0
2011-09-30,62.4,62.64,61.02,61.02,3004300.0
2011-09-29,62.47,63.48,62.12,63.47,3131200.0
2011-09-28,63.57,63.73,61.27,61.38,2525100.0
2011-09-27,63.93,64.58,63.09,63.49,3332400.0
2011-09-26,62.12,62.73,60.7211,62.62,2854300.0
2011-09-23,59.48,61.8971,59.28,61.53,3621500.0
2011-09-22,60.28,62.58,59.4,60.44,6787900.0
2011-09-21,65.89,66.46,61.88,61.93,8745100.0
2011-09-20,68.21,69.51,67.43,67.54,2340100.0
2011-09-19,69.13,69.13,67.44,68.22,3187600.0
2011-09-16,70.0,70.79,69.7209,70.42,4526400.0
2011-09-15,69.08,69.79,68.34,69.72,3748300.0
2011-09-14,67.06,68.72,65.29,68.3,3739400.0
2011-09-13,64.99,67.17,64.84,66.88,3580700.0
2011-09-12,63.58,64.82,63.144,64.76,3089500.0
2011-09-09,65.74,66.12,64.45,64.83,4404600.0
2011-09-08,66.18,67.09,65.97,66.48,4283300.0
2011-09-07,65.94,66.92,65.71,66.86,4213200.0
2011-09-06,63.13,65.08,62.45,65.03,4578700.0
2011-09-02,65.6,65.92,64.71,65.12,2849400.0
2011-09-01,67.72,68.61,66.74,66.85,2489600.0
2011-08-31,68.0,68.69,66.97,67.68,2718200.0
2011-08-30,66.2,68.0,66.03,67.61,3906200.0
2011-08-29,66.21,66.56,65.3501,66.46,2090100.0
2011-08-26,63.78,65.22,62.1,65.18,3601300.0
2011-08-25,65.7,66.31,64.06,64.23,2847200.0
2011-08-24,64.5,65.55,63.71,65.43,2778500.0
2011-08-23,62.75,64.5,61.86,64.5,3446000.0
2011-08-22,64.28,64.64,62.32,62.56,4270100.0
2011-08-19,63.4982,65.24,62.8413,63.06,3645400.0
2011-08-18,66.45,66.48,63.42,64.24,4497500.0
2011-08-17,68.52,69.25,67.45,68.3,2382900.0
2011-08-16,68.74,69.14,67.47,68.22,3305900.0
2011-08-15,68.65,69.4,68.07,69.31,2007900.0
2011-08-12,68.8,69.47,67.71,68.17,3399900.0
2011-08-11,66.93,68.85,66.12,68.0,4802300.0
2011-08-10,67.08,68.9,65.89,66.71,6414900.0
2011-08-09,66.31,68.08,63.95,67.88,6109000.0
2011-08-08,66.07,67.41,64.84,64.91,6617900.0
2011-08-05,69.71,70.42,67.2,69.19,4166800.0
2011-08-04,71.04,71.65,68.84,68.86,4739300.0
2011-08-03,72.88,72.88,70.81,71.86,4273000.0
2011-08-02,74.39,75.09,72.84,72.96,3707500.0
2011-08-01,76.6,76.66,74.36,75.24,3199400.0
2011-07-29,75.78,76.12,74.36,75.7,2852000.0
2011-07-28,76.24,77.89,76.03,76.51,2850300.0
2011-07-27,76.4,78.4,76.0,76.12,5142200.0
2011-07-26,76.31,76.31,74.29,75.55,2359700.0
2011-07-25,75.47,76.88,75.31,76.45,1438900.0
2011-07-22,76.56,76.89,75.96,76.21,1161500.0
2011-07-21,75.53,77.1,75.53,76.65,1934800.0
2011-07-20,75.44,75.44,74.36,75.09,2142200.0
2011-07-19,73.81,74.69,73.6,74.63,1477200.0
2011-07-18,73.8,73.85,72.71,73.44,2125300.0
2011-07-15,74.36,74.36,73.0702,73.91,1827100.0
2011-07-14,74.88,75.35,73.54,74.04,1826800.0
2011-07-13,74.47,75.49,74.19,74.61,1489900.0
2011-07-12,74.35,74.71,73.69,73.92,1987600.0
2011-07-11,74.75,74.97,74.33,74.67,1672800.0
2011-07-08,75.87,76.36,75.21,75.68,1841000.0
2011-07-07,77.08,77.2,76.19,76.99,2091800.0
2011-07-06,75.92,76.805,75.73,76.43,1790200.0
2011-07-05,76.73,76.8,75.77,75.96,2060500.0
2011-07-01,75.0,77.0801,74.43,76.93,2896000.0
2011-06-30,74.22,75.82,74.16,74.93,2161300.0
2011-06-29,73.48,74.34,73.22,74.21,2705900.0
2011-06-28,72.52,73.15,72.05,73.03,1629500.0
2011-06-27,71.4,72.41,71.38,72.12,1570300.0
2011-06-24,72.35,72.6,71.5244,71.67,2563900.0
2011-06-23,71.49,72.49,71.49,72.37,2907200.0
2011-06-22,72.94,73.98,72.86,73.2,2505200.0
2011-06-21,71.96,73.47,71.85,73.18,1867600.0
2011-06-20,70.24,72.0,70.24,71.61,2008300.0
2011-06-17,71.07,71.34,70.42,70.97,2444800.0
2011-06-16,71.12,71.33,69.67,70.21,2806900.0
2011-06-15,71.57,72.01,70.77,71.01,2687500.0
2011-06-14,71.41,72.6,71.34,72.11,2518300.0
2011-06-13,70.48,71.18,70.13,70.59,1642400.0
2011-06-10,71.26,71.57,70.28,70.37,2250300.0
2011-06-09,70.69,71.86,70.41,71.44,2058500.0
2011-06-08,71.05,71.07,70.35,70.53,2471800.0
2011-06-07,70.64,71.72,70.48,71.28,2435500.0
2011-06-06,70.5,71.32,70.23,70.37,2105200.0
2011-06-03,70.6,71.2,70.32,70.72,2149800.0
2011-06-02,70.93,72.18,70.89,71.62,2025700.0
2011-06-01,73.26,73.5,70.73,70.79,3156100.0
2011-05-31,73.12,73.47,72.41,73.31,2265200.0
2011-05-27,72.41,73.0,72.35,72.57,1602800.0
2011-05-26,71.33,72.115,70.96,72.01,2542100.0
2011-05-25,71.31,72.43,70.57,72.14,1840400.0
2011-05-24,71.83,72.03,70.87,71.18,1800600.0
2011-05-23,71.34,71.93,70.82,71.78,2075700.0
2011-05-20,72.48,72.69,71.7699,72.26,1596200.0
2011-05-19,72.41,73.29,72.38,72.71,1738900.0
2011-05-18,70.74,72.24,70.32,72.11,1939100.0
2011-05-17,71.3,71.68,70.53,70.85,2683400.0
2011-05-16,71.39,72.16,71.25,71.37,1967700.0
2011-05-13,73.0,73.2,71.25,71.57,2369700.0
2011-05-12,73.01,73.31,72.16,72.98,1800000.0
2011-05-11,74.24,74.24,72.74,73.03,2416300.0
2011-05-10,73.93,74.472,73.51,74.22,1908400.0
2011-05-09,72.82,73.43,72.33,73.14,1708000.0
2011-05-06,73.26,73.5,72.6,72.95,2398300.0
2011-05-05,71.74,73.03,71.32,72.22,3120000.0
2011-05-04,73.57,74.08,72.142,72.31,3486300.0
2011-05-03,74.14,74.83,73.86,74.65,2130500.0
2011-05-02,74.6,75.0,74.1,74.61,2978100.0
2011-04-29,73.69,74.96,73.43,74.68,3575000.0
2011-04-28,71.96,74.36,71.01,73.87,6960900.0
2011-04-27,68.4,68.82,67.99,68.41,2529600.0
2011-04-26,67.23,68.486,67.06,68.42,2000000.0
2011-04-25,66.47,67.13,66.3203,67.04,2092600.0
2011-04-21,66.99,67.41,66.15,66.27,2787900.0
2011-04-20,67.68,68.12,65.94,66.68,3464300.0
2011-04-19,67.0,67.44,66.73,67.25,2157800.0
2011-04-18,67.12,67.34,66.38,66.9,2556200.0
2011-04-15,67.19,68.0,66.93,67.74,2414700.0
2011-04-14,67.03,67.12,66.32,66.98,2721000.0
2011-04-13,67.95,68.19,67.45,67.83,1549400.0
2011-04-12,67.38,68.27,67.11,67.77,1659900.0
2011-04-11,67.81,68.09,67.38,67.66,1369200.0
2011-04-08,68.57,68.57,67.1,67.69,1961200.0
2011-04-07,68.43,68.81,67.92,68.13,1228500.0
2011-04-06,69.05,69.16,68.0,68.64,1588700.0
2011-04-05,69.29,69.31,68.62,68.75,1845800.0
2011-04-04,69.63,69.9,69.08,69.58,1431200.0
2011-04-01,69.64,70.0,69.17,69.32,1382400.0
2011-03-31,68.78,69.9599,68.78,69.27,2126900.0
2011-03-30,69.96,70.0,68.92,68.99,2956800.0
2011-03-29,68.68,69.59,68.49,69.56,1978700.0
2011-03-28,68.73,69.0,68.4304,68.77,1700400.0
2011-03-25,67.84,69.0,67.81,68.68,2271200.0
2011-03-24,66.91,67.79,66.86,67.75,2125500.0
2011-03-23,67.09,67.3299,66.504,66.68,1919700.0
2011-03-22,67.91,68.49,67.1701,67.3,2241900.0
2011-03-21,67.0,68.0,66.79,67.81,1986500.0
2011-03-18,66.88,67.11,65.99,66.28,3607000.0
2011-03-17,65.35,66.75,65.07,65.84,3587000.0
2011-03-16,65.46,65.63,63.94,64.33,3846400.0
2011-03-15,64.05,66.0,63.9,65.56,3508900.0
2011-03-14,65.84,66.25,64.97,65.93,3330000.0
2011-03-11,65.73,66.92,65.39,66.53,4716800.0
2011-03-10,64.97,65.45,64.0,64.95,3519300.0
2011-03-09,65.4,65.92,64.9,65.4,2094700.0
2011-03-08,65.01,65.8,64.74,65.66,2774700.0
2011-03-07,65.65,65.92,64.275,64.84,2720700.0
2011-03-04,65.71,65.75,64.71,65.3,2776600.0
2011-03-03,65.63,65.81,65.08,65.73,2842900.0
2011-03-02,64.75,65.71,64.64,65.16,2324800.0
2011-03-01,65.9,66.01,64.65,64.8,3658700.0
2011-02-28,65.08,65.67,64.885,65.58,3063200.0
2011-02-25,64.5,64.98,64.29,64.66,1917800.0
2011-02-24,63.63,64.47,63.18,64.11,3955600.0
2011-02-23,64.49,64.54,62.79,63.7,5796600.0
2011-02-22,64.28,65.1025,64.01,64.4,4641000.0
2011-02-18,65.12,65.45,64.78,65.0,3136200.0
2011-02-17,64.98,65.42,64.67,65.2,2661900.0
2011-02-16,64.78,65.5,64.61,64.91,3055000.0
2011-02-15,64.35,64.63,64.24,64.46,2227400.0
2011-02-14,63.9,64.58,63.69,64.43,2465600.0
2011-02-11,62.63,64.3375,62.63,64.1,2999200.0
2011-02-10,61.87,63.22,61.8,63.04,3505700.0
2011-02-09,61.36,62.27,61.3213,62.12,2612500.0
2011-02-08,61.5,61.71,61.1,61.6,1977500.0
2011-02-07,61.42,61.81,61.1,61.5,2007000.0
2011-02-04,60.86,61.15,60.44,61.07,3027200.0
2011-02-03,60.9,61.37,60.69,60.83,3856500.0
2011-02-02,61.7,62.14,60.8,60.9,2775400.0
2011-02-01,61.71,62.22,61.57,62.12,3050000.0
2011-01-31,60.56,61.39,60.52,61.19,4333100.0
2011-01-28,62.34,62.5,60.22,60.38,5749800.0
2011-01-27,62.81,63.22,62.27,62.31,3013400.0
2011-01-26,62.89,63.63,62.08,62.73,5082500.0
2011-01-25,63.96,64.29,62.75,62.92,8380800.0
2011-01-24,63.64,64.53,63.55,64.31,3306100.0
2011-01-21,64.78,64.96,63.66,63.77,3202200.0
2011-01-20,64.24,64.55,63.45,64.18,3503800.0
2011-01-19,65.35,65.35,64.5,64.85,2688200.0
2011-01-18,65.64,65.86,64.78,65.28,2437500.0
2011-01-14,65.63,65.86,65.16,65.4,2214600.0
2011-01-13,65.47,66.0,65.2,65.68,1389900.0
2011-01-12,65.56,65.72,64.85,65.42,1746900.0
2011-01-11,66.0,66.0,64.62,64.96,3301300.0
2011-01-10,64.81,65.91,64.55,65.61,2964700.0
2011-01-07,63.98,65.32,63.98,65.04,4310200.0
2011-01-06,63.86,64.01,63.43,63.8,2600000.0
2011-01-05,62.99,63.9,62.99,63.72,2874200.0
2011-01-04,63.79,63.86,62.84,63.39,2261300.0
2011-01-03,63.25,64.16,63.25,63.73,3477900.0
2010-12-31,62.62,63.01,62.6,62.82,1132300.0
2010-12-30,62.77,63.03,62.51,62.74,1178200.0
2010-12-29,62.81,63.13,62.7245,62.74,1156700.0
2010-12-28,62.88,62.95,62.38,62.71,1024100.0
2010-12-27,62.15,62.91,62.14,62.78,942100.0
2010-12-23,62.86,62.96,62.23,62.44,1337300.0
2010-12-22,62.77,62.955,62.29,62.67,1208400.0
2010-12-21,62.4201,62.8197,62.35,62.65,1497000.0
2010-12-20,62.91,62.93,62.06,62.29,1575200.0
2010-12-17,62.85,62.93,62.16,62.67,2652700.0
2010-12-16,62.58,63.05,61.9,62.99,1512900.0
2010-12-15,62.12,62.9726,62.12,62.52,2040900.0
2010-12-14,62.51,63.03,62.12,62.36,2231700.0
2010-12-13,63.05,63.06,62.23,62.24,2005500.0
2010-12-10,62.81,62.87,62.38,62.69,1434100.0
2010-12-09,62.43,62.99,62.22,62.49,1436900.0
2010-12-08,62.91,63.03,61.86,62.06,2400400.0
2010-12-07,63.4,63.67,62.69,62.83,2469200.0
2010-12-06,62.75,62.97,62.3,62.71,1218000.0
2010-12-03,62.34,63.0,62.3,62.88,1398100.0
2010-12-02,61.54,62.89,61.54,62.49,2843200.0
2010-12-01,61.09,61.66,61.09,61.52,2944000.0
2010-11-30,60.34,60.82,59.92,60.17,2744000.0
2010-11-29,60.4,60.97,59.98,60.91,2207300.0
2010-11-26,60.35,61.31,60.33,60.84,1055400.0
2010-11-24,60.18,61.25,60.09,61.02,1915800.0
2010-11-23,60.38,60.52,59.2,59.63,2912200.0
2010-11-22,61.09,61.31,60.44,61.06,1518500.0
2010-11-19,61.0,61.39,60.79,61.38,2209500.0
2010-11-18,61.18,61.92,61.03,61.15,2385400.0
2010-11-17,60.045,60.535,59.6,60.34,3210200.0
2010-11-16,61.0,61.14,60.18,60.55,2379500.0
2010-11-15,61.27,62.3,61.25,61.33,1681100.0
2010-11-12,61.43,61.87,60.56,60.96,2049800.0
2010-11-11,61.64,62.22,61.42,61.97,1740000.0
2010-11-10,61.4,62.24,61.06,62.1,2077100.0
2010-11-09,62.44,62.64,61.5,61.68,2053600.0
2010-11-08,62.14,62.7,61.96,62.36,1536600.0
2010-11-05,62.52,63.32,62.09,62.31,2779300.0
2010-11-04,62.83,63.6399,62.41,62.72,4515100.0
2010-11-03,62.34,62.56,61.47,62.13,2118300.0
2010-11-02,62.22,62.57,61.59,62.38,2148300.0
2010-11-01,61.92,62.8816,61.45,61.77,2760900.0
2010-10-29,60.76,61.975,60.38,61.49,2862800.0
2010-10-28,61.33,61.35,59.51,60.79,4376800.0
2010-10-27,61.62,61.67,60.42,61.35,3589700.0
2010-10-26,61.67,62.68,61.51,62.2,2163900.0
2010-10-25,62.48,63.18,61.94,61.97,1974700.0
2010-10-22,61.63,62.14,61.5,62.1,1137600.0
2010-10-21,61.74,61.8963,60.75,61.56,2277900.0
2010-10-20,60.76,62.26,60.7,61.87,2160800.0
2010-10-19,60.59,61.25,59.91,60.54,2549300.0
2010-10-18,61.7,61.74,61.22,61.49,1503400.0
2010-10-15,62.17,62.27,61.05,61.51,2341700.0
2010-10-14,62.21,62.21,61.15,61.78,2537100.0
2010-10-13,60.65,62.71,60.59,62.21,4924200.0
2010-10-12,60.36,60.36,59.06,59.73,3614600.0
2010-10-11,60.5,61.15,60.0,60.66,1586300.0
2010-10-08,59.54,60.67,59.28,60.53,2389300.0
2010-10-07,59.95,59.99,58.95,59.63,3008200.0
2010-10-06,59.5,59.82,59.05,59.67,3312500.0
2010-10-05,59.1,59.82,58.86,59.51,4465600.0
2010-10-04,58.91,59.52,57.91,58.37,2186500.0
2010-10-01,59.09,59.45,58.4,59.02,2614400.0
2010-09-30,60.27,60.8,59.17,59.51,2409600.0
2010-09-29,59.35,60.46,58.98,59.77,3690100.0
2010-09-28,59.77,59.79,58.5925,59.64,2947700.0
2010-09-27,59.95,60.087,59.54,59.57,3187600.0
2010-09-24,58.15,59.99,58.15,59.88,2981200.0
2010-09-23,58.26,58.9,57.81,57.99,2069800.0
2010-09-22,59.13,59.4,58.43,58.93,2957600.0
2010-09-21,59.09,60.0,58.92,59.36,2527800.0
2010-09-20,58.65,59.29,58.44,58.93,2502100.0
2010-09-17,58.75,58.9,58.06,58.45,3206300.0
2010-09-16,58.79,59.05,58.18,58.43,1768900.0
2010-09-15,58.59,59.28,58.4,58.99,2137600.0
2010-09-14,59.12,59.41,58.74,58.77,2283300.0
2010-09-13,59.54,59.64,58.95,59.19,2376100.0
2010-09-10,58.11,59.0,58.11,58.85,2440800.0
2010-09-09,58.98,59.03,57.59,57.92,1974900.0
2010-09-08,57.71,58.64,57.59,58.38,2612800.0
2010-09-07,57.62,58.13,57.18,57.66,2565000.0
2010-09-03,57.51,58.62,57.36,57.91,2272500.0
2010-09-02,56.0,57.13,55.94,57.13,2199200.0
2010-09-01,54.34,56.2,54.25,56.02,3483300.0
2010-08-31,53.23,54.47,53.07,53.68,3493200.0
2010-08-30,54.46,54.9499,53.49,53.55,1770100.0
2010-08-27,53.54,54.64,53.0,54.55,2262100.0
2010-08-26,53.41,54.01,52.95,53.05,2270600.0
2010-08-25,52.16,53.34,51.71,53.03,3527400.0
2010-08-24,52.72,53.12,51.53,52.69,3787200.0
2010-08-23,54.81,54.81,53.29,53.46,2617600.0
2010-08-20,54.16,54.55,53.35,54.44,2560300.0
2010-08-19,55.86,55.88,53.73,54.56,3030600.0
2010-08-18,55.5,56.32,55.06,56.09,2021100.0
2010-08-17,55.28,56.185,55.12,55.48,2480900.0
2010-08-16,54.26,54.79,53.99,54.55,1795000.0
2010-08-13,54.64,55.25,54.5,54.68,1696600.0
2010-08-12,54.25,55.11,54.0,54.91,2176600.0
2010-08-11,56.45,56.78,54.84,55.26,3195400.0
2010-08-10,57.12,57.98,56.68,57.72,2350500.0
2010-08-09,57.45,58.0,57.08,57.92,1998600.0
2010-08-06,57.41,57.79,56.12,57.06,2817400.0
2010-08-05,57.27,58.0,57.13,57.92,2077500.0
2010-08-04,57.33,57.77,57.12,57.61,2491000.0
2010-08-03,57.18,57.79,56.62,57.43,1971800.0
2010-08-02,57.33,57.55,56.59,57.5,2526600.0
2010-07-30,55.33,56.53,54.99,56.27,2253500.0
2010-07-29,56.5,56.7,55.53,55.93,3149900.0
2010-07-28,54.57,56.13,54.34,56.03,5759600.0
2010-07-27,57.47,57.64,56.16,56.52,3961200.0
2010-07-26,56.75,57.87,56.45,57.16,4370800.0
2010-07-23,54.7,56.65,54.58,56.46,5270100.0
2010-07-22,54.13,55.61,54.11,54.72,3692100.0
2010-07-21,54.31,54.36,52.67,53.15,3321100.0
2010-07-20,51.9,54.08,51.71,53.99,4252900.0
2010-07-19,53.69,53.75,52.5398,52.94,3672800.0
2010-07-16,54.51,54.69,53.14,53.36,4347600.0
2010-07-15,55.0,55.17,54.03,55.03,3085900.0
2010-07-14,54.86,55.68,54.49,55.0,3817800.0
2010-07-13,55.16,56.12,54.61,55.29,8167700.0
2010-07-12,53.73,54.28,53.2,54.19,4187100.0
2010-07-09,52.92,53.92,52.43,53.81,5546500.0
2010-07-08,52.41,52.5,51.56,51.96,8140800.0
2010-07-07,50.72,51.86,50.48,51.76,8498900.0
2010-07-06,51.57,51.86,50.03,50.5,5546400.0
2010-07-02,52.84,53.0,50.76,50.91,5808600.0
2010-07-01,53.11,53.91,52.02,52.7,5716100.0
2010-06-30,53.405,54.215,52.88,53.05,4090300.0
2010-06-29,55.6,55.6,52.97,53.44,5458300.0
2010-06-28,57.01,57.29,56.35,56.6,1773100.0
2010-06-25,56.31,57.01,55.89,56.68,3063100.0
2010-06-24,57.25,57.28,55.95,56.23,2428000.0
2010-06-23,57.51,57.73,56.47,57.47,2617000.0
2010-06-22,59.86,60.01,57.23,57.47,3363700.0
2010-06-21,59.93,60.84,59.5,59.97,4853000.0
2010-06-18,58.71,59.1,58.491,59.09,3610200.0
2010-06-17,58.3,58.79,57.25,58.66,3418500.0
2010-06-16,57.88,58.85,57.79,58.29,4798300.0
2010-06-15,56.75,58.52,56.75,58.46,2965900.0
2010-06-14,57.4,57.6,56.11,56.18,2220400.0
2010-06-11,55.46,56.91,55.36,56.8,2177900.0
2010-06-10,54.69,56.22,54.69,56.16,3581200.0
2010-06-09,53.82,55.48,53.34,53.6,2996200.0
2010-06-08,52.42,53.53,52.0,53.34,3002200.0
2010-06-07,53.51,53.87,52.16,52.19,3348700.0
2010-06-04,55.48,55.84,53.09,53.4,4303000.0
2010-06-03,57.01,57.41,56.08,56.8,2698200.0
2010-06-02,55.46,56.73,54.9,56.69,3437200.0
2010-06-01,55.96,57.295,54.97,55.03,6398700.0
2010-05-28,56.86,57.0497,55.76,56.46,2747400.0
2010-05-27,55.64,56.79,55.05,56.72,2538000.0
2010-05-26,54.92,55.96,54.58,54.99,2795900.0
2010-05-25,52.87,54.36,52.5,54.31,2949900.0
2010-05-24,54.58,55.6,54.33,54.37,2252900.0
2010-05-21,52.42,55.33,52.07,54.81,3747700.0
2010-05-20,54.66,55.2,53.14,53.41,3468700.0
2010-05-19,56.9,57.66,54.95,55.98,3431500.0
2010-05-18,58.6,58.67,56.6,57.11,2748800.0
2010-05-17,58.31,58.88,56.55,58.13,2212500.0
2010-05-14,59.18,59.53,57.84,58.29,2287100.0
2010-05-13,60.44,60.755,59.6,59.79,1999400.0
2010-05-12,59.57,60.92,59.23,60.73,2121800.0
2010-05-11,58.02,59.69,58.02,59.15,2832700.0
2010-05-10,58.57,58.82,57.23,58.79,3508100.0
2010-05-07,56.27,56.83,54.49,55.22,4769300.0
2010-05-06,58.05,58.75,51.93,56.38,4866400.0
2010-05-05,58.28,59.2,57.92,58.34,3226600.0
2010-05-04,60.17,60.33,59.07,59.65,3007600.0
2010-05-03,59.78,61.59,59.75,61.15,3149900.0
2010-04-30,60.51,61.15,59.25,59.33,2971900.0
2010-04-29,59.59,60.88,59.41,60.51,4304700.0
2010-04-28,58.6,59.73,58.12,59.17,5057700.0
2010-04-27,60.84,61.09,59.52,59.65,2900400.0
2010-04-26,60.92,61.27,60.68,61.09,1973400.0
2010-04-23,60.23,60.9,59.92,60.88,2923900.0
2010-04-22,59.7,60.59,58.96,60.54,2448900.0
2010-04-21,60.2,60.33,59.68,60.19,2266900.0
2010-04-20,59.9,60.55,59.64,60.19,1695800.0
2010-04-19,59.31,59.53,58.64,59.39,1605000.0
2010-04-16,60.39,60.59,58.57,59.47,2910500.0
2010-04-15,60.01,60.77,59.77,60.61,2565600.0
2010-04-14,59.81,60.61,59.41,60.13,3401700.0
2010-04-13,58.37,59.275,57.87,59.17,2902900.0
2010-04-12,57.88,58.41,57.53,58.39,2503500.0
2010-04-09,58.46,58.62,57.3,57.91,2643900.0
2010-04-08,57.41,58.56,57.38,58.46,4164100.0
2010-04-07,57.45,57.91,56.9,57.68,3886500.0
2010-04-06,57.31,57.77,57.11,57.59,2509200.0
2010-04-05,57.16,57.81,56.58,57.56,2602200.0
2010-04-01,56.25,57.0,56.25,56.99,2853800.0
2010-03-31,55.78,56.09,55.41,55.89,1945800.0
2010-03-30,55.76,56.5,55.7,56.2,3059800.0
2010-03-29,55.17,55.93,54.96,55.81,1796200.0
2010-03-26,55.02,55.06,54.15,54.83,1909200.0
2010-03-25,55.06,55.8,54.6,54.7,2887700.0
2010-03-24,55.04,55.04,54.14,54.66,2841400.0
2010-03-23,55.57,55.82,54.46,55.24,2933700.0
2010-03-22,55.03,55.71,54.55,55.4,2811500.0
2010-03-19,55.71,56.17,55.01,55.33,3175700.0
2010-03-18,55.03,56.02,54.98,55.68,2248900.0
2010-03-17,55.21,55.55,54.99,55.28,1742900.0
2010-03-16,54.71,55.21,54.52,55.13,2142400.0
2010-03-15,54.35,54.68,53.99,54.56,1277700.0
2010-03-12,54.79,54.79,53.98,54.45,1272100.0
2010-03-11,53.95,54.55,53.87,54.36,1878900.0
2010-03-10,54.0,54.43,53.324,53.87,1979600.0
2010-03-09,52.95,54.04,52.89,53.74,2369400.0
2010-03-08,53.11,53.38,52.56,52.97,1839300.0
2010-03-05,52.79,53.15,52.6,52.97,2668300.0
2010-03-04,52.22,52.78,52.0,52.47,2614400.0
2010-03-03,52.73,53.0,52.14,52.22,1834400.0
2010-03-02,53.02,53.1,52.48,52.71,1423400.0
2010-03-01,52.57,53.06,52.2,52.64,2915200.0
2010-02-26,51.63,51.73,51.04,51.43,2579400.0
2010-02-25,50.67,51.74,50.09,51.65,2563100.0
2010-02-24,50.83,51.16,50.554,51.11,1715300.0
2010-02-23,51.01,51.18,50.18,50.68,1997400.0
2010-02-22,51.24,51.37,50.82,51.14,1665500.0
2010-02-19,49.97,51.3,49.97,51.01,3290700.0
2010-02-18,49.39,50.35,49.22,50.25,2693600.0
2010-02-17,49.9,50.0,48.89,49.26,2253500.0
2010-02-16,48.77,49.92,48.4,49.89,2512100.0
2010-02-12,48.1,48.55,47.75,48.48,2419000.0
2010-02-11,46.85,48.92,46.76,48.58,3510200.0
2010-02-10,47.1,47.38,46.31,46.99,2391300.0
2010-02-09,47.27,47.75,46.93,47.14,1898500.0
2010-02-08,47.01,47.6,46.25,46.31,3128000.0
2010-02-05,46.73,47.29,46.18,47.1,3011500.0
2010-02-04,48.01,48.145,46.77,46.83,2929400.0
2010-02-03,48.59,49.25,48.25,48.45,1710700.0
2010-02-02,48.42,49.54,48.05,48.66,2867500.0
2010-02-01,47.28,48.5,47.28,48.08,2305800.0
2010-01-29,48.0,48.54,46.98,47.06,3038300.0
2010-01-28,49.93,49.94,47.81,48.09,4524100.0
2010-01-27,49.56,50.67,49.19,50.43,3019000.0
2010-01-26,49.71,50.5,49.38,49.75,2461000.0
2010-01-25,50.2,50.33,49.5,49.87,1600900.0
2010-01-22,50.4,50.9,49.55,49.65,2728300.0
2010-01-21,51.6,52.5,50.38,50.4,3712600.0
2010-01-20,52.01,52.08,50.9,51.75,3114800.0
2010-01-19,52.9,53.15,52.47,53.05,1779200.0
2010-01-15,53.36,53.36,52.31,52.78,2805900.0
2010-01-14,53.75,53.96,52.76,53.15,2677100.0
2010-01-13,54.03,54.22,53.31,54.0,1497600.0
2010-01-12,53.84,54.33,53.58,54.02,2466200.0
2010-01-11,54.73,54.73,53.73,54.23,1452500.0
2010-01-08,52.44,54.76,52.44,54.36,3042400.0
2010-01-07,53.01,53.03,52.11,52.55,3161500.0
2010-01-06,53.13,53.96,53.01,53.25,2116000.0
2010-01-05,52.56,53.62,52.5,53.4,1803900.0
2010-01-04,52.83,52.83,52.04,52.59,1884500.0
2009-12-31,53.19,53.3,52.38,52.42,1164900.0
2009-12-30,53.2,53.5,53.08,53.24,993800.0
2009-12-29,53.77,53.99,53.29,53.3,1021500.0
2009-12-28,54.25,54.43,53.27,53.59,799700.0
2009-12-24,53.76,54.55,53.76,54.24,594400.0
2009-12-23,53.01,53.94,52.85,53.82,1194800.0
2009-12-22,53.4,53.58,52.79,53.01,1757600.0
2009-12-21,52.25,53.27,52.24,53.08,1597000.0
2009-12-18,52.42,52.51,51.79,52.04,2264200.0
2009-12-17,52.32,52.57,51.97,52.06,1675700.0
2009-12-16,52.91,53.12,52.69,52.86,1638300.0
2009-12-15,53.14,53.14,52.51,52.78,1641600.0
2009-12-14,52.33,53.18,52.33,53.08,1782000.0
2009-12-11,52.29,52.54,52.02,52.22,1707200.0
2009-12-10,51.73,52.4,51.51,52.24,1863500.0
2009-12-09,51.51,51.51,50.6475,51.27,1658700.0
2009-12-08,52.04,52.06,51.01,51.3,2673200.0
2009-12-07,52.7,52.94,52.26,52.33,2041800.0
2009-12-04,52.0,52.99,52.0,52.84,2456900.0
2009-12-03,52.2,52.29,51.37,51.48,1818100.0
2009-12-02,52.45,52.52,51.9,52.22,1324600.0
2009-12-01,51.66,52.66,51.66,52.35,1736000.0
2009-11-30,51.31,51.64,50.76,51.4,2232700.0
2009-11-27,50.92,51.54,50.3,51.19,1466800.0
2009-11-25,51.51,51.91,51.35,51.84,1891700.0
2009-11-24,51.92,52.02,51.26,51.49,2616500.0
2009-11-23,51.84,52.4,51.83,52.02,2504200.0
2009-11-20,50.58,51.55,50.57,51.4,3444700.0
2009-11-19,51.18,51.25,50.41,50.92,2959700.0
2009-11-18,51.7,51.92,51.09,51.62,2800800.0
2009-11-17,51.38,51.71,51.05,51.68,5201700.0
2009-11-16,51.93,52.0,51.42,51.66,6332600.0
2009-11-13,51.65,51.83,51.27,51.67,4383500.0
2009-11-12,52.39,52.84,51.09,51.26,5457100.0
2009-11-11,51.83,52.52,51.65,51.96,3645600.0
2009-11-10,51.63,52.38,51.51,51.8,3096800.0
2009-11-09,52.57,52.6599,51.63,51.95,7035700.0
2009-11-06,50.93,52.44,50.56,52.07,5548200.0
2009-11-05,50.26,51.1,49.9,51.0,3842100.0
2009-11-04,49.44,50.38,49.19,49.86,8373100.0
2009-11-03,49.67,50.0,47.55,48.81,12993300.0
2009-11-02,46.67,47.82,45.94,46.63,3464400.0
2009-10-30,46.84,47.37,46.25,46.62,4982300.0
2009-10-29,46.61,47.62,46.25,47.13,3622300.0
2009-10-28,47.35,49.75,46.19,46.25,9205000.0
2009-10-27,46.89,47.51,46.01,46.05,6077900.0
2009-10-26,46.91,47.9,46.53,46.93,4079300.0
2009-10-23,48.12,48.12,46.01,46.88,6028500.0
2009-10-22,48.32,48.86,47.61,48.65,4003500.0
2009-10-21,49.35,50.1,48.56,48.62,3088800.0
2009-10-20,49.63,49.74,48.91,49.52,971300.0
2009-10-19,49.2,49.87,48.86,49.68,1388500.0
2009-10-16,48.14,49.39,47.84,49.15,4132100.0
2009-10-15,48.15,48.69,47.8,48.63,4476800.0
2009-10-14,46.35,48.35,46.35,48.28,6619900.0
2009-10-13,45.94,45.94,45.2,45.68,3425300.0
2009-10-12,46.34,46.886,45.405,45.95,2418100.0
2009-10-09,45.83,46.26,45.41,46.16,2463900.0
2009-10-08,45.04,46.0,44.72,45.84,4700200.0
2009-10-07,44.45,44.9,44.01,44.41,2489900.0
2009-10-06,44.29,44.94,44.01,44.36,3581400.0
2009-10-05,43.55,44.16,42.93,44.07,2520000.0
2009-10-02,43.15,43.74,42.7115,43.26,3802200.0
2009-10-01,42.58,44.19,42.58,43.62,6210500.0
2009-09-30,43.94,44.19,42.77,43.11,4474700.0
2009-09-29,44.57,44.62,43.74,43.85,2569300.0
2009-09-28,44.22,44.91,43.84,44.46,1874600.0
2009-09-25,44.81,44.96,43.25,43.96,3879100.0
2009-09-24,45.91,46.18,44.9,45.05,2579200.0
2009-09-23,47.01,47.01,45.69,45.76,2443100.0
2009-09-22,46.4,47.12,46.22,46.47,2520000.0
2009-09-21,45.78,46.39,45.57,45.91,2742200.0
2009-09-18,46.97,47.06,46.11,46.34,3352900.0
2009-09-17,47.42,47.7,46.39,46.64,3921800.0
2009-09-16,49.21,49.49,46.88,47.49,5573800.0
2009-09-15,49.34,49.34,48.23,48.77,3395800.0
2009-09-14,48.38,49.33,48.0,49.03,2238600.0
2009-09-11,49.48,50.1,48.12,48.68,4575600.0
2009-09-10,48.47,49.5,48.01,49.23,3074200.0
2009-09-09,47.3,49.26,47.3,48.39,4384200.0
2009-09-08,48.34,48.67,47.38,47.51,3279300.0
2009-09-04,46.74,48.2,46.43,47.96,3341700.0
2009-09-03,44.89,46.96,44.7,46.82,4376600.0
2009-09-02,45.25,45.26,44.24,44.49,2876100.0
2009-09-01,45.65,46.8045,45.13,45.35,2870100.0
2009-08-31,46.1,46.6,45.65,45.87,2383000.0
2009-08-28,46.93,47.28,46.2,46.91,2735000.0
2009-08-27,46.23,46.8,45.05,46.5,2800400.0
2009-08-26,46.72,47.21,46.03,46.21,3067900.0
2009-08-25,47.42,47.96,46.76,46.87,2434200.0
2009-08-24,47.63,48.0,46.55,47.01,2630300.0
2009-08-21,46.69,47.86,46.3,47.54,2814500.0
2009-08-20,45.81,46.72,45.35,46.46,4224400.0
2009-08-19,45.6,46.31,45.0,45.67,3051100.0
2009-08-18,45.44,46.19,45.33,46.11,2685900.0
2009-08-17,46.44,46.49,45.09,45.33,3175100.0
2009-08-14,48.5,48.5,46.84,47.27,3213500.0
2009-08-13,47.07,48.65,46.42,48.59,5062600.0
2009-08-12,46.44,47.41,46.01,46.85,4650200.0
2009-08-11,44.76,46.77,44.39,46.44,4402500.0
2009-08-10,46.25,46.25,44.87,45.17,2937500.0
2009-08-07,43.77,46.99,43.67,46.37,5775000.0
2009-08-06,43.54,43.81,42.95,43.13,2158900.0
2009-08-05,44.5,44.5,43.02,43.44,2326600.0
2009-08-04,44.16,44.78,43.75,44.44,3095900.0
2009-08-03,43.73,44.7,43.56,44.36,4063100.0
2009-07-31,42.98,43.73,42.67,43.25,3720900.0
2009-07-30,43.2,43.9,42.82,42.95,3762800.0
2009-07-29,42.31,42.92,41.61,42.8,5197500.0
2009-07-28,44.5,45.15,43.29,43.63,5527800.0
2009-07-27,45.23,45.3,44.27,45.12,2943200.0
2009-07-24,45.02,45.49,44.05,44.84,2666600.0
2009-07-23,43.72,45.55,43.61,45.36,4864000.0
2009-07-22,43.29,44.35,42.51,43.89,3806800.0
2009-07-21,43.0,43.72,42.49,43.37,4748600.0
2009-07-20,41.5,42.95,41.25,42.85,4562800.0
2009-07-17,40.76,41.67,40.35,41.39,3309700.0
2009-07-16,40.29,41.2,39.9,40.92,3647100.0
2009-07-15,39.3,40.51,39.14,40.35,4340800.0
2009-07-14,37.94,39.42,37.94,38.78,5247700.0
2009-07-13,36.53,37.4,35.77,37.39,3110400.0
2009-07-10,36.06,37.404,35.634,36.65,2086800.0
2009-07-09,36.29,36.91,36.04,36.23,3022100.0
2009-07-08,35.97,36.48,35.28,36.1,5066000.0
2009-07-07,36.98,37.14,35.73,35.87,4883400.0
2009-07-06,36.54,37.22,36.2,37.14,3746700.0
2009-07-02,37.76,37.89,36.85,37.08,3126700.0
2009-07-01,37.52,39.27,37.52,38.18,3950400.0
2009-06-30,38.41,38.7178,37.16,37.67,4069000.0
2009-06-29,38.85,39.29,37.9,38.22,3716300.0
2009-06-26,38.76,39.54,38.26,39.19,4511400.0
2009-06-25,36.67,39.22,36.67,38.98,4320200.0
2009-06-24,36.94,38.09,36.65,36.9,5212700.0
2009-06-23,36.53,36.8764,35.922,36.45,2965200.0
2009-06-22,37.75,38.0,36.33,36.4,3646800.0
2009-06-19,38.36,38.91,37.95,38.46,5001700.0
2009-06-18,38.6,38.6,37.53,38.12,3301900.0
2009-06-17,38.77,39.15,38.02,38.36,4203400.0
2009-06-16,39.9,40.21,38.82,38.9,4209900.0
2009-06-15,40.35,40.9,38.67,39.21,4993500.0
2009-06-12,40.39,41.4,40.03,41.23,3589300.0
2009-06-11,40.51,41.23,40.355,40.45,2989000.0
2009-06-10,41.69,41.69,39.75,40.54,4704200.0
2009-06-09,40.85,41.9,40.73,41.13,4088800.0
2009-06-08,39.98,41.51,39.97,40.94,4358900.0
2009-06-05,41.0,41.88,40.29,40.7,5111300.0
2009-06-04,39.21,40.51,38.72,40.44,5350200.0
2009-06-03,39.87,40.21,38.35,39.0,4347300.0
2009-06-02,39.46,40.88,39.35,40.13,5868200.0
2009-06-01,37.57,39.91,37.1,39.51,7209400.0
2009-05-29,35.61,37.2,35.47,37.2,4616100.0
2009-05-28,35.53,35.54,34.3399,35.38,3302400.0
2009-05-27,36.5,36.57,34.75,34.93,4620100.0
2009-05-26,35.38,36.96,34.67,36.46,5245300.0
2009-05-22,34.48,35.58,34.41,35.21,3341200.0
2009-05-21,36.16,36.28,33.96,34.43,6296700.0
2009-05-20,36.42,38.25,36.29,36.67,4325800.0
2009-05-19,36.49,36.94,35.95,36.06,3272600.0
2009-05-18,35.67,36.32,35.11,36.25,4307400.0
2009-05-15,34.51,35.62,34.51,35.08,4943600.0
2009-05-14,34.62,35.88,34.5,34.5,4123800.0
2009-05-13,35.93,36.15,34.83,34.96,5550500.0
2009-05-12,37.06,37.12,35.965,36.51,6960400.0
2009-05-11,37.58,37.77,36.41,36.44,5292000.0
2009-05-08,37.4,38.43,37.25,38.01,5366000.0
2009-05-07,37.94,38.21,36.54,37.03,6606600.0
2009-05-06,37.42,38.2,36.7,37.7,5365300.0
2009-05-05,37.71,38.25,36.54,36.96,3937500.0
2009-05-04,36.17,38.77,36.15,37.91,7796700.0
2009-05-01,35.12,36.3478,34.32,35.8,5727600.0
2009-04-30,35.93,36.67,35.33,35.68,5367900.0
2009-04-29,35.15,36.11,34.79,35.51,4086300.0
2009-04-28,35.44,35.82,34.35,34.77,6421400.0
2009-04-27,37.01,37.39,35.42,35.92,7646200.0
2009-04-24,38.59,39.01,37.49,37.79,5816400.0
2009-04-23,37.68,39.66,37.13,38.18,10719000.0
2009-04-22,34.55,39.31,34.55,37.5,22727600.0
2009-04-21,35.4,37.73,35.1,37.37,7205200.0
2009-04-20,37.26,37.5,35.29,35.65,4221000.0
2009-04-17,37.28,38.47,37.07,37.79,3996200.0
2009-04-16,37.17,37.67,36.49,37.22,4094700.0
2009-04-15,37.11,38.08,36.37,37.01,6467200.0
2009-04-14,36.55,37.28,36.15,36.45,3564800.0
2009-04-13,37.1,37.32,35.94,36.99,4871300.0
2009-04-09,37.17,37.75,36.84,37.35,4612200.0
2009-04-08,35.27,36.49,35.27,36.24,4880400.0
2009-04-07,35.87,36.23,34.83,35.18,3895900.0
2009-04-06,37.14,37.14,35.38,36.39,5212000.0
2009-04-03,37.0,37.55,36.8,37.45,4575400.0
2009-04-02,35.26,38.04,35.26,36.9,7481300.0
2009-04-01,33.36,34.8697,32.99,34.54,5993100.0
2009-03-31,33.87,34.53,32.81,33.75,5930500.0
2009-03-30,33.99,34.27,32.59,33.13,5095300.0
2009-03-27,35.52,35.56,34.61,34.88,5466300.0
2009-03-26,34.25,36.1,34.03,35.94,7627300.0
2009-03-25,34.3,34.7,32.59,33.56,6861000.0
2009-03-24,32.9,35.0,32.1,34.21,8132300.0
2009-03-23,30.88,33.37,30.88,33.35,5203300.0
2009-03-20,31.61,31.94,30.32,30.46,5247500.0
2009-03-19,31.59,32.25,31.0,31.45,4818200.0
2009-03-18,31.23,31.8,30.01,31.3,7324500.0
2009-03-17,30.92,31.57,30.44,31.5,4191300.0
2009-03-16,29.99,32.07,29.69,31.04,7533100.0
2009-03-13,30.15,30.56,28.9,29.28,5144500.0
2009-03-12,28.44,30.13,27.835,29.94,7063900.0
2009-03-11,28.58,28.89,27.93,28.43,4869000.0
2009-03-10,27.52,28.34,27.34,28.21,9281500.0
2009-03-09,27.86,27.95,26.69,26.95,7952600.0
2009-03-06,27.5,28.64,26.85,27.41,6988600.0
2009-03-05,29.09,29.53,26.87,27.25,9668200.0
2009-03-04,29.53,30.55,28.79,29.98,8877100.0
2009-03-03,29.91,30.1,28.9,29.13,8123700.0
2009-03-02,31.08,31.08,29.44,29.56,5810500.0
2009-02-27,31.66,32.52,30.77,31.72,6066500.0
2009-02-26,32.86,33.15,32.18,32.37,5702600.0
2009-02-25,33.35,33.35,31.85,32.56,5753600.0
2009-02-24,32.35,33.89,32.14,33.47,5621900.0
2009-02-23,34.26,34.63,32.1,32.22,5092900.0
2009-02-20,33.78,34.58,33.11,33.97,6483300.0
2009-02-19,34.38,35.55,33.85,34.04,4393800.0
2009-02-18,35.68,36.4997,35.12,35.56,3450700.0
2009-02-17,36.95,37.51,35.13,35.67,5640400.0
2009-02-13,36.76,38.41,36.5,37.73,5102600.0
2009-02-12,37.47,37.47,35.36,36.81,6126100.0
2009-02-11,38.71,39.0,37.4,38.02,3510700.0
2009-02-10,40.94,41.22,37.74,38.4,6707400.0
2009-02-09,41.13,41.61,39.86,41.22,4153900.0
2009-02-06,39.55,42.34,39.3101,41.27,6433300.0
2009-02-05,38.63,39.79,37.51,39.51,4073900.0
2009-02-04,37.93,39.28,37.62,38.63,4500700.0
2009-02-03,37.84,38.28,36.71,37.9,5830900.0
2009-02-02,37.81,38.22,36.96,37.55,4107200.0
2009-01-30,38.27,38.75,37.39,38.36,4736000.0
2009-01-29,39.37,39.49,37.92,38.21,3729400.0
2009-01-28,39.5,40.7,38.16,39.86,7635200.0
2009-01-27,35.62,38.27,34.87,37.65,8491800.0
2009-01-26,34.16,35.68,34.0,35.3,5492800.0
2009-01-23,34.67,35.01,33.47,34.15,6201900.0
2009-01-22,34.94,36.16,34.3,35.57,7575200.0
2009-01-21,35.8,36.74,33.45,35.4,9152400.0
2009-01-20,37.22,38.12,35.08,35.28,6562100.0
2009-01-16,39.44,39.73,37.22,37.81,6229800.0
2009-01-15,39.38,40.142,37.05,38.8,8624700.0
2009-01-14,41.68,41.96,39.05,39.52,8346800.0
2009-01-13,43.88,44.41,41.02,42.14,6812300.0
2009-01-12,45.6,45.6,42.845,43.31,5534400.0
2009-01-09,47.64,48.1,45.87,46.55,2961200.0
2009-01-08,47.31,48.11,46.25,47.64,2143300.0
2009-01-07,49.5,50.16,47.26,47.58,3009000.0
2009-01-06,48.06,50.14,48.06,49.9,3420500.0
2009-01-05,48.86,49.34,47.86,48.5,3456500.0
2009-01-02,46.91,49.44,46.59,49.07,3025000.0
2008-12-31,45.69,47.71,45.36,47.05,3474300.0
2008-12-30,44.26,45.57,43.9,45.5,2967300.0
2008-12-29,44.19,44.61,42.97,44.04,3292900.0
2008-12-26,43.91,44.44,43.77,44.36,1026100.0
2008-12-24,44.09,44.65,43.52,43.67,881100.0
2008-12-23,44.81,44.86,43.5,43.95,3049100.0
2008-12-22,44.16,44.9,43.7,44.63,3302800.0
2008-12-19,46.02,46.23,44.36,44.56,5096200.0
2008-12-18,48.22,48.82,45.3,45.9,4178800.0
2008-12-17,45.55,49.25,45.55,47.95,4046600.0
2008-12-16,44.37,46.87,44.2,46.31,4180700.0
2008-12-15,45.25,46.05,43.12,44.02,3404900.0
2008-12-12,45.08,46.11,43.2,44.52,4056400.0
2008-12-11,47.8,48.97,45.62,46.21,3735600.0
2008-12-10,47.42,48.59,46.73,48.39,4408800.0
2008-12-09,48.36,48.36,46.06,46.87,3910200.0
2008-12-08,47.48,49.67,47.0,48.82,4795300.0
2008-12-05,45.42,46.41,43.5,46.14,5247000.0
2008-12-04,45.75,47.82,45.15,46.09,4414100.0
2008-12-03,46.77,47.48,44.54,46.36,7086500.0
2008-12-02,46.41,47.73,45.81,47.62,3737700.0
2008-12-01,48.22,48.24,45.4,45.59,4503500.0
2008-11-28,49.51,50.25,48.21,49.47,1820400.0
2008-11-26,47.47,50.06,47.06,49.52,3830400.0
2008-11-25,48.83,49.75,47.08,48.35,4107300.0
2008-11-24,46.6,49.06,44.8172,47.84,5840900.0
2008-11-21,44.32,45.68,42.38,45.68,5697800.0
2008-11-20,44.87,46.44,41.42,43.29,7360100.0
2008-11-19,50.05,50.19,45.06,45.33,6710100.0
2008-11-18,50.15,51.3,48.57,50.12,4323500.0
2008-11-17,51.18,52.11,49.01,50.06,4387100.0
2008-11-14,53.01,55.0,51.49,51.98,5196800.0
2008-11-13,51.48,54.39,47.49,54.09,9063400.0
2008-11-12,53.76,54.42,50.69,51.07,5007100.0
2008-11-11,54.89,56.18,52.4,54.73,4495900.0
2008-11-10,54.9,55.76,54.08,55.02,4002900.0
2008-11-07,54.25,55.03,52.29,53.72,4601400.0
2008-11-06,55.76,57.65,53.22,53.78,5815000.0
2008-11-05,60.14,61.42,56.76,57.07,5028100.0
2008-11-04,60.0,62.2,59.51,60.9,4851000.0
2008-11-03,60.69,61.42,58.08,58.61,3514300.0
2008-10-31,58.83,61.58,57.51,59.94,4125800.0
2008-10-30,59.86,61.16,56.39,58.84,5172100.0
2008-10-29,58.18,62.57,55.9,57.91,5758600.0
2008-10-28,53.84,57.45,51.29,57.33,4708100.0
2008-10-27,53.04,56.0,52.008,52.33,4553200.0
2008-10-24,50.5,54.95,50.5,53.12,5137100.0
2008-10-23,55.9,56.43,50.96,54.58,6455200.0
2008-10-22,54.65,56.45,52.61,54.54,7351200.0
2008-10-21,55.3,57.53,53.68,53.87,4111400.0
2008-10-20,53.2,55.97,52.5,55.86,4036900.0
2008-10-17,51.6,55.9,50.84,52.54,5098600.0
2008-10-16,51.24,53.13,48.13,52.98,6671700.0
2008-10-15,55.14,55.14,46.59,50.27,6721300.0
2008-10-14,60.3,60.66,53.62,55.33,5745400.0
2008-10-13,54.52,57.8,52.0,57.79,5424800.0
2008-10-10,48.67,55.0,45.06,52.05,8862800.0
2008-10-09,55.01,57.8238,52.0,52.16,5590600.0
2008-10-08,52.32,57.72,51.05,54.61,7077000.0
2008-10-07,58.21,58.84,54.35,54.51,5636700.0
2008-10-06,54.69,57.63,51.01,56.97,6375600.0
2008-10-03,56.88,60.58,55.02,56.17,6344800.0
2008-10-02,64.39,64.39,55.66,56.64,10056100.0
2008-10-01,65.52,66.58,63.5,65.04,4779500.0
2008-09-30,66.07,67.59,65.35,66.21,4001800.0
2008-09-29,68.99,69.53,64.09,65.5,4751500.0
2008-09-26,66.58,70.25,66.47,69.93,5091500.0
2008-09-25,66.69,68.97,66.27,67.87,3529600.0
2008-09-24,67.02,67.7,65.54,65.85,2973100.0
2008-09-23,67.33,69.39,66.01,66.6,4626800.0
2008-09-22,69.7,71.2,66.75,66.97,3674500.0
2008-09-19,71.99,72.56,67.01,70.36,4807000.0
2008-09-18,68.76,70.98,64.34,69.12,6810300.0
2008-09-17,67.52,68.93,66.68,67.54,7355400.0
2008-09-16,65.35,68.82,64.55,68.82,7162200.0
2008-09-15,65.37,67.69,65.26,65.87,5328900.0
2008-09-12,68.06,68.75,66.75,67.97,4408500.0
2008-09-11,65.57,68.98,65.57,68.48,6170400.0
2008-09-10,64.1,66.57,63.49,65.47,6956700.0
2008-09-09,67.79,67.79,62.04,62.56,7688800.0
2008-09-08,67.76,69.0,66.44,67.51,5232500.0
2008-09-05,66.01,66.61,63.47,66.39,6417900.0
2008-09-04,68.58,68.58,66.34,66.61,4247000.0
2008-09-03,69.72,70.6,68.43,69.21,4097800.0
2008-09-02,72.44,74.5,69.65,69.98,6580900.0
2008-08-29,73.28,74.9,73.28,73.53,3996000.0
2008-08-28,72.28,73.79,72.19,73.63,2942600.0
2008-08-27,70.51,72.24,70.27,71.98,2281800.0
2008-08-26,70.08,70.58,69.27,70.53,2226700.0
2008-08-25,70.64,70.8,69.5,70.0,2473200.0
2008-08-22,70.15,71.24,69.87,70.99,2036800.0
2008-08-21,67.19,70.02,67.0,69.54,2746400.0
2008-08-20,68.28,68.7099,67.29,67.89,3529200.0
2008-08-19,68.82,69.22,67.72,67.96,3274600.0
2008-08-18,70.71,70.99,69.1,69.45,3048100.0
2008-08-15,70.56,70.97,69.771,70.58,3910400.0
2008-08-14,69.44,72.0,69.06,70.49,4170500.0
2008-08-13,68.34,70.37,66.4,69.91,4742300.0
2008-08-12,72.29,72.3,67.75,68.74,6288300.0
2008-08-11,73.35,74.5,71.54,72.24,3656800.0
2008-08-08,70.44,73.66,70.0,73.55,3576700.0
2008-08-07,71.93,72.72,70.58,70.95,3489800.0
2008-08-06,73.47,73.47,71.66,72.64,4033100.0
2008-08-05,71.79,73.08,70.51,72.94,4909100.0
2008-08-04,70.67,71.3,68.95,70.15,3968700.0
2008-08-01,72.0,72.04,69.56,70.62,3248500.0
2008-07-31,73.03,73.64,71.7,71.92,4486700.0
2008-07-30,72.92,75.53,72.26,73.64,5997900.0
2008-07-29,69.1,72.69,68.75,72.69,4927700.0
2008-07-28,70.74,70.97,68.96,69.02,4183500.0
2008-07-25,69.73,70.36,68.15,70.11,3420400.0
2008-07-24,70.6,72.85,69.8,69.94,6260500.0
2008-07-23,67.49,70.68,66.9,69.96,6465900.0
2008-07-22,63.4,66.12,62.91,65.69,5014500.0
2008-07-21,63.3,63.92,62.82,63.54,2292200.0
2008-07-18,63.32,63.91,62.11,63.42,2951500.0
2008-07-17,64.19,64.48,62.32,63.48,2725200.0
2008-07-16,61.06,63.77,61.06,63.72,4736600.0
2008-07-15,60.62,61.52,59.05,60.86,4992500.0
2008-07-14,61.71,63.5,60.6,61.23,3074100.0
2008-07-11,61.71,62.87,60.25,61.78,3574500.0
2008-07-10,61.85,63.12,61.56,62.31,4356400.0
2008-07-09,62.15,62.7,59.99,60.35,2793900.0
2008-07-08,59.05,62.17,58.9,62.08,3918000.0
2008-07-07,59.73,60.205,57.92,58.86,3996600.0
2008-07-03,57.81,60.47,57.81,58.91,2840200.0
2008-07-02,61.57,61.76,57.71,57.82,4481400.0
2008-07-01,62.07,62.07,59.56,61.11,4619400.0
2008-06-30,61.01,63.36,60.77,62.67,3988400.0
2008-06-27,60.94,61.65,60.5,61.04,5069400.0
2008-06-26,62.29,62.87,61.15,61.19,3597600.0
2008-06-25,62.6,63.75,62.51,62.88,2371900.0
2008-06-24,62.38,63.87,61.87,62.62,3132900.0
2008-06-23,64.14,64.2,62.38,62.68,2261000.0
2008-06-20,63.6,64.36,62.99,63.74,2826200.0
2008-06-19,62.34,64.88,62.08,64.67,3695500.0
2008-06-18,61.84,62.67,60.82,62.06,3958200.0
2008-06-17,64.18,64.18,61.98,62.12,3886400.0
2008-06-16,63.12,64.35,62.51,63.73,4469800.0
2008-06-13,62.42,64.23,62.42,63.42,3173400.0
2008-06-12,61.07,62.74,61.01,61.88,3897000.0
2008-06-11,64.0,64.2,60.74,60.86,7194200.0
2008-06-10,64.76,65.21,63.63,64.59,3717300.0
2008-06-09,64.81,65.6,64.19,65.23,3404600.0
2008-06-06,66.26,66.5,64.18,64.18,3643700.0
2008-06-05,65.24,66.96,65.24,66.95,3077200.0
2008-06-04,65.79,66.08,64.76,65.0,3806000.0
2008-06-03,67.1,67.72,65.06,65.5,4797600.0
2008-06-02,67.17,67.31,65.91,66.77,3264000.0
2008-05-30,67.58,67.74,66.21,67.38,3877200.0
2008-05-29,65.34,67.74,64.75,66.85,5420900.0
2008-05-28,64.2,64.2,63.17,64.19,5888900.0
2008-05-27,62.75,64.2,62.75,63.91,2477700.0
2008-05-23,63.32,63.63,62.34,62.74,2779700.0
2008-05-22,63.97,64.15,63.0,63.5,2920300.0
2008-05-21,65.0,65.98,63.62,63.79,4561800.0
2008-05-20,64.57,65.23,63.79,64.91,4760800.0
2008-05-19,64.46,66.74,63.79,64.75,5775900.0
2008-05-16,64.48,65.23,63.85,64.31,3321800.0
2008-05-15,63.51,64.56,63.04,64.49,2646500.0
2008-05-14,64.66,64.88,63.71,63.79,3464200.0
2008-05-13,63.42,64.67,63.05,64.42,3977700.0
2008-05-12,62.19,63.51,61.3,63.38,2956300.0
2008-05-09,61.83,62.15,61.29,61.9,1712800.0
2008-05-08,61.49,62.39,61.31,62.28,2575200.0
2008-05-07,62.54,62.54,60.87,61.18,3666000.0
2008-05-06,59.8,62.67,59.25,62.27,4855000.0
2008-05-05,59.9,60.57,59.25,60.19,2665800.0
2008-05-02,61.0,61.0,59.4,60.19,2980900.0
2008-05-01,59.5,60.97,59.08,60.71,3307900.0
2008-04-30,59.87,60.96,59.49,59.58,3060400.0
2008-04-29,60.24,61.0,59.6,59.99,2744100.0
2008-04-28,60.45,60.59,59.8,60.2,2540100.0
2008-04-25,60.11,60.5,59.55,60.13,3015900.0
2008-04-24,59.59,60.38,58.19,59.93,3480200.0
2008-04-23,59.51,60.0,57.85,58.74,5387400.0
2008-04-22,60.99,61.89,60.6,61.14,3888900.0
2008-04-21,61.31,61.7,60.83,61.44,2811100.0
2008-04-18,60.41,61.75,60.06,61.64,4156900.0
2008-04-17,59.92,60.39,58.36,59.53,4293800.0
2008-04-16,58.58,60.45,58.34,60.06,6400300.0
2008-04-15,56.37,57.78,56.22,57.63,4024800.0
2008-04-14,55.07,56.9,54.78,56.19,4147100.0
2008-04-11,54.8,56.22,54.73,54.99,2600500.0
2008-04-10,54.9,55.67,54.36,55.45,2955000.0
2008-04-09,56.44,56.75,54.53,54.94,3957400.0
2008-04-08,56.45,57.2,56.22,56.8,2193900.0
2008-04-07,56.9,58.05,56.45,57.02,3227100.0
2008-04-04,56.85,57.74,56.41,56.8,3163600.0
2008-04-03,55.6,57.34,55.49,56.86,4857000.0
2008-04-02,55.24,56.4,55.08,56.05,3242400.0
2008-04-01,54.52,55.27,54.25,55.11,2840600.0
2008-03-31,54.13,54.58,53.35,54.32,2284400.0
2008-03-28,54.62,54.82,54.05,54.25,2438400.0
2008-03-27,54.46,55.04,53.52,54.25,3123500.0
2008-03-26,55.68,55.92,54.09,54.44,2966700.0
2008-03-25,54.52,56.73,53.88,56.26,3458600.0
2008-03-24,53.39,54.88,53.36,54.34,1839300.0
2008-03-20,52.64,53.51,51.14,53.07,5454800.0
2008-03-19,56.59,56.96,52.24,52.41,6968000.0
2008-03-18,54.26,56.96,53.53,56.89,6301900.0
2008-03-17,51.51,53.57,51.48,52.96,5122200.0
2008-03-14,54.27,54.48,52.21,52.93,4043600.0
2008-03-13,52.41,54.17,52.2,53.99,3206100.0
2008-03-12,53.17,54.19,52.71,53.24,3225100.0
2008-03-11,51.99,53.04,51.57,53.0,3485400.0
2008-03-10,51.88,52.75,50.86,51.14,4324200.0
2008-03-07,52.15,53.64,51.69,51.94,4154600.0
2008-03-06,54.36,54.46,52.2,52.35,4363100.0
2008-03-05,53.51,55.0,53.23,54.42,3003400.0
2008-03-04,53.19,53.71,52.57,53.55,3116100.0
2008-03-03,53.46,53.65,52.5,53.58,2610300.0
2008-02-29,53.79,54.03,52.6,52.89,3344400.0
2008-02-28,54.58,55.06,54.1,54.58,2256700.0
2008-02-27,55.0,55.84,54.62,55.09,3572500.0
2008-02-26,53.46,55.6,53.46,55.33,4950600.0
2008-02-25,53.11,54.26,52.44,54.2,4311300.0
2008-02-22,52.66,53.23,52.13,53.18,2465200.0
2008-02-21,53.42,53.93,52.43,52.55,2704700.0
2008-02-20,52.84,53.24,52.32,53.13,5335200.0
2008-02-19,54.65,54.85,52.77,53.21,3591800.0
2008-02-15,54.26,54.48,53.2,53.94,2447100.0
2008-02-14,55.41,55.84,54.0,54.36,3140800.0
2008-02-13,54.63,55.32,54.18,55.14,2552300.0
2008-02-12,55.55,55.83,53.55,54.0,3956800.0
2008-02-11,54.5,55.19,53.43,55.18,3513000.0
2008-02-08,53.6,54.8,53.39,54.41,2852400.0
2008-02-07,53.39,54.52,52.97,53.8,4311300.0
2008-02-06,53.23,54.43,53.03,53.79,3954800.0
2008-02-05,53.58,53.85,52.26,52.97,5684200.0
2008-02-04,56.21,56.21,54.5,54.65,4786900.0
2008-02-01,54.78,56.45,54.37,56.29,9711300.0
2008-01-31,51.37,55.1,50.83,54.39,13531400.0
2008-01-30,52.74,53.07,51.44,52.09,5657800.0
2008-01-29,52.0,53.0,51.48,52.71,4511100.0
2008-01-28,50.88,52.0416,49.85,52.0,4879400.0
2008-01-25,51.4,51.55,50.15,50.74,4173900.0
2008-01-24,49.54,51.39,49.54,50.74,5789500.0
2008-01-23,45.77,50.03,44.38,49.41,13192700.0
2008-01-22,41.94,45.4,41.36,45.07,9117400.0
2008-01-18,45.39,45.78,43.82,44.15,6252900.0
2008-01-17,46.25,46.77,44.78,44.89,4680100.0
2008-01-16,46.13,46.8,45.5,46.2,4795700.0
2008-01-15,46.12,46.85,46.07,46.25,3769600.0
2008-01-14,46.92,47.45,46.48,47.3,3161600.0
2008-01-11,47.45,47.55,46.2,46.46,4033300.0
2008-01-10,46.97,48.64,46.66,47.79,3807500.0
2008-01-09,46.71,47.86,46.51,47.28,4772700.0
2008-01-08,48.33,48.54,46.77,46.77,3884400.0
2008-01-07,48.08,48.38,47.45,48.18,3651800.0
2008-01-04,48.4,48.46,47.75,47.88,3931000.0
2008-01-03,49.39,49.67,48.05,48.74,5686000.0
2008-01-02,49.68,50.57,49.15,49.41,3251900.0
2007-12-31,50.74,50.85,50.34,50.44,1246800.0
2007-12-28,51.3,51.43,50.65,51.0,1376500.0
2007-12-27,50.99,51.36,50.78,50.85,1378200.0
2007-12-26,50.8,51.19,50.72,51.08,1010000.0
2007-12-24,50.01,51.07,49.92,50.97,1013500.0
2007-12-21,49.91,50.99,49.74,49.99,5029600.0
2007-12-20,49.35,49.47,48.67,49.45,3402400.0
2007-12-19,49.14,49.89,48.03,49.09,4049800.0
2007-12-18,50.48,50.55,49.7,50.04,2716800.0
2007-12-17,50.69,51.05,50.0,50.06,2791900.0
2007-12-14,50.96,51.0,50.56,50.64,2179400.0
2007-12-13,50.77,51.98,50.54,51.51,2299200.0
2007-12-12,52.65,53.11,50.15,50.92,3981300.0
2007-12-11,52.7,53.24,51.19,51.39,2746900.0
2007-12-10,53.45,53.72,52.46,52.72,2562200.0
2007-12-07,52.98,53.99,52.98,53.32,2039100.0
2007-12-06,51.91,53.22,51.75,52.99,2091200.0
2007-12-05,51.56,52.0,51.38,51.93,2751300.0
2007-12-04,51.14,51.93,50.84,51.19,2002600.0
2007-12-03,51.48,51.99,50.76,51.42,2352500.0
2007-11-30,51.36,51.78,50.79,51.21,3068800.0
2007-11-29,51.06,51.13,50.43,50.76,2183700.0
2007-11-28,50.38,51.5,50.19,51.33,2470600.0
2007-11-27,49.35,50.19,48.93,50.1,3311000.0
2007-11-26,49.55,50.14,48.94,48.94,2536400.0
2007-11-23,48.89,49.71,48.89,49.55,1169700.0
2007-11-21,49.24,49.42,48.48,48.67,4284000.0
2007-11-20,49.45,50.44,48.9,49.57,3671500.0
2007-11-19,50.02,50.86,49.12,49.47,3321300.0
2007-11-16,50.11,50.75,49.87,50.44,3746900.0
2007-11-15,49.87,50.75,49.71,50.11,2882800.0
2007-11-14,50.72,50.95,49.93,49.97,2431400.0
2007-11-13,49.54,50.37,49.23,50.31,2558500.0
2007-11-12,50.28,50.87,49.045,49.23,3729100.0
2007-11-09,50.0,50.98,50.0,50.47,3409200.0
2007-11-08,50.26,51.01,49.94,50.94,3734000.0
2007-11-07,50.28,51.14,50.28,50.39,3706400.0
2007-11-06,50.91,51.22,50.58,51.21,2426000.0
2007-11-05,49.87,51.16,49.87,50.87,3102400.0
2007-11-02,50.89,50.96,49.9,50.84,2593000.0
2007-11-01,51.27,51.47,50.26,50.27,2861200.0
2007-10-31,50.91,51.87,50.9,51.65,3268600.0
2007-10-30,51.7,52.23,51.05,51.2,2310500.0
2007-10-29,51.56,52.23,51.31,51.84,2020500.0
2007-10-26,51.87,51.87,50.55,51.15,3277600.0
2007-10-25,52.5,52.5,50.5,51.44,3938100.0
2007-10-24,53.1,53.35,51.18,52.33,3708500.0
2007-10-23,53.29,54.58,53.16,54.0,3967800.0
2007-10-22,51.58,52.83,51.46,52.66,2603000.0
2007-10-19,53.15,53.59,51.9,51.91,3613800.0
2007-10-18,52.1,53.76,52.1,53.37,2864800.0
2007-10-17,53.04,53.22,52.07,52.64,2182100.0
2007-10-16,53.21,53.21,51.71,52.15,2843100.0
2007-10-15,53.57,53.92,52.58,53.15,2323200.0
2007-10-12,53.25,54.17,53.01,53.6,3122000.0
2007-10-11,53.41,54.5,52.27,53.03,5296200.0
2007-10-10,54.03,54.37,52.72,53.3,2246900.0
2007-10-09,52.95,54.37,52.57,54.03,4311500.0
2007-10-08,53.24,53.37,52.59,52.95,2049300.0
2007-10-05,51.27,53.69,51.27,53.4,3487600.0
2007-10-04,51.05,51.44,50.42,51.16,1587200.0
2007-10-03,51.77,51.96,50.38,50.58,3363000.0
2007-10-02,52.07,52.75,51.85,52.06,2075200.0
2007-10-01,51.83,52.8,51.66,52.18,2461200.0
2007-09-28,51.91,52.28,51.62,51.91,1914400.0
2007-09-27,52.38,52.66,51.76,52.0,1878500.0
2007-09-26,52.0,52.6,51.38,51.93,2580300.0
2007-09-25,50.3,51.57,50.25,51.51,2661000.0
2007-09-24,51.18,51.73,50.33,50.54,2931100.0
2007-09-21,51.45,51.9,51.04,51.25,2817200.0
2007-09-20,51.5,51.79,50.58,51.24,2345600.0
2007-09-19,52.5,52.9,51.0,51.5,3219900.0
2007-09-18,50.29,52.29,49.95,52.2,4496000.0
2007-09-17,50.54,50.8,49.86,50.01,2256200.0
2007-09-14,50.9,51.01,50.16,50.91,3699300.0
2007-09-13,51.0,52.18,50.38,51.57,3461500.0
2007-09-12,49.8,50.91,49.72,50.56,3146400.0
2007-09-11,49.24,50.17,49.2,50.0,2659000.0
2007-09-10,50.05,50.18,48.4,49.1,2411200.0
2007-09-07,49.78,49.88,49.01,49.66,2746000.0
2007-09-06,50.37,51.0,49.7,50.41,2304600.0
2007-09-05,51.02,51.25,49.89,50.42,3330600.0
2007-09-04,50.95,51.99,50.35,51.54,2780400.0
2007-08-31,51.2,51.75,50.5,51.21,2820400.0
2007-08-30,51.28,51.78,50.29,50.49,3428400.0
2007-08-29,50.27,51.78,50.19,51.57,2627100.0
2007-08-28,50.77,51.0,50.02,50.21,2913300.0
2007-08-27,51.61,51.95,50.2,50.98,3162200.0
2007-08-24,51.17,51.92,50.86,51.53,2549600.0
2007-08-23,53.7,53.84,50.64,50.98,5029400.0
2007-08-22,52.62,53.2,52.46,52.93,2105900.0
2007-08-21,52.54,53.44,51.89,52.11,3565200.0
2007-08-20,50.11,54.0,50.08,52.46,5303600.0
2007-08-17,51.13,52.46,50.15,50.97,7578500.0
2007-08-16,49.01,50.68,46.42,50.14,7798300.0
2007-08-15,50.08,51.0,48.69,49.37,6044100.0
2007-08-14,51.1,51.8,49.35,50.08,5152900.0
2007-08-13,52.24,52.5,51.26,51.79,4218100.0
2007-08-10,47.6,51.4,47.6,51.3,7819500.0
2007-08-09,49.89,50.03,47.75,48.92,9837700.0
2007-08-08,50.87,51.72,49.37,50.18,6400000.0
2007-08-07,50.16,50.8,49.24,50.14,6625300.0
2007-08-06,51.34,51.68,49.88,50.29,6481400.0
2007-08-03,54.56,54.57,50.75,50.84,6870100.0
2007-08-02,53.04,54.56,52.88,53.8,3667400.0
2007-08-01,52.83,54.3,52.52,53.81,7671900.0
2007-07-31,54.28,55.37,53.74,53.78,4539100.0
2007-07-30,53.9,54.48,52.56,53.86,4929600.0
2007-07-27,53.63,53.63,50.7,52.34,8699300.0
2007-07-26,53.6,54.48,52.05,52.87,7505000.0
2007-07-25,56.1,56.99,53.65,54.48,5177400.0
2007-07-24,55.45,56.54,54.64,55.52,4777500.0
2007-07-23,57.28,57.65,56.75,56.95,1942200.0
2007-07-20,57.06,58.11,56.16,56.84,2059500.0
2007-07-19,58.99,59.77,57.3,57.83,2988700.0
2007-07-18,58.0,58.95,57.78,58.15,9344900.0
2007-07-17,56.66,57.78,56.49,56.62,3466900.0
2007-07-16,56.13,57.13,55.4,56.66,2490500.0
2007-07-13,54.96,56.0,54.47,55.85,2803300.0
2007-07-12,54.8,55.83,54.54,55.79,4102900.0
2007-07-11,53.15,54.93,53.1,54.57,3716700.0
2007-07-10,54.9,54.95,53.47,53.53,2491600.0
2007-07-09,54.51,55.3,54.4,55.04,2976600.0
2007-07-06,53.29,54.2,53.01,54.02,1839900.0
2007-07-05,54.42,54.43,53.15,53.5,1867700.0
2007-07-03,53.69,54.49,53.57,54.22,1230500.0
2007-07-02,52.95,53.92,52.83,53.58,2271300.0
2007-06-29,53.66,53.75,52.25,52.57,2391000.0
2007-06-28,51.91,53.58,51.52,53.24,2426300.0
2007-06-27,52.05,52.92,51.16,52.75,4179500.0
2007-06-26,53.69,53.93,52.2,52.25,4332200.0
2007-06-25,54.47,54.47,53.14,53.35,2713700.0
2007-06-22,54.73,55.1,53.74,53.91,3190700.0
2007-06-21,55.13,55.61,54.27,55.31,1819900.0
2007-06-20,56.3,56.54,55.0,55.13,1847200.0
2007-06-19,54.42,56.38,54.42,56.24,3040500.0
2007-06-18,55.9,55.96,55.04,55.24,1415200.0
2007-06-15,55.74,56.75,55.61,55.88,4518900.0
2007-06-14,54.65,55.86,54.65,55.41,2866500.0
2007-06-13,53.64,54.85,53.29,54.65,3305800.0
2007-06-12,54.5,54.5,53.41,53.41,3826000.0
2007-06-11,54.64,55.15,54.35,54.5,3496700.0
2007-06-08,54.37,55.34,54.21,54.89,3797500.0
2007-06-07,55.72,56.17,54.06,54.12,5594500.0
2007-06-06,57.6,57.61,55.93,56.53,2694700.0
2007-06-05,58.58,58.85,57.47,57.97,2310300.0
2007-06-04,58.72,58.95,58.3,58.59,1449100.0
2007-06-01,58.6,59.19,58.0,58.64,2809800.0
2007-05-31,57.47,58.36,57.31,57.88,4226000.0
2007-05-30,57.5,57.68,56.97,57.46,3539800.0
2007-05-29,57.42,57.77,57.01,57.63,2636700.0
2007-05-25,57.73,58.35,57.09,57.23,2396400.0
2007-05-24,57.85,58.47,56.92,57.33,2584300.0
2007-05-23,57.5,58.09,57.26,57.65,3538100.0
2007-05-22,57.32,57.56,56.58,57.29,3182900.0
2007-05-21,57.89,58.23,57.3,57.5,3715900.0
2007-05-18,58.36,58.36,57.25,58.13,4083700.0
2007-05-17,56.94,58.81,56.84,58.32,10279500.0
2007-05-16,56.62,56.79,56.15,56.79,4596900.0
2007-05-15,55.85,56.23,54.98,55.87,4641000.0
2007-05-14,55.25,55.47,54.7,54.92,2594800.0
2007-05-11,54.2,55.25,53.77,55.22,4708400.0
2007-05-10,54.77,55.07,53.46,54.0,4137500.0
2007-05-09,54.75,55.07,54.21,54.77,2661600.0
2007-05-08,54.0,55.05,53.31,54.61,5022300.0
2007-05-07,54.0,54.15,53.14,53.36,3142800.0
2007-05-04,53.97,54.08,53.26,53.92,2274400.0
2007-05-03,52.81,54.79,52.81,53.72,3489700.0
2007-05-02,52.53,53.02,52.18,52.34,4419800.0
2007-05-01,53.5,53.9,52.63,52.65,9255600.0
2007-04-30,53.65,54.13,53.24,53.25,4839400.0
2007-04-27,53.2,54.2,52.67,53.62,4781700.0
2007-04-26,55.62,55.62,53.23,53.28,5449100.0
2007-04-25,55.66,56.5,53.78,55.62,5232100.0
2007-04-24,55.27,56.23,54.93,55.57,3040200.0
2007-04-23,55.62,56.13,55.4,55.73,3057400.0
2007-04-20,56.4,56.68,55.83,56.06,2940100.0
2007-04-19,55.45,56.17,54.37,55.91,5315500.0
2007-04-18,54.24,55.98,54.15,55.08,5286900.0
2007-04-17,54.8,54.9,53.77,54.04,3814700.0
2007-04-16,54.25,54.88,54.17,54.85,4579000.0
2007-04-13,55.0,55.0,53.13,53.89,3826700.0
2007-04-12,51.9,54.6,51.19,54.36,7853700.0
2007-04-11,52.85,53.07,51.48,51.86,3897300.0
2007-04-10,52.31,53.52,52.31,52.74,4739800.0
2007-04-09,52.56,54.22,52.5,52.89,7485600.0
2007-04-05,49.99,51.5,49.7,50.98,5934800.0
2007-04-04,51.0,51.3,50.89,51.06,2917200.0
2007-04-03,50.88,51.38,50.56,50.83,3728800.0
2007-04-02,50.6,50.97,50.27,50.57,4100900.0
2007-03-30,50.14,51.74,50.03,50.6,5139300.0
2007-03-29,50.8,51.16,49.68,49.93,5280500.0
2007-03-28,50.4,51.04,50.0,50.04,4351200.0
2007-03-27,50.3,50.76,50.11,50.39,3994900.0
2007-03-26,51.59,52.3,50.55,50.75,4968200.0
2007-03-23,49.7,52.05,49.56,51.97,6854000.0
2007-03-22,49.4,50.14,49.04,49.86,4044900.0
2007-03-21,49.07,49.94,48.93,49.4,5551400.0
2007-03-20,49.02,49.39,48.942,49.13,2819900.0
2007-03-19,48.74,49.18,48.03,49.02,5233800.0
2007-03-16,48.26,49.19,46.83,48.77,6745700.0
2007-03-15,47.18,48.36,47.1,47.92,4982200.0
2007-03-14,47.9,48.43,46.06,47.18,6553900.0
2007-03-13,48.62,49.09,47.76,48.01,4922400.0
2007-03-12,48.34,49.43,48.25,49.01,2846700.0
2007-03-09,49.0,49.17,47.85,48.54,2747400.0
2007-03-08,47.85,48.71,47.72,48.57,3138300.0
2007-03-07,46.6,48.14,46.33,47.68,4583100.0
2007-03-06,46.66,47.02,46.35,46.6,3521100.0
2007-03-05,45.75,46.87,45.38,46.04,3107400.0
2007-03-02,47.01,47.61,46.11,46.34,3942200.0
2007-03-01,46.37,47.4,46.11,47.01,5999500.0
2007-02-28,47.55,48.08,47.01,47.42,3624800.0
2007-02-27,48.95,49.17,46.68,47.35,4731000.0
2007-02-26,50.85,50.85,49.57,49.7,3458700.0
2007-02-23,50.98,51.19,50.22,50.95,2517700.0
2007-02-22,52.1,52.6,50.91,51.19,3988300.0
2007-02-21,50.99,52.39,50.16,52.03,2785900.0
2007-02-20,51.0,51.6,50.64,51.43,2725400.0
2007-02-16,51.46,51.9,50.62,51.18,4386300.0
2007-02-15,52.55,52.68,50.91,51.54,6470300.0
2007-02-14,50.5,52.54,50.35,52.25,5108400.0
2007-02-13,48.75,50.62,48.52,50.41,4902800.0
2007-02-12,49.01,49.2,48.15,48.42,3862500.0
2007-02-09,49.15,49.86,48.71,48.94,3833700.0
2007-02-08,49.65,49.73,48.86,49.01,3328200.0
2007-02-07,50.1,50.9,49.45,49.69,5543300.0
2007-02-06,49.98,50.14,49.58,49.87,4204300.0
2007-02-05,50.55,50.79,49.86,49.99,3206200.0
2007-02-02,50.36,51.35,50.25,50.88,4538600.0
2007-02-01,49.55,50.77,49.45,50.35,5477900.0
2007-01-31,47.3,49.92,47.05,49.65,7908700.0
2007-01-30,47.49,47.87,47.41,47.54,4429000.0
2007-01-29,48.0,48.36,47.25,47.56,7175100.0
2007-01-26,48.8,48.82,47.8,48.0,7968400.0
2007-01-25,50.4,50.48,48.63,48.82,5358800.0
2007-01-24,51.5,52.99,50.37,50.61,6977800.0
2007-01-23,51.88,53.84,51.07,53.73,4794200.0
2007-01-22,52.76,52.98,51.65,52.11,2499000.0
2007-01-19,52.8,53.65,52.25,52.98,3961200.0
2007-01-18,52.2,52.96,51.32,52.49,4186100.0
2007-01-17,52.02,52.09,50.41,51.41,3589900.0
2007-01-16,50.14,52.13,50.14,52.02,4241900.0
2007-01-12,49.25,50.3,49.25,50.3,1922300.0
2007-01-11,48.44,49.24,48.28,49.14,2970900.0
2007-01-10,48.1,48.32,47.42,48.19,2285600.0
2007-01-09,49.03,49.21,48.27,48.57,1879000.0
2007-01-08,48.95,49.35,48.5,48.92,2320300.0
2007-01-05,49.0,49.62,48.62,49.2,4319400.0
2007-01-04,49.44,49.46,47.94,48.41,3983100.0
2007-01-03,50.46,50.98,48.94,49.23,3402600.0
2006-12-29,50.21,50.78,50.08,50.29,2420600.0
2006-12-28,50.07,50.67,49.76,50.5,1750300.0
2006-12-27,49.48,50.41,49.0,50.32,1417300.0
2006-12-26,48.78,49.38,48.75,49.18,1231300.0
2006-12-22,49.75,49.9,48.62,48.93,1631300.0
2006-12-21,49.5,50.06,49.3,49.72,2099800.0
2006-12-20,50.61,50.62,49.19,49.28,3414600.0
2006-12-19,50.6,51.18,50.08,51.15,2232500.0
2006-12-18,51.31,51.35,50.7,51.06,1726300.0
2006-12-15,51.57,51.78,50.98,51.13,3641000.0
2006-12-14,49.9,51.98,49.71,51.57,4094100.0
2006-12-13,50.39,50.56,49.64,49.81,3540300.0
2006-12-12,50.74,50.97,49.86,50.39,2419000.0
2006-12-11,50.72,51.11,50.36,50.95,2121800.0
2006-12-08,51.0,51.295,50.51,50.65,1749800.0
2006-12-07,50.6,51.19,50.22,51.08,2527800.0
2006-12-06,51.01,51.26,50.29,50.71,3483300.0
2006-12-05,50.52,51.58,50.51,51.53,3331400.0
2006-12-04,49.28,50.43,49.1,50.23,3228600.0
2006-12-01,49.07,49.56,48.68,48.94,2698200.0
2006-11-30,48.56,49.92,48.41,49.25,4483100.0
2006-11-29,49.01,49.34,48.36,48.65,5366300.0
2006-11-28,49.58,49.59,47.56,48.56,5237900.0
2006-11-27,49.88,50.1,49.63,49.82,2275200.0
2006-11-24,49.61,50.14,49.6,49.77,479600.0
2006-11-22,50.36,50.36,49.57,50.0,2510600.0
2006-11-21,50.45,51.0,50.36,50.4,2122000.0
2006-11-20,50.69,51.08,50.41,50.41,1636200.0
2006-11-17,51.24,51.53,50.84,51.09,2218800.0
2006-11-16,50.79,51.54,49.8,51.24,4646400.0
2006-11-15,50.25,51.48,50.2,50.73,5189600.0
2006-11-14,52.61,52.65,48.59,49.9,8276000.0
2006-11-13,52.64,52.79,52.3,52.68,2223100.0
2006-11-10,52.32,52.62,51.13,52.61,3329200.0
2006-11-09,52.72,53.0,52.46,52.61,2839900.0
2006-11-08,52.72,53.29,52.25,52.81,2928600.0
2006-11-07,52.05,53.86,52.05,52.86,3413000.0
2006-11-06,52.29,52.85,51.83,51.99,3483200.0
2006-11-03,53.38,53.4,51.44,51.83,5192100.0
2006-11-02,52.37,53.4,52.14,53.37,3659300.0
2006-11-01,52.5,53.56,52.14,52.56,5014500.0
2006-10-31,52.73,53.44,52.13,52.39,5682900.0
2006-10-30,53.0,53.57,52.83,53.27,3967400.0
2006-10-27,52.91,53.75,52.45,53.33,2268700.0
2006-10-26,53.98,54.0,52.83,53.5,3697000.0
2006-10-25,50.0,55.07,50.0,53.73,10206400.0
2006-10-24,48.2,48.85,47.84,48.8,2996600.0
2006-10-23,47.79,49.19,47.61,48.7,2624000.0
2006-10-20,49.25,49.26,48.02,48.2,4144000.0
2006-10-19,48.3,48.7,47.7,48.48,2552600.0
2006-10-18,48.5,49.65,48.12,48.64,4227800.0
2006-10-17,47.97,47.97,46.75,47.69,2548700.0
2006-10-16,46.61,48.22,46.47,47.97,4634000.0
2006-10-13,46.29,47.15,45.92,46.82,3093300.0
2006-10-12,46.03,46.48,45.84,46.15,2787600.0
2006-10-11,45.79,45.96,45.16,45.71,3223800.0
2006-10-10,46.03,46.32,45.43,45.88,2848500.0
2006-10-09,45.84,46.33,45.3,45.75,1578200.0
2006-10-06,46.15,46.16,45.12,45.7,2857400.0
2006-10-05,45.55,47.04,45.23,46.17,5059600.0
2006-10-04,43.56,45.48,43.33,45.48,5201500.0
2006-10-03,43.02,43.81,42.94,43.63,4687000.0
2006-10-02,43.89,44.04,42.8,42.93,3682600.0
2006-09-29,43.3,44.18,42.94,44.05,3415400.0
2006-09-28,43.0,43.75,42.98,43.45,3008600.0
2006-09-27,42.99,44.04,42.92,43.66,4103000.0
2006-09-26,42.18,43.27,42.13,43.14,3380200.0
2006-09-25,42.11,42.22,41.35,42.04,3907700.0
2006-09-22,41.25,41.94,41.25,41.77,3614100.0
2006-09-21,42.51,42.72,41.4,41.56,4101900.0
2006-09-20,43.23,43.82,42.23,42.51,3115800.0
2006-09-19,44.2,44.2,42.58,43.22,3640500.0
2006-09-18,43.2,45.27,43.05,44.8,4154900.0
2006-09-15,44.33,44.33,42.87,43.05,2692500.0
2006-09-14,43.7,44.9,43.68,43.83,2315800.0
2006-09-13,42.64,44.25,42.61,43.69,3024000.0
2006-09-12,41.49,42.67,41.49,42.64,1762900.0
2006-09-11,41.25,41.86,40.65,41.61,2574500.0
2006-09-08,41.79,41.95,41.19,41.31,2823700.0
2006-09-07,41.3,41.64,41.0,41.64,4087400.0
2006-09-06,42.06,42.06,41.28,41.46,4218600.0
2006-09-05,42.5,42.51,41.64,42.05,4026100.0
2006-09-01,42.8,42.91,42.09,42.61,1766500.0
2006-08-31,42.32,42.9,41.88,42.73,2190700.0
2006-08-30,42.51,42.7,41.61,42.06,1559300.0
2006-08-29,42.23,42.43,41.49,42.3,1906500.0
2006-08-28,42.3,42.97,42.1,42.33,2457200.0
2006-08-25,41.21,42.58,41.15,42.4,1903300.0
2006-08-24,42.62,42.72,41.23,41.52,2090900.0
2006-08-23,42.92,43.09,42.26,42.51,1976200.0
2006-08-22,42.31,42.92,42.19,42.72,2733700.0
2006-08-21,44.28,44.29,42.17,42.46,3145100.0
2006-08-18,44.41,44.5,43.74,44.29,2292500.0
2006-08-17,44.71,45.41,44.28,44.41,2721800.0
2006-08-16,43.71,45.16,43.41,45.08,3326800.0
2006-08-15,41.93,43.23,41.93,43.23,2697500.0
2006-08-14,41.4,42.2,41.25,41.49,3169400.0
2006-08-11,41.08,41.29,40.63,40.93,2731000.0
2006-08-10,40.38,41.34,40.32,41.1,3494700.0
2006-08-09,42.01,42.27,40.5,40.65,3175900.0
2006-08-08,41.73,42.31,41.5,41.72,3094900.0
2006-08-07,41.93,42.36,41.25,41.53,3632800.0
2006-08-04,43.82,44.71,41.67,41.93,5565400.0
2006-08-03,41.98,43.49,41.925,43.22,4757900.0
2006-08-02,42.38,42.94,42.08,42.71,3897900.0
2006-08-01,43.04,43.04,41.92,42.09,3599200.0
2006-07-31,43.75,43.89,43.31,43.42,3954600.0
2006-07-28,43.2,44.2,42.75,43.76,4157900.0
2006-07-27,41.9,44.39,41.9,43.26,6941900.0
2006-07-26,41.65,43.0,39.1,41.4,14125700.0
2006-07-25,46.0,46.17,44.63,45.25,5000000.0
2006-07-24,46.41,47.25,46.41,46.95,2512600.0
2006-07-21,47.55,47.55,45.27,46.37,4608200.0
2006-07-20,50.9,51.39,47.57,47.62,2865900.0
2006-07-19,50.45,51.48,49.5,50.9,2895600.0
2006-07-18,49.7,50.6,49.58,50.44,3412800.0
2006-07-17,49.1,49.78,48.9,49.45,2528800.0
2006-07-14,49.77,49.9,48.34,49.3,2278200.0
2006-07-13,50.36,50.534,49.15,50.05,2835800.0
2006-07-12,51.9,52.11,50.1,50.36,2565000.0
2006-07-11,51.62,52.14,51.28,51.83,1726200.0
2006-07-10,51.9,52.41,51.38,51.9,1603300.0
2006-07-07,52.26,52.37,51.0101,51.55,1661400.0
2006-07-06,53.73,53.83,51.75,52.26,2186700.0
2006-07-05,53.75,54.0,52.69,53.73,1867400.0
2006-07-03,53.87,53.94,53.4,53.75,919500.0
2006-06-30,53.0,53.59,52.62,53.22,2768300.0
2006-06-29,51.0,52.65,50.47,52.57,2067000.0
2006-06-28,49.39,51.5,49.39,50.98,2776900.0
2006-06-27,50.84,51.23,49.67,49.67,2124900.0
2006-06-26,50.98,51.22,50.22,50.95,1493600.0
2006-06-23,50.87,51.69,50.52,50.89,1369400.0
2006-06-22,51.09,51.45,50.0,50.86,1791300.0
2006-06-21,49.55,51.16,49.53,51.09,1655500.0
2006-06-20,49.56,50.48,49.45,49.55,2186300.0
2006-06-19,50.76,50.9,49.41,49.55,1942800.0
2006-06-16,50.39,50.84,49.89,50.42,2460900.0
2006-06-15,50.23,50.95,49.58,50.82,2918100.0
2006-06-14,47.56,49.81,47.5,49.75,2139500.0
2006-06-13,48.12,49.65,47.51,48.46,2746800.0
2006-06-12,49.37,49.65,48.18,48.28,2471700.0
2006-06-09,49.96,50.49,48.28,48.64,2982100.0
2006-06-08,47.1,49.79,46.17,49.76,6503300.0
2006-06-07,51.97,52.22,49.27,49.41,2556000.0
2006-06-06,51.6,51.78,50.0,51.46,2646800.0
2006-06-05,54.54,54.54,51.5,51.6,2620900.0
2006-06-02,53.3,53.99,53.0,53.6,1929100.0
2006-06-01,52.4,53.27,52.12,52.85,1878500.0
2006-05-31,52.15,52.97,52.0,52.76,2054100.0
2006-05-30,52.93,53.2,51.56,51.71,1506200.0
2006-05-26,52.68,53.02,52.4,52.94,1009600.0
2006-05-25,51.68,52.35,51.42,52.17,1597400.0
2006-05-24,51.96,52.89,50.51,51.38,3118400.0
2006-05-23,52.73,53.4,51.2,52.25,4079700.0
2006-05-22,50.52,51.61,49.95,51.18,2982400.0
2006-05-19,50.17,51.19,49.24,50.52,2834200.0
2006-05-18,51.7,52.38,49.51,49.7,3702300.0
2006-05-17,53.52,54.0,51.16,51.63,2418800.0
2006-05-16,54.06,54.71,53.12,53.86,1589100.0
2006-05-15,53.94,54.4,52.49,53.76,2905800.0
2006-05-12,56.02,56.02,54.01,54.37,1779400.0
2006-05-11,57.0,57.2,55.72,56.01,1764500.0
2006-05-10,56.6,57.71,56.5,57.35,1715600.0
2006-05-09,56.2,56.9,55.79,56.64,1557600.0
2006-05-08,56.2,56.75,55.84,56.06,1487200.0
2006-05-05,56.95,57.1,56.09,56.2,2005900.0
2006-05-04,56.3,56.75,56.06,56.2,1851800.0
2006-05-03,55.46,56.06,55.04,55.9,1604700.0
2006-05-02,55.58,55.75,54.28,55.33,1822500.0
2006-05-01,54.4,55.26,54.26,54.95,2301900.0
2006-04-28,54.67,55.43,53.89,54.0,2036700.0
2006-04-27,53.43,55.22,53.43,54.41,2381800.0
2006-04-26,55.4,56.18,54.95,55.38,2843600.0
2006-04-25,56.0,56.0,53.8,54.25,4407300.0
2006-04-24,56.02,57.1,55.8,56.67,2131400.0
2006-04-21,56.3,57.0,55.65,56.18,1891600.0
2006-04-20,56.21,56.65,55.09,55.62,1707800.0
2006-04-19,57.1,57.48,55.75,55.87,2367100.0
2006-04-18,54.72,56.5,54.0,56.35,3191800.0
2006-04-17,53.5,54.46,53.45,53.85,1497900.0
2006-04-13,54.79,55.13,53.43,53.84,2047900.0
2006-04-12,54.2,54.78,53.45,54.61,1951500.0
2006-04-11,54.14,54.29,53.15,54.02,3393400.0
2006-04-10,54.35,54.57,53.43,54.13,1854100.0
2006-04-07,55.91,56.28,54.2,54.4,2749900.0
2006-04-06,56.0,56.6,55.93,56.34,1539900.0
2006-04-05,55.74,56.23,55.35,56.14,1992400.0
2006-04-04,55.2,56.28,55.11,55.73,1877900.0
2006-04-03,54.5,55.27,54.43,55.16,2156300.0
2006-03-31,53.89,54.41,53.72,54.07,1635300.0
2006-03-30,53.45,54.24,53.4,53.8,1716400.0
2006-03-29,53.41,53.94,53.11,53.5,1966400.0
2006-03-28,53.59,53.82,52.88,53.57,1357700.0
2006-03-27,52.35,54.34,52.35,53.7,1519100.0
2006-03-24,53.12,53.43,52.27,53.3,1377500.0
2006-03-23,54.73,54.74,52.78,52.89,2191000.0
2006-03-22,53.41,54.75,53.41,54.73,1175000.0
2006-03-21,54.29,54.93,53.36,53.54,1682400.0
2006-03-20,53.95,54.64,53.4151,53.99,1239700.0
2006-03-17,54.0,54.36,53.2,53.94,2285300.0
2006-03-16,54.27,54.28,53.38,53.65,2164900.0
2006-03-15,52.85,54.0,52.65,53.92,3586700.0
2006-03-14,51.34,51.78,50.85,51.49,1603200.0
2006-03-13,51.2,51.59,50.97,51.21,1802000.0
2006-03-10,49.45,50.83,49.36,50.83,2182300.0
2006-03-09,49.07,49.99,49.02,49.35,1708100.0
2006-03-08,49.5,50.0,48.12,48.96,2845900.0
2006-03-07,51.35,51.53,49.54,50.14,2564100.0
2006-03-06,52.02,52.11,51.27,51.72,2244700.0
2006-03-03,51.51,52.37,51.2,52.12,1936000.0
2006-03-02,52.09,52.3,51.48,51.61,2392300.0
2006-03-01,51.18,52.2,51.18,52.08,2660500.0
2006-02-28,51.0,51.3,50.5,51.18,2779000.0
2006-02-27,50.44,51.4,50.2,51.32,1782400.0
2006-02-24,49.98,50.43,49.78,49.96,1289500.0
2006-02-23,50.99,51.0,50.25,50.3,1634800.0
2006-02-22,50.44,50.98,50.21,50.8,3102200.0
2006-02-21,49.99,50.25,49.51,50.2,2259700.0
2006-02-17,49.76,49.87,49.06,49.35,1949100.0
2006-02-16,51.0,51.0,49.76,50.0,2493900.0
2006-02-15,49.14,50.79,49.06,50.77,2942000.0
2006-02-14,48.38,50.0,48.38,49.64,2733500.0
2006-02-13,49.29,49.3,48.09,48.27,1949700.0
2006-02-10,48.38,49.08,47.77,49.0,1845300.0
2006-02-09,48.28,48.67,48.15,48.38,2097100.0
2006-02-08,49.0,49.0,47.8,48.3,2837900.0
2006-02-07,49.75,49.77,48.75,48.95,1682500.0
2006-02-06,49.19,50.17,49.03,49.75,3168500.0
2006-02-03,48.78,49.57,48.61,49.24,2126000.0
2006-02-02,49.35,49.47,48.26,48.79,2614500.0
2006-02-01,49.87,49.8999,48.6,49.55,2623600.0
2006-01-31,49.6,49.94,49.27,49.68,3679300.0
2006-01-30,49.43,49.93,49.24,49.65,2507800.0
2006-01-27,49.88,49.88,48.97,49.48,3474500.0
2006-01-26,48.0,49.9,47.84,49.85,4591500.0
2006-01-25,47.75,48.32,47.01,47.64,5136300.0
2006-01-24,45.97,46.6,45.6,45.8,4255500.0
2006-01-23,44.9,45.58,44.79,45.45,3141900.0
2006-01-20,44.8,44.8,43.81,44.27,2819500.0
2006-01-19,43.45,44.71,43.37,44.6,2849500.0
2006-01-18,42.42,43.34,42.24,42.338,2373900.0
2006-01-17,42.05,42.65,42.04,42.41,2371000.0
2006-01-13,42.3,42.67,42.29,42.48,1442400.0
2006-01-12,42.34,42.62,42.16,42.42,1939500.0
2006-01-11,42.45,42.77,42.34,42.5,2414400.0
2006-01-10,42.1,44.23,41.75,42.42,3134500.0
2006-01-09,42.0,42.92,42.0,42.39,3576600.0
2006-01-06,42.15,42.59,41.22,42.16,6493900.0
2006-01-05,43.48,43.49,42.73,42.85,2358900.0
2006-01-04,43.64,44.14,43.46,43.55,2535900.0
2006-01-03,45.0,45.0,42.58,43.45,4053100.0
2005-12-30,44.9,45.16,44.53,44.83,756600.0
2005-12-29,45.04,45.8,44.94,44.96,1007500.0
2005-12-28,44.81,45.07,44.45,44.95,885300.0
2005-12-27,45.44,45.81,44.69,44.81,1293200.0
2005-12-23,44.46,45.22,44.41,45.2,1502100.0
2005-12-22,44.08,44.5,43.96,44.35,1592200.0
2005-12-21,43.22,44.42,43.13,44.1,2133300.0
2005-12-20,42.5,43.17,42.47,42.93,1425100.0
2005-12-19,42.92,43.15,42.54,42.62,997700.0
2005-12-16,43.48,43.82,42.97,43.01,2078500.0
2005-12-15,43.98,44.01,43.32,43.48,1659000.0
2005-12-14,43.09,43.94,43.01,43.73,1423800.0
2005-12-13,42.98,43.24,42.54,43.08,1889000.0
2005-12-12,43.14,43.448,42.4,42.96,1573900.0
2005-12-09,42.9,43.2,42.66,42.91,1403300.0
2005-12-08,43.0,43.2,42.54,42.8,1802000.0
2005-12-07,43.47,43.75,42.55,42.66,1769400.0
2005-12-06,43.56,43.89,43.33,43.36,2096300.0
2005-12-05,44.14,44.14,42.65,43.26,2624600.0
2005-12-02,44.22,44.48,44.01,44.13,1293300.0
2005-12-01,44.33,44.69,44.12,44.21,1551600.0
2005-11-30,44.18,44.83,44.02,44.24,2239300.0
2005-11-29,44.07,44.99,44.03,44.27,1551000.0
2005-11-28,43.9,44.25,43.75,44.02,1965300.0
2005-11-25,43.95,44.15,43.59,43.89,478100.0
2005-11-23,43.9,44.35,43.82,44.01,2054900.0
2005-11-22,43.6,43.91,42.91,43.69,2441800.0
2005-11-21,43.53,44.04,43.2,44.0,2022200.0
2005-11-18,42.9,43.9,42.8,43.87,2752400.0
2005-11-17,42.2,42.8,42.2,42.78,3283800.0
2005-11-16,42.35,42.48,41.83,41.96,1893300.0
2005-11-15,42.0,42.48,41.83,42.34,1670500.0
2005-11-14,42.39,42.4,41.71,42.17,1657500.0
2005-11-11,42.1,42.44,41.67,42.39,1528100.0
2005-11-10,42.13,42.45,41.36,42.1,2251400.0
2005-11-09,41.61,42.34,41.4,41.86,3060800.0
2005-11-08,41.42,41.8,40.9896,41.38,1474400.0
2005-11-07,41.78,42.21,41.6,41.96,2141700.0
2005-11-04,41.97,41.98,41.15,41.55,2311500.0
2005-11-03,41.74,42.55,41.5,41.97,3920900.0
2005-11-02,40.27,41.37,40.07,41.29,2858000.0
2005-11-01,40.3,40.72,40.25,40.5,2458600.0
2005-10-31,39.81,40.37,39.8,40.2,2874100.0
2005-10-28,39.9,40.59,39.53,39.76,2818600.0
2005-10-27,38.85,39.85,38.8,39.6,4273000.0
2005-10-26,38.5,39.46,38.26,38.58,4347000.0
2005-10-25,39.76,41.18,39.76,40.4,3365100.0
2005-10-24,39.0,39.85,38.94,39.75,2005000.0
2005-10-21,39.6,39.96,38.75,38.83,1956800.0
2005-10-20,40.13,40.24,39.18,39.34,1715600.0
2005-10-19,39.2,39.7,38.65,39.3,3989800.0
2005-10-18,40.59,40.6,39.24,39.44,2617700.0
2005-10-17,39.33,39.92,39.12,39.8,963300.0
2005-10-14,39.6,39.64,38.82,39.47,1375200.0
2005-10-13,38.55,39.65,38.01,39.51,2815300.0
2005-10-12,39.0,39.55,38.51,38.85,2024900.0
2005-10-11,39.75,39.88,39.34,39.46,1533400.0
2005-10-10,40.48,40.49,39.4,39.53,1827900.0
2005-10-07,40.06,40.74,39.85,40.38,2419300.0
2005-10-06,39.7,40.46,39.46,39.87,2248100.0
2005-10-05,40.0,40.17,39.36,39.48,2535600.0
2005-10-04,40.95,41.23,40.21,40.22,2161000.0
2005-10-03,40.47,40.9,40.3,40.65,2543300.0
2005-09-30,40.03,40.93,40.0,40.56,2866700.0
2005-09-29,40.15,40.61,40.0,40.32,2959200.0
2005-09-28,38.99,40.25,38.84,40.05,2554300.0
2005-09-27,38.75,38.9,38.5,38.64,2264200.0
2005-09-26,39.47,39.47,38.59,38.76,3052200.0
2005-09-23,38.26,39.09,38.18,38.89,1971000.0
2005-09-22,38.53,38.81,38.22,38.41,2426500.0
2005-09-21,37.98,38.78,37.97,38.34,2695500.0
2005-09-20,37.5,39.28,37.43,38.22,4742900.0
2005-09-19,37.25,37.43,37.02,37.26,1661600.0
2005-09-16,36.69,37.34,36.61,37.31,2466000.0
2005-09-15,36.45,36.63,36.38,36.57,939300.0
2005-09-14,36.45,36.58,36.28,36.38,1638400.0
2005-09-13,36.52,36.64,36.03,36.43,1483200.0
2005-09-12,36.1,36.65,36.07,36.59,1931700.0
2005-09-09,35.9,36.2,35.8,36.05,1453100.0
2005-09-08,36.0,36.25,35.87,35.97,1559400.0
2005-09-07,36.3,36.34,35.82,36.03,1693700.0
2005-09-06,36.26,36.78,36.15,36.3,1471900.0
2005-09-02,35.95,36.25,35.9,36.06,1232500.0
2005-09-01,35.63,36.02,35.61,35.93,1876800.0
2005-08-31,35.63,35.71,35.34,35.61,2577100.0
2005-08-30,36.0,36.08,35.24,35.63,2330700.0
2005-08-29,36.21,36.58,35.9,36.21,1521400.0
2005-08-26,36.65,36.81,36.23,36.48,758700.0
2005-08-25,36.0,36.88,35.99,36.79,1541600.0
2005-08-24,36.21,36.98,36.14,36.45,1587000.0
2005-08-23,36.79,37.1,36.17,36.2,1609200.0
2005-08-22,36.74,37.07,36.59,36.86,1605500.0
2005-08-19,36.39,36.83,36.33,36.63,1404000.0
2005-08-18,36.11,36.26,35.74,36.17,1691900.0
2005-08-17,36.4,36.49,36.05,36.29,1566100.0
2005-08-16,36.78,36.92,36.22,36.4,1220600.0
2005-08-15,37.05,37.09,36.556,36.75,1314500.0
2005-08-12,37.0,37.25,36.71,37.05,1174200.0
2005-08-11,36.98,37.17,36.8,37.0,1622500.0
2005-08-10,37.29,37.44,36.76,36.89,1399200.0
2005-08-09,36.98,37.28,36.84,37.25,1433500.0
2005-08-08,37.05,37.48,36.82,36.9,1126000.0
2005-08-05,37.02,37.18,36.8,37.02,1550900.0
2005-08-04,37.05,37.26,36.94,37.08,2236000.0
2005-08-03,37.45,37.55,37.15,37.28,1344900.0
2005-08-02,37.33,37.56,37.21,37.46,2059500.0
2005-08-01,37.48,37.49,37.03,37.23,1857000.0
2005-07-29,37.79,38.22,37.16,37.21,2454000.0
2005-07-28,36.1,37.4,36.05,37.3,4227600.0
2005-07-27,35.24,36.1,35.2,36.1,3881800.0
2005-07-26,34.59,34.78,34.25,34.53,1770200.0
2005-07-25,34.79,35.1,34.36,34.51,1376600.0
2005-07-22,35.07,35.3,34.74,34.89,1240600.0
2005-07-21,35.2,35.62,34.89,35.12,2064600.0
2005-07-20,33.23,35.32,33.18,35.19,3550500.0
2005-07-19,33.57,33.9,33.2,33.37,2220900.0
2005-07-18,33.24,33.5,33.18,33.42,1925400.0
2005-07-15,32.75,33.2,32.63,33.17,2540100.0
2005-07-14,32.52,32.7,32.22,32.62,1627200.0
2005-07-13,32.24,32.55,32.05,32.1,1222200.0
2005-07-12,32.61,32.64,32.02,32.27,1842400.0
2005-07-11,32.8,32.8,32.4,32.61,2200600.0
2005-07-08,31.25,32.26,31.09,32.15,2554300.0
2005-07-07,31.26,31.32,30.83,31.25,1667900.0
2005-07-06,31.5,31.89,31.34,31.44,2104600.0
2005-07-05,31.36,31.36,30.7,31.27,2913200.0
2005-07-01,31.16,31.65,31.1,31.45,1696200.0
2005-06-30,31.5,31.6,30.84,30.96,2141100.0
2005-06-29,31.38,31.51,31.0,31.3,2209800.0
2005-06-28,30.19,31.28,29.97,31.26,4368200.0
2005-06-27,30.43,30.44,29.78,30.01,3688400.0
2005-06-24,31.17,31.17,30.25,30.34,3481100.0
2005-06-23,32.13,32.14,31.12,31.17,2508100.0
2005-06-22,32.48,32.67,32.04,32.23,3711000.0
2005-06-21,32.45,32.7,32.3515,32.4,1765400.0
2005-06-20,32.36,32.6,32.2,32.45,1890600.0
2005-06-17,33.09,33.36,32.85,32.94,2678100.0
2005-06-16,32.25,32.66,32.15,32.61,1671900.0
2005-06-15,31.78,32.14,31.46,32.14,1750500.0
2005-06-14,31.74,31.9,31.45,31.58,1735200.0
2005-06-13,31.42,32.11,31.41,31.63,1601800.0
2005-06-10,31.73,31.8,31.23,31.39,1837900.0
2005-06-09,31.6,31.61,30.96,31.52,2664300.0
2005-06-08,32.76,32.76,31.66,31.67,1999100.0
2005-06-07,32.29,32.87,32.18,32.59,1882000.0
2005-06-06,32.25,32.463,31.83,32.07,1313600.0
2005-06-03,32.2,32.34,32.01,32.09,1347000.0
2005-06-02,32.33,32.5,32.09,32.34,1084300.0
2005-06-01,31.92,32.34,31.8,32.33,1695000.0
2005-05-31,31.82,32.09,31.58,31.92,1909600.0
2005-05-27,32.0,32.06,31.85,31.93,1143100.0
2005-05-26,31.8,32.1,31.79,31.85,1575300.0
2005-05-25,31.64,31.79,31.3,31.65,1553500.0
2005-05-24,31.98,31.98,31.35,31.63,2045200.0
2005-05-23,32.0,32.05,31.49,31.94,2056800.0
2005-05-20,31.95,32.08,31.66,32.05,1643500.0
2005-05-19,32.1,32.1,31.7,32.05,1096500.0
2005-05-18,31.6,32.26,31.52,32.07,1493000.0
2005-05-17,30.5,31.38,30.45,31.27,1867500.0
2005-05-16,30.38,30.78,30.38,30.76,2834700.0
2005-05-13,30.84,31.09,29.6,30.21,2872400.0
2005-05-12,31.52,31.74,30.75,30.77,2644700.0
2005-05-11,31.55,31.96,31.28,31.83,3098300.0
2005-05-10,32.21,32.22,31.3,31.41,3236300.0
2005-05-09,31.73,32.35,31.52,32.33,2097400.0
2005-05-06,32.15,32.28,31.8,32.04,1056200.0
2005-05-05,32.19,32.56,31.85,32.05,1564900.0
2005-05-04,32.02,32.13,31.45,32.09,2492000.0
2005-05-03,32.61,32.65,31.59,31.84,2916300.0
2005-05-02,31.73,32.53,31.67,32.42,2433600.0
2005-04-29,31.75,31.85,31.22,31.4,3830200.0
2005-04-28,32.05,32.22,31.56,31.66,2765400.0
2005-04-27,32.25,32.61,31.0,32.04,3848500.0
2005-04-26,33.33,33.48,32.85,32.96,1894900.0
2005-04-25,33.21,33.56,32.77,33.56,2259900.0
2005-04-22,32.71,33.04,32.36,32.72,2311000.0
2005-04-21,32.35,33.3,32.35,33.03,3481000.0
2005-04-20,32.66,32.66,31.68,31.9,3456400.0
2005-04-19,31.74,32.85,31.57,32.52,3269300.0
2005-04-18,30.04,31.44,29.98,31.27,3100000.0
2005-04-15,31.45,32.06,30.55,30.65,3908400.0
2005-04-14,32.25,32.76,31.45,31.8,5432400.0
2005-04-13,34.9,34.97,33.152,33.48,2843600.0
2005-04-12,35.28,35.35,34.42,35.0,1833800.0
2005-04-11,35.09,35.38,34.42,35.27,2148300.0
2005-04-08,36.9,36.9,34.68,34.84,3629400.0
2005-04-07,36.55,36.92,36.41,36.89,1394900.0
2005-04-06,36.75,36.99,36.37,36.53,1863800.0
2005-04-05,37.14,37.37,36.7,36.7,1847500.0
2005-04-04,36.8,37.4,36.79,37.14,1713700.0
2005-04-01,37.45,37.78,36.57,36.78,1622900.0
2005-03-31,37.1,37.3,36.75,37.05,1413600.0
2005-03-30,36.38,37.08,36.38,37.08,1893700.0
2005-03-29,37.52,37.61,36.14,36.38,2719600.0
2005-03-28,38.25,38.34,37.26,37.48,2162400.0
2005-03-24,38.5,38.72,38.0,38.02,1829700.0
2005-03-23,38.23,38.6,37.9,38.38,1946600.0
2005-03-22,38.75,38.99,38.1,38.2,2523000.0
2005-03-21,37.98,38.37,37.7,37.78,2789200.0
2005-03-18,37.47,37.66,37.25,37.66,2465500.0
2005-03-17,36.75,37.53,36.75,37.35,1612300.0
2005-03-16,37.0,37.0,36.3,36.59,1416800.0
2005-03-15,37.71,37.85,37.04,37.04,1856100.0
2005-03-14,37.77,37.84,37.27,37.77,1925600.0
2005-03-11,37.51,37.95,37.49,37.76,1469000.0
2005-03-10,37.62,37.8,37.1,37.51,1708900.0
2005-03-09,37.5,37.64,37.02,37.35,1853200.0
2005-03-08,37.73,37.9,37.45,37.62,2160500.0
2005-03-07,37.15,37.9,37.08,37.61,1858400.0
2005-03-04,37.0,37.26,36.5,36.95,1948800.0
2005-03-03,36.34,36.86,36.14,36.8,1301300.0
2005-03-02,36.05,36.43,35.86,36.09,1046400.0
2005-03-01,36.05,36.88,36.05,36.47,1669900.0
2005-02-28,36.5,36.75,35.85,35.89,1959100.0
2005-02-25,36.23,36.7,36.14,36.56,1920000.0
2005-02-24,35.23,36.06,35.15,36.05,1975600.0
2005-02-23,34.75,35.55,34.6,35.19,1719900.0
2005-02-22,35.4,35.46,34.4,34.4,1712100.0
2005-02-18,34.9,35.69,34.83,35.39,2195600.0
2005-02-17,34.64,35.31,34.29,34.8,2610400.0
2005-02-16,34.99,35.0,34.51,34.65,1250900.0
2005-02-15,35.3,35.34,34.79,35.0,2072500.0
2005-02-14,35.7,35.75,34.9,35.28,1418300.0
2005-02-11,35.79,36.1,35.37,35.75,2125200.0
2005-02-10,35.52,35.98,35.43,35.79,1720200.0
2005-02-09,35.63,35.74,35.32,35.52,1884600.0
2005-02-08,35.13,35.4612,34.53,35.36,2369200.0
2005-02-07,35.21,35.96,35.1,35.29,1896400.0
2005-02-04,34.37,35.3,34.28,35.2,1419000.0
2005-02-03,34.75,34.86,34.21,34.26,1432200.0
2005-02-02,34.97,35.14,34.75,34.92,1117000.0
2005-02-01,35.35,35.36,34.88,35.08,1555600.0
2005-01-31,34.4,34.98,34.35,34.92,1720100.0
2005-01-28,34.15,34.25,33.95,34.06,2903900.0
2005-01-27,34.05,34.1,33.64,34.1,2361900.0
2005-01-26,34.0,34.17,33.21,34.08,3445900.0
2005-01-25,34.05,35.21,33.95,34.71,4231800.0
2005-01-24,35.36,35.45,33.31,33.31,4611300.0
2005-01-21,35.26,35.57,35.05,35.32,1541400.0
2005-01-20,36.0,36.0,35.38,35.43,1348900.0
2005-01-19,36.46,36.48,36.01,36.14,1610600.0
2005-01-18,36.2,36.5,35.96,36.38,1769200.0
2005-01-14,35.75,36.31,35.74,36.22,1178400.0
2005-01-13,35.88,36.09,35.58,35.65,1462000.0
2005-01-12,35.79,35.94,35.56,35.91,1596200.0
2005-01-11,36.02,36.2,35.72,35.97,1260500.0
2005-01-10,36.2,36.45,35.71,36.29,2390600.0
2005-01-07,36.51,36.76,36.41,36.46,1730300.0
2005-01-06,36.04,36.49,36.01,36.41,2185400.0
2005-01-05,35.49,36.35,35.38,35.89,2846400.0
2005-01-04,35.51,35.6,35.09,35.24,1876200.0
2005-01-03,36.23,36.23,35.44,35.53,2020400.0
2004-12-31,36.45,36.47,36.1,36.19,988000.0
2004-12-30,36.5,36.69,36.31,36.39,772900.0
2004-12-29,36.27,36.5,36.24,36.5,633400.0
2004-12-28,35.74,36.39,35.71,36.38,1071800.0
2004-12-27,36.13,36.25,35.68,35.75,1012300.0
2004-12-23,36.0,36.1,35.88,36.04,1228800.0
2004-12-22,36.3,36.3185,35.78,36.01,1618200.0
2004-12-21,35.7,36.53,35.64,36.21,1943000.0
2004-12-20,34.84,35.23,34.63,35.15,1225700.0
2004-12-17,34.25,34.96,34.2,34.85,2449200.0
2004-12-16,35.66,35.66,34.95,35.11,2293900.0
2004-12-15,35.99,36.17,35.6,35.66,1383700.0
2004-12-14,35.48,36.0,35.4,35.92,1252700.0
2004-12-13,35.4,35.5,35.19,35.46,1141700.0
2004-12-10,35.02,35.24,34.82,35.1,1036600.0
2004-12-09,35.09,35.14,34.91,35.02,1258500.0
2004-12-08,35.01,35.3,35.01,35.21,998900.0
2004-12-07,35.39,35.39,34.76,35.01,1631000.0
2004-12-06,35.86,35.95,35.36,35.47,1852800.0
2004-12-03,35.34,35.95,35.3,35.86,2308300.0
2004-12-02,35.5,35.69,35.23,35.38,2249100.0
2004-12-01,34.49,35.51,34.45,35.5,2585200.0
2004-11-30,34.16,34.49,34.1,34.33,2080600.0
2004-11-29,34.49,34.52,34.02,34.16,1538200.0
2004-11-26,34.3,34.45,34.25,34.35,597600.0
2004-11-24,34.24,34.46,34.21,34.21,1236500.0
2004-11-23,33.88,34.23,33.4,34.04,1640400.0
2004-11-22,32.96,33.94,32.85,33.94,1719800.0
2004-11-19,33.13,33.39,32.61,33.15,2482800.0
2004-11-18,33.7,33.84,33.2521,33.46,1804100.0
2004-11-17,34.08,34.09,33.68,33.8,1579500.0
2004-11-16,34.62,34.7,33.74,33.86,2496700.0
2004-11-15,34.89,35.04,34.51,34.6,1278900.0
2004-11-12,34.98,34.98,34.57,34.91,1522000.0
2004-11-11,34.69,35.03,34.69,34.98,1529800.0
2004-11-10,35.36,35.4,34.65,34.71,2183500.0
2004-11-09,35.22,35.59,35.18,35.49,1550100.0
2004-11-08,34.83,35.47,34.76,35.24,1369200.0
2004-11-05,35.0,35.16,34.68,34.83,1557800.0
2004-11-04,34.11,35.07,33.97,35.05,1930200.0
2004-11-03,34.1,34.24,33.94,34.19,1547600.0
2004-11-02,34.14,34.2,33.9,33.99,1488400.0
2004-11-01,33.95,34.25,33.85,34.15,1848700.0
2004-10-29,33.3,34.01,33.3,33.95,2101700.0
2004-10-28,33.4,33.4,33.0,33.26,2098900.0
2004-10-27,32.9,33.46,32.88,33.44,2142300.0
2004-10-26,32.94,33.1,32.69,33.1,2064700.0
2004-10-25,32.59,33.01,32.39,32.92,1969700.0
2004-10-22,32.86,33.17,32.47,32.59,2775800.0
2004-10-21,31.4,32.68,31.31,32.58,2973200.0
2004-10-20,31.01,31.45,30.6,31.08,1773800.0
2004-10-19,31.87,31.98,31.01,31.01,1883900.0
2004-10-18,31.31,31.77,31.25,31.77,1352200.0
2004-10-15,31.12,31.45,31.01,31.27,1245000.0
2004-10-14,30.6,31.16,30.6,30.95,1524500.0
2004-10-13,31.0,31.42,30.53,30.72,2266300.0
2004-10-12,30.45,30.93,30.4,30.93,1851800.0
2004-10-11,30.61,30.73,30.5,30.64,882800.0
2004-10-08,30.4,30.91,30.36,30.7,1444200.0
2004-10-07,30.83,31.0,30.32,30.39,1332500.0
2004-10-06,30.24,30.84,30.15,30.84,2211300.0
2004-10-05,30.4,30.45,29.99,30.05,1632000.0
2004-10-04,30.33,31.04,30.33,30.49,2195100.0
2004-10-01,29.99,30.33,29.88,30.27,2426500.0
2004-09-30,29.45,29.79,29.4,29.74,2553200.0
2004-09-29,29.03,29.6,28.97,29.45,1493900.0
2004-09-28,28.71,29.23,28.66,29.1,2247500.0
2004-09-27,29.39,29.39,28.69,28.69,1830000.0
2004-09-24,29.16,29.58,29.14,29.39,973200.0
2004-09-23,29.25,29.52,29.16,29.16,1208600.0
2004-09-22,29.4,29.4,29.1,29.17,1285100.0
2004-09-21,29.4,29.57,29.35,29.52,923000.0
2004-09-20,29.2,29.39,29.01,29.1,1529900.0
2004-09-17,29.02,29.47,28.9,29.44,1754100.0
2004-09-16,28.78,29.3,28.65,29.0,1397700.0
2004-09-15,28.83,28.83,28.46,28.61,1444800.0
2004-09-14,29.17,29.17,28.61,28.68,1219400.0
2004-09-13,29.2,29.31,28.75,28.91,1427300.0
2004-09-10,28.94,29.15,28.69,29.15,1264000.0
2004-09-09,29.25,29.29,28.75,28.81,1581700.0
2004-09-08,28.99,29.68,28.91,29.2,2243700.0
2004-09-07,29.3,29.47,28.74,28.99,2430900.0
2004-09-03,29.2,29.36,29.02,29.27,1266000.0
2004-09-02,28.45,29.29,28.44,29.28,1959000.0
2004-09-01,28.4,28.53,28.11,28.45,1729700.0
2004-08-31,28.06,28.4,28.04,28.4,1515300.0
2004-08-30,27.92,28.21,27.8,28.06,1021700.0
2004-08-27,28.0,28.1,27.78,27.92,999600.0
2004-08-26,28.0,28.25,27.88,28.01,1769200.0
2004-08-25,27.46,28.06,27.43,27.99,1537500.0
2004-08-24,27.45,27.61,27.31,27.47,998500.0
2004-08-23,27.5,27.92,27.12,27.17,1445400.0
2004-08-20,26.92,27.57,26.87,27.56,1210200.0
2004-08-19,27.42,27.5,26.92,27.07,1600200.0
2004-08-18,26.99,27.39,26.812,27.39,1675800.0
2004-08-17,27.1,27.29,27.0,27.08,1198400.0
2004-08-16,26.37,27.07,26.34,27.04,1814900.0
2004-08-13,26.42,26.66,26.12,26.27,1267700.0
2004-08-12,26.95,26.95,26.21,26.3,1317900.0
2004-08-11,26.82,27.37,26.68,27.0,1154400.0
2004-08-10,26.38,27.06,26.35,26.82,1883200.0
2004-08-09,26.2,26.59,26.04,26.14,997100.0
2004-08-06,26.87,27.16,26.14,26.25,2394600.0
2004-08-05,27.12,27.51,27.08,27.26,2156600.0
2004-08-04,26.68,27.4,26.53,27.1,2118000.0
2004-08-03,26.81,27.0,26.66,26.73,1169700.0
2004-08-02,26.69,27.0,26.54,26.97,1449300.0
2004-07-30,26.88,27.07,26.49,26.69,1583200.0
2004-07-29,26.97,27.13,26.61,27.0,1938100.0
2004-07-28,26.02,26.86,25.95,26.83,2294500.0
2004-07-27,25.62,26.15,25.5,25.9,1989200.0
2004-07-26,25.39,25.74,25.33,25.45,1125200.0
2004-07-23,25.61,25.74,25.35,25.39,841200.0
2004-07-22,25.7,26.0,25.29,25.62,1279800.0
2004-07-21,26.82,27.0,26.11,26.11,1807300.0
2004-07-20,25.96,26.69,25.96,26.62,1305100.0
2004-07-19,26.02,26.27,25.95,25.95,1494100.0
2004-07-16,26.22,26.354,25.9,25.92,1253100.0
2004-07-15,25.72,26.0,25.5,25.98,1243700.0
2004-07-14,25.51,25.96,25.46,25.74,854300.0
2004-07-13,25.71,25.97,25.56,25.67,701000.0
2004-07-12,25.74,25.87,25.45,25.8,1163100.0
2004-07-09,25.01,25.76,24.96,25.74,1907300.0
2004-07-08,25.2,25.25,24.77,24.83,1623600.0
2004-07-07,25.14,25.63,25.06,25.54,1121700.0
2004-07-06,25.12,25.4,25.04,25.04,1256400.0
2004-07-02,25.72,25.72,25.16,25.16,1746700.0
2004-07-01,26.47,26.58,25.7,25.7,1798700.0
2004-06-30,26.25,26.6,26.05,26.52,1441300.0
2004-06-29,25.91,26.27,25.69,26.25,1743900.0
2004-06-28,25.84,26.04,25.75,25.91,927700.0
2004-06-25,25.98,26.0,25.72,25.85,1991400.0
2004-06-24,26.45,26.45,25.82,25.89,1547100.0
2004-06-23,24.88,25.99,24.88,25.94,2590800.0
2004-06-22,24.8,24.89,24.61,24.84,1120200.0
2004-06-21,24.94,25.15,24.91,24.94,917100.0
2004-06-18,24.9,25.08,24.8,25.0,1115600.0
2004-06-17,25.07,25.13,24.84,25.06,1029000.0
2004-06-16,24.78,25.11,24.74,25.07,958200.0
2004-06-15,24.55,25.02,24.51,24.82,1854100.0
2004-06-14,24.74,24.82,24.3,24.49,1411500.0
2004-06-10,25.0,25.04,24.82,24.99,1692700.0
2004-06-09,24.9,25.11,24.76,24.77,3041700.0
2004-06-08,25.33,25.44,25.17,25.44,1928100.0
2004-06-07,24.9,25.5,24.85,25.45,3101900.0
2004-06-04,24.51,24.85,24.46,24.8,2134100.0
2004-06-03,24.3,24.43,24.06,24.41,1985400.0
2004-06-02,23.95,24.5,23.95,24.41,1991800.0
2004-06-01,24.26,24.26,23.89,23.99,1041400.0
2004-05-28,24.13,24.24,23.85,24.23,1139500.0
2004-05-27,23.67,24.2,23.67,24.1,2926600.0
2004-05-26,23.79,23.9,23.56,23.67,1316700.0
2004-05-25,23.54,23.84,23.36,23.76,1619800.0
2004-05-24,24.05,24.15,23.61,23.74,1094300.0
2004-05-21,23.63,23.88,23.52,23.84,998700.0
2004-05-20,23.52,23.68,23.4,23.63,1259300.0
2004-05-19,23.69,24.01,23.38,23.49,1276400.0
2004-05-18,23.51,23.57,23.24,23.51,1019000.0
2004-05-17,23.81,23.81,23.21,23.49,1564000.0
2004-05-14,24.03,24.12,23.65,23.81,1780200.0
2004-05-13,23.82,24.31,23.8,24.17,1234200.0
2004-05-12,23.35,24.0,22.89,23.85,1601300.0
2004-05-11,23.41,23.79,23.25,23.62,1079500.0
2004-05-10,23.48,23.7,23.21,23.46,1265500.0
2004-05-07,23.97,24.04,23.6,23.67,1492100.0
2004-05-06,23.88,24.3,23.72,24.26,1234500.0
2004-05-05,23.94,24.1,23.82,23.96,715400.0
2004-05-04,23.98,24.3,23.82,24.01,1232700.0
2004-05-03,23.82,24.04,23.78,23.99,1166700.0
2004-04-30,24.06,24.2,23.82,23.82,1672700.0
2004-04-29,24.62,24.62,23.89,24.05,1680500.0
2004-04-28,24.3,24.47,24.11,24.33,1799700.0
2004-04-27,24.25,24.56,24.16,24.48,2768700.0
2004-04-26,24.86,24.99,23.7,23.93,2185900.0
2004-04-23,23.65,24.98,23.65,24.74,5433700.0
2004-04-22,22.98,24.31,22.9,24.24,5140200.0
2004-04-21,21.9,22.97,21.76,22.71,6374300.0
2004-04-20,21.9,21.94,21.54,21.54,1325800.0
2004-04-19,22.1,22.1,21.85,21.89,797600.0
2004-04-16,22.15,22.15,21.99,22.1,1770300.0
2004-04-15,22.1,22.2,21.93,22.12,1013300.0
2004-04-14,21.85,22.19,21.8,21.89,1170200.0
2004-04-13,21.98,22.2,21.92,22.01,1380200.0
2004-04-12,21.96,22.01,21.82,21.94,722700.0
2004-04-08,22.22,22.33,21.85,21.92,651800.0
2004-04-07,22.37,22.45,21.89,22.2,1127300.0
2004-04-06,22.29,22.65,22.25,22.36,1050400.0
2004-04-05,22.31,22.38,22.01,22.31,759300.0
2004-04-02,22.3,22.4,22.11,22.35,1395800.0
2004-04-01,22.15,22.19,21.92,22.03,1242900.0
2004-03-31,21.88,22.22,21.6,22.09,2397800.0
2004-03-30,21.65,21.7,21.41,21.7,950400.0
2004-03-29,21.69,21.87,21.47,21.76,1087500.0
2004-03-26,21.6,21.76,21.37,21.52,1141400.0
2004-03-25,21.12,21.63,20.9,21.54,2253700.0
2004-03-24,20.9,21.02,20.75,21.0,3116000.0
2004-03-23,21.0,21.1,20.49,20.6,2026400.0
2004-03-22,20.82,20.89,20.38,20.54,925100.0
2004-03-19,20.95,20.97,20.66,20.81,1230600.0
2004-03-18,20.98,21.15,20.77,21.06,888700.0
2004-03-17,21.01,21.18,20.7,21.15,1648700.0
2004-03-16,21.22,21.22,20.5,20.82,2668100.0
2004-03-15,21.37,21.37,20.77,20.98,1446200.0
2004-03-12,20.94,21.4,20.88,21.37,1186200.0
2004-03-11,20.8,21.34,20.65,20.96,1625000.0
2004-03-10,21.12,21.34,20.98,21.14,2964000.0
2004-03-09,21.51,21.59,21.15,21.34,1586400.0
2004-03-08,21.84,21.88,21.61,21.62,1068100.0
2004-03-05,22.0,22.09,21.71,21.84,2257400.0
2004-03-04,21.45,21.71,21.41,21.49,1300500.0
2004-03-03,21.02,21.56,21.02,21.45,1821600.0
2004-03-02,21.84,21.88,21.59,21.63,1503300.0
2004-03-01,22.15,22.15,21.69,21.85,1491900.0
2004-02-27,21.8,22.32,21.8,22.16,1503600.0
2004-02-26,21.75,21.83,21.51,21.79,909600.0
2004-02-25,22.0,22.08,21.69,21.75,1404200.0
2004-02-24,22.0,22.03,21.8,21.97,1038500.0
2004-02-23,22.41,22.42,21.92,22.14,878800.0
2004-02-20,22.46,22.51,22.22,22.35,1136400.0
2004-02-19,22.45,22.6,22.32,22.38,1356000.0
2004-02-18,22.21,22.44,22.16,22.25,2156600.0
2004-02-17,22.4,22.4,21.63,22.11,2140600.0
2004-02-13,22.57,22.57,22.03,22.3,1199500.0
2004-02-12,22.55,22.62,22.44,22.47,1418700.0
2004-02-11,22.5,22.88,22.41,22.7,1476400.0
2004-02-10,22.35,22.62,22.35,22.59,1393000.0
2004-02-09,22.32,22.56,22.2,22.49,1586900.0
2004-02-06,21.98,22.27,21.87,22.16,2481500.0
2004-02-05,21.85,22.15,21.85,22.03,1633200.0
2004-02-04,21.7,21.85,21.53,21.75,2110200.0
2004-02-03,21.85,22.16,21.79,21.89,1369500.0
2004-02-02,22.2,22.23,21.87,21.9,1562700.0
2004-01-30,22.28,22.3,21.74,22.3,1870200.0
2004-01-29,22.67,22.68,22.1,22.28,2280900.0
2004-01-28,23.19,23.25,22.39,22.61,2690800.0
2004-01-27,23.36,23.36,22.95,23.25,1236200.0
2004-01-26,23.13,23.42,23.04,23.34,1111500.0
2004-01-23,23.29,23.4,22.95,23.13,1064700.0
2004-01-22,23.18,23.28,23.02,23.2,1214100.0
2004-01-21,22.8,23.3,22.72,23.24,2146300.0
2004-01-20,22.75,22.8,22.3,22.7,2256600.0
2004-01-16,22.92,23.05,22.77,22.9,1751800.0
2004-01-15,22.91,22.91,22.75,22.77,1372600.0
2004-01-14,23.1,23.1,22.8,22.95,1299400.0
2004-01-13,22.89,23.24,22.79,23.16,1525900.0
2004-01-12,22.81,23.15,22.69,22.88,1517500.0
2004-01-09,22.9,23.03,22.74,22.92,1619100.0
2004-01-08,23.25,23.3,23.0,23.21,1102900.0
2004-01-07,22.98,23.26,22.66,23.26,2735300.0
2004-01-06,23.9,23.9,23.4,23.87,988700.0
2004-01-05,24.0,24.06,23.72,23.93,1307800.0
2004-01-02,23.65,23.95,23.62,23.93,1217900.0
2003-12-31,23.88,23.91,23.5,23.65,752800.0
2003-12-30,23.89,23.9,23.66,23.8,628200.0
2003-12-29,23.6,23.81,23.47,23.8,919000.0
2003-12-26,23.52,23.7,23.4,23.52,328900.0
2003-12-24,23.25,23.56,23.1,23.41,629300.0
2003-12-23,23.91,24.04,23.08,23.54,2768200.0
2003-12-22,23.95,24.62,23.9,24.33,2666500.0
2003-12-19,23.43,23.59,23.3,23.59,1315400.0
2003-12-18,23.5,23.62,23.43,23.5,1281400.0
2003-12-17,23.25,23.51,23.25,23.47,1189800.0
2003-12-16,23.34,23.49,23.14,23.44,1102800.0
2003-12-15,23.8,23.87,23.26,23.43,1295600.0
2003-12-12,23.18,23.61,23.14,23.61,2238800.0
2003-12-11,22.79,23.1,22.48,23.1,1290000.0
2003-12-10,22.7,22.75,22.44,22.7,1313000.0
2003-12-09,22.85,22.99,22.57,22.62,1544500.0
2003-12-08,22.38,22.73,22.32,22.65,1697100.0
2003-12-05,22.42,22.54,22.2,22.5,1824500.0
2003-12-04,22.08,22.55,22.08,22.52,2340100.0
2003-12-03,21.82,22.07,21.73,22.07,1368800.0
2003-12-02,21.7,21.79,21.47,21.62,809800.0
2003-12-01,21.53,21.91,21.4,21.81,1076800.0
2003-11-28,21.42,21.65,21.37,21.41,378800.0
2003-11-26,21.57,21.74,21.37,21.6,800400.0
2003-11-25,21.23,21.64,21.21,21.51,1387100.0
2003-11-24,21.23,21.42,21.14,21.34,1196300.0
2003-11-21,21.15,21.15,20.92,21.03,1086900.0
2003-11-20,20.72,21.19,20.71,21.02,1255200.0
2003-11-19,20.8,20.87,20.69,20.77,938200.0
2003-11-18,20.97,20.97,20.75,20.75,898300.0
2003-11-17,21.0,21.01,20.75,20.87,1137300.0
2003-11-14,21.3,21.3,21.0,21.11,784000.0
2003-11-13,21.1,21.18,21.0,21.04,1338000.0
2003-11-12,21.2,21.24,21.0,21.15,1037100.0
2003-11-11,21.42,21.49,21.17,21.25,1515100.0
2003-11-10,21.49,21.49,20.95,21.04,1988800.0
2003-11-07,21.46,21.72,21.44,21.49,2906800.0
2003-11-06,20.75,21.52,20.51,21.46,4346000.0
2003-11-05,20.38,20.6,20.24,20.6,1414100.0
2003-11-04,20.75,20.85,20.52,20.6,2025500.0
2003-11-03,20.6,20.8,20.39,20.67,3315100.0
2003-10-31,19.89,20.15,19.84,20.15,1482600.0
2003-10-30,19.95,20.06,19.39,19.98,2187500.0
2003-10-29,18.86,19.46,18.8,19.37,3309300.0
2003-10-28,18.8,19.0,18.32,18.5,2481700.0
2003-10-27,18.77,18.88,18.46,18.55,1062700.0
2003-10-24,18.5,18.85,18.42,18.85,860500.0
2003-10-23,18.44,18.8,18.32,18.72,943100.0
2003-10-22,18.48,18.63,18.42,18.44,971800.0
2003-10-21,18.98,18.99,18.52,18.58,1509800.0
2003-10-20,19.15,19.2,18.82,19.09,1182300.0
2003-10-17,18.84,19.33,18.83,19.3,2457800.0
2003-10-16,18.77,19.06,18.77,18.96,1429500.0
2003-10-15,18.8,18.95,18.63,18.72,909100.0
2003-10-14,18.71,19.0,18.56,18.81,877000.0
2003-10-13,18.9,19.09,18.59,18.62,1201400.0
2003-10-10,18.87,18.89,18.63,18.77,508100.0
2003-10-09,19.04,19.18,18.73,18.87,1551300.0
2003-10-08,18.81,18.81,18.61,18.8,931600.0
2003-10-07,19.01,19.02,18.51,18.78,1255800.0
2003-10-06,19.06,19.16,18.93,19.12,735200.0
2003-10-03,19.12,19.22,18.85,18.95,1099800.0
2003-10-02,18.85,18.98,18.7,18.83,818800.0
2003-10-01,18.5,18.89,18.5,18.83,1649800.0
2003-09-30,18.49,18.6,18.21,18.5,1536300.0
2003-09-29,18.43,18.5,18.22,18.5,2588000.0
2003-09-26,18.5,18.75,18.34,18.43,2422600.0
2003-09-25,19.17,19.24,18.69,18.75,2023500.0
2003-09-24,19.28,19.31,18.84,18.89,2418200.0
2003-09-23,19.22,19.48,19.2,19.28,1295500.0
2003-09-22,19.6,19.6,19.12,19.22,1216700.0
2003-09-19,19.77,20.2,19.54,19.6,2146700.0
2003-09-18,19.49,20.06,19.42,20.0,1912600.0
2003-09-17,19.51,19.51,19.23,19.3,803800.0
2003-09-16,19.39,19.63,19.36,19.63,1014200.0
2003-09-15,19.36,19.39,19.11,19.22,994500.0
2003-09-12,19.36,19.5,19.3,19.43,892700.0
2003-09-11,19.21,19.58,19.1,19.4,1589200.0
2003-09-10,19.34,19.36,18.95,19.08,1282000.0
2003-09-09,19.28,19.47,19.18,19.34,1157200.0
2003-09-08,19.31,19.53,19.24,19.42,940600.0
2003-09-05,19.33,19.39,19.08,19.38,2100000.0
2003-09-04,19.69,19.73,19.29,19.5,1551400.0
2003-09-03,19.47,19.78,19.31,19.63,2101100.0
2003-09-02,19.23,19.54,18.9,19.53,2108300.0
2003-08-29,19.07,19.1,18.9,19.04,1380600.0
2003-08-28,18.76,19.1,18.56,19.0,2959400.0
2003-08-27,18.25,18.4,18.09,18.4,2189100.0
2003-08-26,18.21,18.4,18.0,18.34,1655300.0
2003-08-25,18.31,18.42,18.2,18.28,1419900.0
2003-08-22,18.52,18.72,18.25,18.31,1106600.0
2003-08-21,18.31,18.61,18.17,18.55,1078900.0
2003-08-20,18.34,18.42,18.12,18.31,1296600.0
2003-08-19,18.5,18.59,18.37,18.51,1452600.0
2003-08-18,18.73,18.92,18.52,18.6,1198900.0
2003-08-15,18.92,18.92,18.4,18.73,548800.0
2003-08-14,18.65,18.99,18.62,18.98,1850300.0
2003-08-13,18.83,19.1,18.64,18.75,1204400.0
2003-08-12,18.68,18.8,18.55,18.73,1264100.0
2003-08-11,18.85,18.89,18.41,18.61,1214200.0
2003-08-08,19.05,19.05,18.72,18.97,719400.0
2003-08-07,18.54,18.92,18.44,18.89,1470900.0
2003-08-06,18.56,18.75,18.36,18.51,1023200.0
2003-08-05,18.75,18.88,18.35,18.46,1772700.0
2003-08-04,18.82,19.08,18.61,19.0,983000.0
2003-08-01,19.02,19.12,18.88,18.93,1070800.0
2003-07-31,18.88,19.53,18.88,19.23,1855400.0
2003-07-30,18.63,19.07,18.6,18.88,1980900.0
2003-07-29,18.9,18.9,18.25,18.32,1223300.0
2003-07-28,19.12,19.22,18.71,18.8,1851800.0
2003-07-25,19.5,19.67,18.95,18.95,2190000.0
2003-07-24,18.82,19.85,18.82,19.33,1727800.0
2003-07-23,19.48,19.48,18.72,18.82,1186100.0
2003-07-22,19.2,19.47,19.01,19.38,1104200.0
2003-07-21,19.5,19.54,19.24,19.25,1045400.0
2003-07-18,19.35,19.57,18.9775,19.52,1198800.0
2003-07-17,19.21,19.37,18.88,19.15,1539100.0
2003-07-16,19.58,19.83,19.36,19.71,1153600.0
2003-07-15,19.78,19.89,19.46,19.59,910200.0
2003-07-14,19.65,19.9,19.49,19.8,1358500.0
2003-07-11,19.29,19.65,19.28,19.53,900300.0
2003-07-10,19.27,19.39,19.15,19.35,1077000.0
2003-07-09,19.63,19.78,19.28,19.41,1840400.0
2003-07-08,19.69,19.78,19.46,19.72,2034400.0
2003-07-07,19.78,19.91,19.42,19.5,1517400.0
2003-07-03,19.7,19.7,19.35,19.42,804100.0
2003-07-02,19.3,19.65,19.3,19.62,1125300.0
2003-07-01,19.19,19.38,18.93,19.33,1104900.0
2003-06-30,19.3,19.53,19.17,19.2,1093700.0
2003-06-27,19.4,19.42,19.06,19.31,945800.0
2003-06-26,19.0,19.47,18.93,19.33,1121100.0
2003-06-25,19.46,19.5,18.88,18.97,3936200.0
2003-06-24,19.55,19.8,19.43,19.46,1172200.0
2003-06-23,20.05,20.1,19.4,19.54,2370200.0
2003-06-20,20.39,20.461,20.07,20.21,1874100.0
2003-06-19,21.0,21.0,20.41,20.49,1478800.0
2003-06-18,21.25,21.25,20.88,20.95,1831100.0
2003-06-17,21.75,21.8,21.26,21.29,1499700.0
2003-06-16,21.55,21.95,21.36,21.95,1473000.0
2003-06-13,21.73,21.86,21.3,21.35,1057700.0
2003-06-12,21.57,21.84,21.5,21.74,1118500.0
2003-06-11,21.25,21.54,21.08,21.54,1201100.0
2003-06-10,21.63,21.64,21.22,21.35,1121400.0
2003-06-09,21.66,21.81,21.23,21.57,996400.0
2003-06-06,21.91,22.2,21.15,21.75,1401900.0
2003-06-05,21.83,22.09,21.6,21.87,1028700.0
2003-06-04,21.8,22.14,21.69,21.83,1249800.0
2003-06-03,21.89,21.92,21.5,21.79,1515500.0
2003-06-02,22.2,22.39,21.81,21.88,2143800.0
2003-05-30,21.65,21.98,21.5,21.92,2384300.0
2003-05-29,20.98,21.18,20.76,21.05,1341400.0
2003-05-28,21.22,21.43,20.97,21.04,1560900.0
2003-05-27,21.2,21.34,20.87,21.27,1146100.0
2003-05-23,21.18,21.54,21.1,21.33,960100.0
2003-05-22,21.27,21.38,21.12,21.24,1325300.0
2003-05-21,21.31,21.49,21.15,21.27,1118000.0
2003-05-20,21.04,21.54,21.04,21.35,1522900.0
2003-05-19,21.38,21.49,21.0,21.05,1252600.0
2003-05-16,21.5,21.84,21.42,21.68,950500.0
2003-05-15,21.89,21.9,21.43,21.62,1246600.0
2003-05-14,21.74,21.81,21.43,21.68,1235800.0
2003-05-13,21.8,21.82,21.63,21.71,1040400.0
2003-05-12,21.35,21.8,21.16,21.7,1282700.0
2003-05-09,21.04,21.42,20.94,21.42,880200.0
2003-05-08,21.08,21.251,20.89,20.97,1129100.0
2003-05-07,21.29,21.44,21.04,21.28,1061100.0
2003-05-06,21.15,21.43,21.15,21.38,1150400.0
2003-05-05,21.29,21.46,21.16,21.23,959500.0
2003-05-02,20.84,21.21,20.75,21.15,895700.0
2003-05-01,21.07,21.14,20.8,20.97,1062900.0
2003-04-30,21.1,21.33,20.93,21.21,2044200.0
2003-04-29,21.3,21.36,21.02,21.19,1139500.0
2003-04-28,20.58,21.19,20.49,21.1,1410900.0
2003-04-25,20.61,20.83,20.55,20.6,1022500.0
2003-04-24,20.5,20.83,20.4,20.62,1371700.0
2003-04-23,20.22,20.48,20.08,20.29,930400.0
2003-04-22,19.98,20.4,19.91,20.19,1064500.0
2003-04-21,19.9,20.13,19.85,20.06,1137800.0
2003-04-17,19.7,19.85,19.55,19.85,906700.0
2003-04-16,19.89,19.98,19.66,19.71,1115000.0
2003-04-15,19.75,19.97,19.74,19.78,1666200.0
2003-04-14,19.75,19.86,19.55,19.86,790400.0
2003-04-11,19.71,19.82,19.4,19.5,977300.0
2003-04-10,19.18,19.5,18.98,19.42,1663800.0
2003-04-09,19.45,19.57,19.09,19.09,1300500.0
2003-04-08,19.6,19.63,19.26,19.43,1043800.0
2003-04-07,19.56,19.96,19.46,19.48,1586900.0
2003-04-04,18.72,19.09,18.72,19.0,996200.0
2003-04-03,19.0,19.0,18.64,18.64,787200.0
2003-04-02,19.12,19.12,18.8,19.08,2085500.0
2003-04-01,18.56,18.73,18.31,18.72,1558900.0
2003-03-31,18.7,18.86,18.52,18.56,839300.0
2003-03-28,19.01,19.16,18.84,19.06,762600.0
2003-03-27,19.4,19.4,19.01,19.1,1089600.0
2003-03-26,19.4,19.48,19.22,19.4,1812100.0
2003-03-25,18.89,19.4,18.67,19.4,1402800.0
2003-03-24,19.85,19.86,19.13,19.19,1324300.0
2003-03-21,19.5,19.97,19.27,19.92,2296800.0
2003-03-20,18.9,19.32,18.73,19.19,1207800.0
2003-03-19,18.84,18.98,18.63,18.98,1048500.0
2003-03-18,18.79,18.9,18.35,18.9,1986000.0
2003-03-17,18.3,18.79,18.15,18.79,1925000.0
2003-03-14,18.2,18.68,18.0,18.41,1364000.0
2003-03-13,18.08,18.25,17.94,18.2,1378400.0
2003-03-12,17.8,17.85,17.35,17.7,1381700.0
2003-03-11,18.2,18.38,17.59,17.75,1554700.0
2003-03-10,19.05,19.06,18.06,18.19,1356100.0
2003-03-07,18.42,19.2,18.37,19.05,953500.0
2003-03-06,18.8,18.86,18.55,18.65,981800.0
2003-03-05,18.58,18.88,18.51,18.88,1172500.0
2003-03-04,19.13,19.13,18.62,18.62,718700.0
2003-03-03,19.16,19.35,19.04,19.14,739200.0
2003-02-28,18.95,19.41,18.91,19.06,1118800.0
2003-02-27,19.25,19.4,18.77,18.95,1162000.0
2003-02-26,18.89,19.4,18.78,19.25,1603000.0
2003-02-25,18.35,18.87,18.16,18.87,1133900.0
2003-02-24,19.12,19.12,18.39,18.43,840200.0
2003-02-21,18.79,19.3,18.55,19.19,1201700.0
2003-02-20,18.98,19.09,18.58,18.67,584300.0
2003-02-19,19.08,19.09,18.74,18.8,597600.0
2003-02-18,18.98,19.21,18.9,19.14,964800.0
2003-02-14,18.86,18.94,18.45,18.65,1582200.0
2003-02-13,19.02,19.28,18.63,18.93,876900.0
2003-02-12,18.88,19.26,18.81,19.06,1269400.0
2003-02-11,19.32,19.42,18.62,18.83,878200.0
2003-02-10,19.13,19.47,18.92,19.33,759300.0
2003-02-07,19.25,19.53,19.0,19.16,892500.0
2003-02-06,19.26,19.46,19.03,19.24,932300.0
2003-02-05,19.4,19.98,19.19,19.43,1309900.0
2003-02-04,19.45,19.47,19.0,19.2,1233600.0
2003-02-03,19.72,19.87,19.38,19.64,1147600.0
2003-01-31,19.17,19.71,19.08,19.7,1592100.0
2003-01-30,19.6,19.6,19.18,19.31,2489700.0
2003-01-29,18.3,18.72,18.21,18.61,1643300.0
2003-01-28,18.3,18.72,18.21,18.61,2039000.0
2003-01-27,18.16,18.55,18.07,18.25,1384000.0
2003-01-24,18.68,18.68,18.0,18.16,809400.0
2003-01-23,18.2,18.75,18.2,18.68,1048000.0
2003-01-22,18.78,19.03,18.12,18.12,2058900.0
2003-01-21,19.39,19.53,18.72,18.76,1204300.0
2003-01-17,19.36,19.65,19.21,19.31,1033300.0
2003-01-16,19.84,20.07,19.36,19.36,1577100.0
2003-01-15,20.25,20.35,19.66,19.75,860900.0
2003-01-14,20.35,20.36,20.02,20.17,1062600.0
2003-01-13,20.55,20.63,20.2,20.4,938000.0
2003-01-10,20.55,20.76,20.4,20.51,806800.0
2003-01-09,20.33,20.89,20.32,20.8,869400.0
2003-01-08,20.62,20.75,20.24,20.43,643900.0
2003-01-07,20.88,20.88,20.4,20.56,1129600.0
2003-01-06,20.4,20.88,20.36,20.88,773500.0
2003-01-03,20.49,20.5,20.17,20.36,601000.0
2003-01-02,20.22,20.5,19.8,20.49,830600.0
2002-12-31,19.83,20.03,19.48,19.99,889600.0
2002-12-30,19.47,19.88,19.28,19.83,940300.0
2002-12-27,19.78,19.78,19.27,19.32,571100.0
2002-12-26,19.67,19.99,19.52,19.78,524700.0
2002-12-24,19.73,19.73,19.39,19.5,189300.0
2002-12-23,19.65,19.7,19.18,19.63,821400.0
2002-12-20,19.52,19.79,19.27,19.79,1427500.0
2002-12-19,19.32,19.55,18.94,19.21,1029200.0
2002-12-18,19.63,19.87,19.32,19.38,728200.0
2002-12-17,19.76,20.04,19.54,19.7,877600.0
2002-12-16,19.6,19.76,19.35,19.75,1049400.0
2002-12-13,18.96,19.61,18.7,19.43,1453600.0
2002-12-12,19.9,19.91,19.19,19.19,1675500.0
2002-12-11,19.86,20.22,19.55,20.07,741000.0
2002-12-10,19.84,19.96,19.47,19.96,798000.0
2002-12-09,20.0,20.0,19.52,19.68,1199500.0
2002-12-06,19.68,20.24,19.51,20.19,922700.0
2002-12-05,19.69,19.83,19.6,19.68,861700.0
2002-12-04,18.9,19.82,18.9,19.63,1066900.0
2002-12-03,19.7,19.77,19.21,19.42,1320300.0
2002-12-02,19.76,19.99,19.26,19.65,1122100.0
2002-11-29,20.0,20.21,19.62,19.73,375100.0
2002-11-27,19.44,20.1,19.21,19.86,1529300.0
2002-11-26,19.55,19.6,19.01,19.13,1620900.0
2002-11-25,19.38,19.95,19.28,19.69,1323900.0
2002-11-22,20.12,20.29,19.69,19.88,1365200.0
2002-11-21,20.07,20.5,19.89,20.11,2133600.0
2002-11-20,20.0,20.23,19.76,19.99,1696400.0
2002-11-19,20.37,20.5,19.92,20.0,1927800.0
2002-11-18,21.35,21.37,20.25,20.3,1442900.0
2002-11-15,20.9,21.25,20.75,21.1,1190000.0
2002-11-14,20.92,21.1,20.85,21.0,897900.0
2002-11-13,21.21,21.21,20.55,20.86,1087500.0
2002-11-12,21.22,21.51,21.03,21.24,1137200.0
2002-11-11,22.07,22.07,20.9,21.06,1224200.0
2002-11-08,22.0,22.3,21.83,22.07,1187100.0
2002-11-07,22.1,22.14,21.6,21.75,1063100.0
2002-11-06,21.95,22.54,21.42,22.32,1909800.0
2002-11-05,21.5,21.95,20.95,21.56,768300.0
2002-11-04,21.48,21.99,21.17,21.56,1356100.0
2002-11-01,20.05,21.25,19.95,21.15,792400.0
2002-10-31,20.87,20.98,20.1,20.2,1167200.0
2002-10-30,20.4,21.15,20.4,20.77,929100.0
2002-10-29,20.74,20.9,19.9,20.65,804800.0
2002-10-28,21.04,21.25,20.5,20.74,915800.0
2002-10-25,20.85,21.24,20.0,20.92,999800.0
2002-10-24,21.5,21.86,20.87,21.01,1371600.0
2002-10-23,20.79,21.0,20.3,21.0,1311100.0
2002-10-22,21.15,21.2,20.5,20.79,1452400.0
2002-10-21,21.1,21.5,20.78,21.4,1765200.0
2002-10-18,21.88,21.88,21.0,21.19,1594700.0
2002-10-17,21.86,22.2,21.65,21.9,1786200.0
2002-10-16,21.25,21.5,20.65,21.2,1497400.0
2002-10-15,20.8,22.01,20.55,22.0,1924600.0
2002-10-14,21.0,21.09,20.46,20.74,792800.0
2002-10-11,20.7,21.39,20.5,21.13,1744200.0
2002-10-10,19.6,20.56,19.47,20.56,2374600.0
2002-10-09,20.5,20.5,19.35,19.35,1896800.0
2002-10-08,20.2,21.2,19.8,21.07,1685600.0
2002-10-07,20.9,21.15,19.97,19.97,1182100.0
2002-10-04,21.37,21.37,20.0,20.9,1385100.0
2002-10-03,20.55,21.54,20.55,21.36,1783800.0
2002-10-02,21.33,21.4,20.22,20.35,1784700.0
2002-10-01,20.3,21.73,20.2,21.73,1264900.0
2002-09-30,21.1,21.1,19.55,20.19,2838600.0
2002-09-27,22.06,22.15,21.34,21.52,1218300.0
2002-09-26,20.95,22.2,20.75,22.06,1504400.0
2002-09-25,20.42,21.2,20.3,20.67,1529700.0
2002-09-24,20.63,20.78,20.0,20.07,837500.0
2002-09-23,21.5,21.67,20.81,21.03,916200.0
2002-09-20,21.38,21.91,21.25,21.69,1963700.0
2002-09-19,20.55,21.9,20.55,21.09,1225600.0
2002-09-18,20.62,21.3,20.55,21.0,1393400.0
2002-09-17,21.95,22.1,20.71,20.99,1292600.0
2002-09-16,21.2,21.95,20.6,21.86,1640400.0
2002-09-13,20.71,21.29,20.65,21.29,1058000.0
2002-09-12,20.89,21.08,20.52,21.01,1289700.0
2002-09-11,20.75,21.14,20.65,20.89,668400.0
2002-09-10,20.82,21.0,20.5,20.61,1187200.0
2002-09-09,20.53,20.95,20.1,20.62,859000.0
2002-09-06,20.47,21.09,20.29,20.54,1401600.0
2002-09-05,19.8,20.65,19.25,20.17,3925200.0
2002-09-04,20.43,21.02,20.0,20.88,1102900.0
2002-09-03,20.9,21.0,20.25,20.43,1443200.0
2002-08-30,20.5,21.14,20.48,20.93,905400.0
2002-08-29,21.0,21.1,20.44,20.46,1196400.0
2002-08-28,21.75,21.75,20.85,21.19,596400.0
2002-08-27,22.0,22.23,21.58,21.89,996800.0
2002-08-26,21.25,21.95,21.05,21.95,1164100.0
2002-08-23,21.48,21.7,21.0,21.21,896800.0
2002-08-22,21.88,22.01,21.15,21.86,781900.0
2002-08-21,21.24,21.85,20.95,21.69,1050300.0
2002-08-20,20.95,21.25,20.71,21.01,637700.0
2002-08-19,21.0,21.32,20.81,21.11,774400.0
2002-08-16,21.24,21.38,20.83,21.2,598300.0
2002-08-15,21.05,21.28,20.69,21.24,1101200.0
2002-08-14,20.08,21.13,19.6,21.04,1192300.0
2002-08-13,20.73,21.2,20.15,20.28,853200.0
2002-08-12,20.5,21.24,20.31,21.04,827200.0
2002-08-09,21.18,21.58,20.3,21.0,1056200.0
2002-08-08,20.24,21.29,20.0,21.18,1159600.0
2002-08-07,20.14,20.4,19.53,20.24,1061400.0
2002-08-06,18.65,20.06,18.65,19.64,1179200.0
2002-08-05,18.9,19.34,18.18,18.3,828500.0
2002-08-02,20.19,20.19,18.69,18.96,1179600.0
2002-08-01,20.3,20.36,19.82,20.19,979200.0
2002-07-31,20.5,20.85,19.75,20.25,1685600.0
2002-07-30,20.4,21.2,20.03,20.85,1726900.0
2002-07-29,20.4,20.82,19.9,20.64,1349500.0
2002-07-26,19.52,19.97,19.1,19.97,1045600.0
2002-07-25,19.4,19.94,18.32,19.52,1628200.0
2002-07-24,17.4,19.12,17.2,19.07,1849500.0
2002-07-23,18.71,19.25,17.89,18.05,1652200.0
2002-07-22,19.83,20.17,18.72,18.8,1832600.0
2002-07-19,19.5,20.2,19.44,19.83,2012700.0
2002-07-18,20.44,20.46,19.64,19.88,1760900.0
2002-07-17,21.03,21.25,20.08,20.44,2417700.0
2002-07-16,20.0,20.86,20.0,20.27,2036800.0
2002-07-15,21.03,21.03,19.35,20.47,2411200.0
2002-07-12,22.1,22.25,21.0,21.47,1368100.0
2002-07-11,22.3,22.95,21.58,22.1,1189600.0
2002-07-10,22.59,22.95,22.05,22.52,1276800.0
2002-07-09,23.05,23.57,22.33,22.33,928300.0
2002-07-08,23.7,23.9,22.9,23.04,1123500.0
2002-07-05,22.92,23.8,22.82,23.8,600900.0
2002-07-03,23.4,23.6,22.31,22.7,907500.0
2002-07-02,23.26,23.89,22.94,23.46,1727800.0
2002-07-01,23.28,23.5,22.6,23.25,1982400.0
2002-06-28,22.89,23.47,22.8,23.38,1389400.0
2002-06-27,22.09,22.9,21.65,22.89,1230000.0
2002-06-26,21.55,22.24,21.01,21.91,1343300.0
2002-06-25,23.13,23.13,21.4,21.44,949700.0
2002-06-24,22.71,23.3,22.2,23.03,1338700.0
2002-06-21,22.4,23.09,22.36,22.71,1988400.0
2002-06-20,22.15,22.94,22.0,22.72,1576500.0
2002-06-19,21.8,22.5,21.6,22.11,910200.0
2002-06-18,21.81,22.38,21.75,22.05,902400.0
2002-06-17,21.45,21.9,21.3,21.81,1303800.0
2002-06-14,21.35,21.64,20.9,21.12,1225800.0
2002-06-13,21.26,22.02,21.25,21.66,1056600.0
2002-06-12,21.9,21.9,21.53,21.76,1243700.0
2002-06-11,22.38,22.44,21.86,21.91,1498200.0
2002-06-10,21.21,22.12,21.15,21.92,1010800.0
2002-06-07,21.02,21.6,20.85,21.29,811000.0
2002-06-06,21.2,21.2,20.78,21.01,679000.0
2002-06-05,20.81,21.19,20.6,21.05,1575700.0
2002-06-04,20.7,21.2,20.4,20.86,1116700.0
2002-06-03,21.42,21.42,20.55,20.79,1070100.0
2002-05-31,20.75,21.85,20.75,21.17,2734800.0
2002-05-30,20.18,20.45,19.85,19.85,1068500.0
2002-05-29,20.28,20.85,20.28,20.48,627500.0
2002-05-28,20.75,20.93,20.4,20.53,1203300.0
2002-05-24,21.37,21.49,20.89,20.89,1090900.0
2002-05-23,21.1,21.35,20.61,21.2,1396200.0
2002-05-22,20.6,21.05,20.59,20.91,885700.0
2002-05-21,21.51,21.51,20.2,20.43,1313000.0
2002-05-20,21.77,21.77,21.15,21.49,941400.0
2002-05-17,21.6,22.0,21.55,21.76,834500.0
2002-05-16,21.69,21.78,21.31,21.37,1000200.0
2002-05-15,21.35,21.66,20.93,21.45,1308400.0
2002-05-14,21.07,21.59,20.94,21.5,845800.0
2002-05-13,20.8,21.31,20.62,20.87,646700.0
2002-05-10,21.0,21.1,20.62,20.64,768000.0
2002-05-09,21.35,21.55,20.87,20.94,982200.0
2002-05-08,21.0,21.59,20.73,21.51,1216500.0
2002-05-07,20.96,21.03,20.55,20.66,853000.0
2002-05-06,21.47,21.5,20.71,20.71,605800.0
2002-05-03,21.62,21.65,21.05,21.36,822900.0
2002-05-02,21.41,21.64,21.17,21.46,1499700.0
2002-05-01,21.37,21.9,20.5,21.4,2090200.0
2002-04-30,21.33,21.6,21.02,21.43,985700.0
2002-04-29,21.6,21.75,20.99,21.08,1045900.0
2002-04-26,21.77,22.01,21.41,21.6,2811800.0
2002-04-25,21.25,21.8,20.86,21.66,2749200.0
2002-04-24,22.3,22.54,20.6,20.88,5236600.0
2002-04-23,23.09,23.29,22.91,22.98,2046200.0
2002-04-22,23.26,23.26,22.61,23.09,1219900.0
2002-04-19,23.0,23.49,23.0,23.25,868800.0
2002-04-18,23.85,23.87,22.75,23.34,893400.0
2002-04-17,23.68,23.79,23.45,23.6,646300.0
2002-04-16,23.2,23.86,23.2,23.77,1073600.0
2002-04-15,23.75,23.95,22.9,23.12,1917300.0
2002-04-12,23.85,24.45,23.71,24.45,1229700.0
2002-04-11,23.93,23.99,23.26,23.4,2124900.0
2002-04-10,23.08,23.95,23.08,23.93,1222900.0
2002-04-09,23.14,23.2,22.69,22.78,557600.0
2002-04-08,23.03,23.14,22.55,23.0,700800.0
2002-04-05,23.05,23.05,22.69,22.83,873500.0
2002-04-04,22.19,23.1,22.11,22.92,2494100.0
2002-04-03,22.72,22.73,21.82,21.95,2292000.0
2002-04-02,23.1,23.22,22.72,22.72,1240400.0
2002-04-01,23.7,23.7,22.87,23.39,967400.0
2002-03-28,24.2,24.39,23.88,23.94,840400.0
2002-03-27,24.5,24.5,23.52,24.26,1458600.0
2002-03-26,22.9,23.72,22.9,23.59,1066900.0
2002-03-25,23.5,23.5,22.75,22.89,519100.0
2002-03-22,23.0,23.49,22.62,23.46,1288100.0
2002-03-21,24.9,24.9,23.06,23.48,1563700.0
2002-03-20,24.7,24.89,24.01,24.85,775200.0
2002-03-19,24.03,24.78,23.91,24.7,984600.0
2002-03-18,23.85,24.07,23.01,24.03,2072100.0
2002-03-15,24.26,24.65,23.96,24.08,1447200.0
2002-03-14,24.75,24.75,23.94,24.16,1899300.0
2002-03-13,24.5,24.69,24.2,24.45,961000.0
2002-03-12,25.13,25.13,24.26,24.48,1165000.0
2002-03-11,24.9,25.5,24.55,25.29,1136400.0
2002-03-08,26.5,26.55,24.54,25.05,3496700.0
2002-03-07,25.87,26.98,25.48,26.6,1878100.0
2002-03-06,26.01,26.5,25.9,26.12,1790500.0
2002-03-05,25.93,26.2,25.42,26.01,4288500.0
2002-03-04,25.2,26.69,25.2,26.35,3835000.0
2002-03-01,24.0,25.19,23.8,25.19,2746800.0
2002-02-28,23.44,24.3,23.37,23.79,3206000.0
2002-02-27,22.05,23.5,21.69,23.12,2546100.0
2002-02-26,21.98,22.27,21.8,21.94,894700.0
2002-02-25,22.29,22.48,21.8,22.04,1620900.0
2002-02-22,21.8,22.1,21.62,22.02,795200.0
2002-02-21,21.2,22.17,21.1,21.9,1423100.0
2002-02-20,21.12,21.12,20.41,21.06,1082900.0
2002-02-19,21.02,21.37,20.96,20.98,1005600.0
2002-02-15,21.49,21.49,20.93,21.3,1142900.0
2002-02-14,21.45,21.6,20.9,21.08,1210500.0
2002-02-13,21.59,22.1,21.16,21.33,1250600.0
2002-02-12,21.45,21.84,21.1,21.58,735900.0
2002-02-11,21.15,21.79,20.9,21.7,905400.0
2002-02-08,20.9,21.59,20.9,21.22,1018900.0
2002-02-07,21.1,21.3,20.81,20.9,1052600.0
2002-02-06,21.74,21.78,20.53,21.0,1848700.0
2002-02-05,21.85,21.99,21.5,21.69,1059200.0
2002-02-04,22.32,22.38,21.76,21.85,1326600.0
2002-02-01,22.9,22.9,22.05,22.31,1584600.0
2002-01-31,22.2,22.7,21.95,22.55,2050800.0
2002-01-30,21.92,22.5,21.5,22.3,1696000.0
2002-01-29,22.5,22.79,21.72,21.98,1680700.0
2002-01-28,22.98,22.98,22.0,22.5,3469000.0
2002-01-25,21.0,22.36,21.0,22.14,2926600.0
2002-01-24,20.35,21.28,20.24,20.98,2672600.0
2002-01-23,20.12,20.12,19.85,20.0,1736700.0
2002-01-22,19.69,20.02,19.57,19.72,1573600.0
2002-01-18,19.3,19.43,19.1,19.4,1047600.0
2002-01-17,18.41,19.5,18.41,19.42,1363800.0
2002-01-16,18.64,18.76,18.12,18.12,684500.0
2002-01-15,18.72,19.13,18.45,18.69,1002500.0
2002-01-14,19.11,19.2,18.41,18.5,1146900.0
2002-01-11,19.8,19.95,18.98,18.98,905600.0
2002-01-10,19.65,19.98,19.15,19.57,841700.0
2002-01-09,20.1,20.1,19.51,19.59,830000.0
2002-01-08,20.4,20.43,19.78,20.0,834400.0
2002-01-07,20.36,20.75,20.16,20.4,861100.0
2002-01-04,20.95,20.95,20.05,20.36,2440300.0
2002-01-03,19.61,19.61,18.5,19.61,1255900.0
2002-01-02,18.26,18.8,18.26,18.58,1073300.0
2001-12-31,18.67,18.81,18.25,18.33,810400.0
2001-12-28,18.53,18.85,18.25,18.67,620400.0
2001-12-27,18.2,18.57,18.2,18.53,682600.0
2001-12-26,18.3,18.5,18.15,18.33,523600.0
2001-12-24,18.1,18.62,18.02,18.45,498900.0
2001-12-21,18.98,18.98,18.24,18.28,1129100.0
2001-12-20,18.6,18.88,18.4,18.71,508900.0
2001-12-19,18.9,18.9,18.41,18.62,612800.0
2001-12-18,18.86,19.35,18.65,18.99,846300.0
2001-12-17,18.02,18.77,17.7,18.71,958600.0
2001-12-14,18.0,18.19,17.65,17.97,702000.0
2001-12-13,17.91,18.59,17.85,18.03,565100.0
2001-12-12,18.69,18.7,17.8,18.16,854500.0
2001-12-11,18.9,18.92,18.4,18.55,834800.0
2001-12-10,18.85,19.23,18.8,18.9,796200.0
2001-12-07,19.29,19.29,18.61,19.08,841900.0
2001-12-06,19.19,19.19,18.7,18.79,1086800.0
2001-12-05,18.92,19.25,18.7,19.08,1265900.0
2001-12-04,18.79,18.94,18.51,18.93,748300.0
2001-12-03,19.15,19.15,18.5,18.93,575500.0
2001-11-30,19.28,19.67,19.28,19.39,465300.0
2001-11-29,19.33,19.68,19.01,19.37,618300.0
2001-11-28,19.88,19.88,19.37,19.44,601800.0
2001-11-27,19.15,19.8,19.03,19.46,789000.0
2001-11-26,19.2,19.6,18.99,19.43,473200.0
2001-11-23,19.54,19.54,19.06,19.36,202700.0
2001-11-21,19.55,19.55,18.85,19.24,679300.0
2001-11-20,19.05,19.55,18.9,19.17,677100.0
2001-11-19,19.55,19.73,19.11,19.41,730100.0
2001-11-16,19.5,19.65,19.15,19.59,631600.0
2001-11-15,18.87,19.6,18.77,19.3,1093100.0
2001-11-14,18.5,18.9,18.35,18.74,981900.0
2001-11-13,17.9,18.45,17.83,18.42,568000.0
2001-11-12,17.91,18.34,17.01,17.8,719100.0
2001-11-09,17.85,18.06,17.57,17.92,496200.0
2001-11-08,17.72,18.3,17.56,17.95,646200.0
2001-11-07,17.89,17.89,17.4,17.86,595000.0
2001-11-06,17.85,17.89,17.04,17.41,1840100.0
2001-11-05,17.68,18.19,17.5,17.92,826000.0
2001-11-02,16.95,17.68,16.71,17.6,655700.0
2001-11-01,16.6,17.4,16.36,17.18,799700.0
2001-10-31,16.5,17.29,16.45,16.75,1301900.0
2001-10-30,16.8,16.8,16.3,16.65,826200.0
2001-10-29,17.38,17.51,16.63,16.63,561100.0
2001-10-26,16.71,17.73,16.71,17.55,828400.0
2001-10-25,16.4,17.2,16.2,16.95,1384600.0
2001-10-24,17.38,17.38,16.4,16.75,2190200.0
2001-10-23,15.8,16.96,15.55,16.59,1211400.0
2001-10-22,15.31,15.83,15.29,15.64,1143100.0
2001-10-19,15.65,15.85,15.19,15.55,998000.0
2001-10-18,15.92,16.02,15.56,15.89,1363200.0
2001-10-17,16.5,16.68,15.3,15.74,1280800.0
2001-10-16,16.56,16.82,16.28,16.59,698100.0
2001-10-15,16.28,16.38,15.85,16.34,1593900.0
2001-10-12,16.8,16.97,15.76,16.2,1219700.0
2001-10-11,16.7,17.29,16.7,16.98,884600.0
2001-10-10,15.5,16.75,15.36,16.55,881900.0
2001-10-09,16.17,16.17,15.25,15.35,649700.0
2001-10-08,16.32,16.32,15.61,15.87,530400.0
2001-10-05,16.19,16.19,15.51,16.02,639800.0
2001-10-04,16.06,16.06,15.61,15.67,586000.0
2001-10-03,16.11,16.11,15.55,16.02,1530700.0
2001-10-02,15.6,15.93,15.29,15.69,854200.0
2001-10-01,16.0,16.05,15.3,15.39,961700.0
2001-09-28,15.39,16.19,15.26,16.12,1403400.0
2001-09-27,14.9,15.48,14.75,15.14,1076600.0
2001-09-26,15.41,15.41,14.88,15.09,1378500.0
2001-09-25,16.4,16.48,14.41,14.68,1950200.0
2001-09-24,16.48,16.48,15.75,16.4,991600.0
2001-09-21,16.3,16.3,13.41,15.5,2299000.0
2001-09-20,16.0,16.0,14.25,14.31,1511300.0
2001-09-19,17.0,17.0,15.31,15.83,1159100.0
2001-09-18,17.23,17.23,16.62,16.91,1048600.0
2001-09-17,18.65,18.65,16.83,17.0,1217400.0
2001-09-10,19.0,19.29,18.81,18.9,859400.0
2001-09-07,19.6,19.68,18.91,18.98,983300.0
2001-09-06,19.75,20.05,19.59,19.77,1129900.0
2001-09-05,19.28,20.0,19.21,19.7,1138000.0
2001-09-04,18.62,19.82,18.5,19.44,1052100.0
2001-08-31,18.52,18.89,18.4,18.62,746200.0
2001-08-30,19.05,19.05,18.21,18.4,519200.0
2001-08-29,18.85,19.1,18.63,18.63,740700.0
2001-08-28,18.95,19.19,18.6,18.87,1100200.0
2001-08-27,19.65,19.67,18.82,19.03,980600.0
2001-08-24,19.6,20.06,19.26,19.89,599700.0
2001-08-23,19.05,19.79,18.95,19.61,1168600.0
2001-08-22,18.7,19.53,18.11,19.29,1843300.0
2001-08-21,19.5,19.5,18.45,18.54,2902800.0
2001-08-20,20.65,20.65,19.7,19.94,608900.0
2001-08-17,20.73,20.85,20.23,20.45,912600.0
2001-08-16,20.05,21.1,20.05,21.1,1424100.0
2001-08-15,20.5,20.75,20.15,20.22,693300.0
2001-08-14,20.5,20.89,20.2,20.65,1154900.0
2001-08-13,20.2,20.9,19.76,20.36,1166400.0
2001-08-10,20.01,20.99,19.92,20.43,983400.0
2001-08-09,19.9,20.4,19.77,19.97,622700.0
2001-08-08,20.0,20.14,19.8,19.89,562700.0
2001-08-07,20.12,20.19,19.76,20.19,678200.0
2001-08-06,20.07,20.13,19.8,20.0,588400.0
2001-08-03,20.37,20.6,20.02,20.16,805100.0
2001-08-02,20.0,20.36,19.81,20.25,636300.0
2001-08-01,19.87,20.07,19.64,19.9,902800.0
2001-07-31,20.17,20.4,20.02,20.12,579400.0
2001-07-30,20.35,20.7,19.84,20.27,658700.0
2001-07-27,20.4,20.88,20.26,20.37,642700.0
2001-07-26,19.38,20.78,19.24,20.65,2064000.0
2001-07-25,19.6,20.1,19.25,19.5,1912000.0
2001-07-24,20.65,20.7,19.19,19.63,2020800.0
2001-07-23,21.2,21.38,20.5,20.73,989300.0
2001-07-20,22.05,22.12,20.95,21.16,1606000.0
2001-07-19,22.4,22.5,22.0,22.18,1453200.0
2001-07-18,22.3,22.6,21.88,22.5,1712100.0
2001-07-17,22.0,22.4,21.83,22.18,2785300.0
2001-07-16,21.52,21.99,21.5,21.86,1960700.0
2001-07-13,21.65,21.69,21.38,21.5,1482200.0
2001-07-12,21.98,22.0,21.36,21.38,1748900.0
2001-07-11,20.34,21.7,20.3,21.56,3445400.0
2001-07-10,20.04,20.4,20.0,20.13,1406800.0
2001-07-09,19.95,20.13,19.76,20.04,990900.0
2001-07-06,20.41,20.41,19.85,20.05,807100.0
2001-07-05,20.2,20.6,20.05,20.48,1297600.0
2001-07-03,20.25,20.33,20.01,20.19,543500.0
2001-07-02,20.48,20.58,19.94,20.25,1195300.0
2001-06-29,20.32,20.75,20.05,20.75,1877000.0
2001-06-28,19.72,20.1,19.64,20.04,1123500.0
2001-06-27,19.37,19.6,19.27,19.5,720800.0
2001-06-26,19.1,19.64,18.62,19.12,1608700.0
2001-06-25,19.43,20.06,19.41,19.49,590900.0
2001-06-22,19.91,19.91,19.41,19.62,847300.0
2001-06-21,19.35,19.94,19.2,19.92,1164600.0
2001-06-20,19.3,19.7,19.1,19.37,1042400.0
2001-06-19,19.95,20.15,19.2,19.55,1169400.0
2001-06-18,19.5,19.78,19.4,19.58,805300.0
2001-06-15,19.45,19.98,19.3,19.69,1251300.0
2001-06-14,20.55,20.56,19.7,19.99,1323500.0
2001-06-13,21.0,21.15,20.56,20.57,1029800.0
2001-06-12,21.31,21.31,20.86,21.12,1091100.0
2001-06-11,22.0,22.09,21.51,21.62,680100.0
2001-06-08,22.45,22.6,21.76,22.08,1057200.0
2001-06-07,22.8,23.5,22.65,22.78,1613200.0
2001-06-06,22.4,22.68,22.13,22.24,770500.0
2001-06-05,22.25,22.7,21.63,22.63,1237600.0
2001-06-04,21.9,22.32,21.9,22.12,891300.0
2001-06-01,22.15,22.4,21.8,22.01,939900.0
2001-05-31,21.5,22.22,21.45,22.17,1297000.0
2001-05-30,21.75,22.1,21.28,21.47,954100.0
2001-05-29,21.44,21.83,21.41,21.81,1116300.0
2001-05-25,21.8,22.0,21.4,21.82,1029400.0
2001-05-24,22.3,22.3,21.91,22.11,1142800.0
2001-05-23,22.55,22.72,22.21,22.34,1087300.0
2001-05-22,23.25,23.26,22.73,22.78,1191900.0
2001-05-21,23.85,23.85,23.27,23.49,961700.0
2001-05-18,23.5,24.11,23.41,23.87,2252100.0
2001-05-17,22.45,24.0,22.45,23.51,3033600.0
2001-05-16,21.98,22.75,21.95,22.75,2657200.0
2001-05-15,22.26,22.26,21.77,21.9,2865300.0
2001-05-14,22.16,22.24,21.72,22.01,2435600.0
2001-05-11,22.23,22.87,21.96,22.38,1945000.0
2001-05-10,21.12,22.49,20.84,22.48,3285600.0
2001-05-09,20.71,20.88,20.29,20.88,2000400.0
2001-05-08,20.25,20.94,20.19,20.81,2220300.0
2001-05-07,19.67,20.04,19.05,20.0,1522300.0
2001-05-04,19.25,19.49,18.59,19.44,757500.0
2001-05-03,19.16,19.18,18.7,19.01,794600.0
2001-05-02,19.19,19.48,18.81,19.16,1008100.0
2001-05-01,19.5,19.62,19.12,19.43,1077800.0
2001-04-30,20.0,20.1,19.45,19.74,2124500.0
2001-04-27,18.8,20.15,18.75,20.1,3206100.0
2001-04-26,18.2,19.0,17.5,18.57,5254000.0
2001-04-25,16.47,16.88,15.87,16.09,1743300.0
2001-04-24,16.29,16.33,15.8,16.0,725600.0
2001-04-23,16.1,16.66,15.81,16.18,1581700.0
2001-04-20,17.0,17.19,16.97,16.99,729200.0
2001-04-19,17.49,17.49,17.26,17.38,962700.0
2001-04-18,17.1,17.5,16.85,17.48,1695900.0
2001-04-17,16.77,17.25,16.76,17.23,763000.0
2001-04-16,16.95,17.24,16.8,17.1,583300.0
2001-04-12,16.8,17.09,16.8,17.0,382100.0
2001-04-11,17.22,17.58,16.86,17.0,666700.0
2001-04-10,16.9,17.59,16.72,17.52,1127100.0
2001-04-09,16.6,17.19,16.55,16.65,1018200.0
2001-04-06,16.82,16.84,16.27,16.55,690800.0
2001-04-05,16.5,16.75,16.43,16.6,1327900.0
2001-04-04,16.5,16.85,16.26,16.5,1236900.0
2001-04-03,16.77,16.9,16.4,16.72,1033400.0
2001-04-02,16.8,17.4,16.51,16.77,1451800.0
2001-03-30,16.29,17.25,16.1,16.74,1440500.0
2001-03-29,16.15,16.25,15.95,16.05,967300.0
2001-03-28,16.15,16.19,15.72,16.13,1219200.0
2001-03-27,15.25,16.05,15.25,16.0,1676000.0
2001-03-26,15.24,15.24,14.61,14.96,964100.0
2001-03-23,14.66,14.99,14.39,14.95,1439600.0
2001-03-22,15.0,15.45,14.05,14.72,1098800.0
2001-03-21,15.31,15.48,15.02,15.16,793100.0
2001-03-20,15.55,15.66,15.21,15.35,1105800.0
2001-03-19,14.97,15.73,14.8,15.52,2050900.0
2001-03-16,15.0,15.39,14.78,14.89,1661500.0
2001-03-15,15.62,15.95,15.4,15.82,843000.0
2001-03-14,16.35,16.35,15.55,15.87,910100.0
2001-03-13,17.0,17.1,16.15,16.35,1178300.0
2001-03-12,17.72,17.79,17.26,17.34,596600.0
2001-03-09,17.77,17.95,17.43,17.73,522600.0
2001-03-08,17.6,18.0,17.5,17.95,633000.0
2001-03-07,17.3,17.97,17.25,17.58,660500.0
2001-03-06,17.36,17.73,17.11,17.37,477700.0
2001-03-05,17.25,17.5,17.01,17.41,868400.0
2001-03-02,17.45,17.66,17.0,17.22,1642000.0
2001-03-01,17.85,17.9,17.22,17.7,1104100.0
2001-02-28,18.39,18.4,18.02,18.09,482200.0
2001-02-27,18.23,18.25,17.92,18.19,607500.0
2001-02-26,17.77,18.15,17.71,18.03,1406700.0
2001-02-23,17.94,18.26,17.51,17.77,1437900.0
2001-02-22,18.32,18.58,17.91,18.18,1107700.0
2001-02-21,18.28,18.64,18.05,18.17,1059800.0
2001-02-20,18.7,18.9,18.36,18.5,1085900.0
2001-02-16,17.79,18.25,17.62,18.03,898900.0
2001-02-15,17.65,17.99,17.28,17.65,1183000.0
2001-02-14,18.16,18.24,17.34,17.48,1248000.0
2001-02-13,17.9,18.5,17.8,18.16,1306300.0
2001-02-12,17.4,17.96,17.4,17.78,1168100.0
2001-02-09,17.75,17.99,17.05,17.47,2754800.0
2001-02-08,16.15,17.15,16.1,17.0,1548600.0
2001-02-07,16.47,16.51,16.12,16.15,807800.0
2001-02-06,16.4,16.48,16.21,16.35,1159500.0
2001-02-05,16.16,16.5,16.01,16.29,1322000.0
2001-02-02,16.55,16.74,16.07,16.4,4580700.0
2001-02-01,16.55,16.69,16.33,16.55,1126800.0
2001-01-31,15.8,16.49,15.5,16.33,1662800.0
2001-01-30,15.6,15.74,15.52,15.7,1697900.0
2001-01-29,15.31,15.64,15.31,15.56,1087400.0
2001-01-26,15.25,15.56,15.13,15.31,1007000.0
2001-01-25,15.13,15.69,14.88,15.19,1798700.0
2001-01-24,15.5,15.69,14.69,15.56,3634300.0
2001-01-23,16.5,16.63,16.13,16.31,2312400.0
2001-01-22,16.13,16.5,16.0,16.38,1587600.0
2001-01-19,16.5,16.56,16.0,16.13,2529000.0
2001-01-18,16.5,16.69,16.44,16.56,898100.0
2001-01-17,16.5,16.5,16.19,16.5,1001200.0
2001-01-16,15.44,16.13,15.44,16.13,813200.0
2001-01-12,15.63,15.63,15.38,15.44,1782600.0
2001-01-11,15.81,15.94,15.69,15.81,917000.0
2001-01-10,16.13,16.19,15.69,15.88,1189000.0
2001-01-09,16.13,16.31,16.13,16.13,1638000.0
2001-01-08,15.44,16.25,15.38,16.13,2145400.0
2001-01-05,15.44,15.5,15.13,15.38,1741100.0
2001-01-04,14.31,16.0,14.31,15.44,2080500.0
2001-01-03,13.75,14.31,13.69,14.13,1073600.0
2001-01-02,13.81,14.13,13.63,13.69,1032900.0
2000-12-29,13.31,13.88,13.31,13.31,1750400.0
2000-12-28,13.63,13.69,13.06,13.19,1700900.0
2000-12-27,13.63,14.0,13.63,13.94,1200000.0
2000-12-26,13.81,13.81,13.56,13.62,849700.0
2000-12-22,13.63,14.0,13.56,13.81,1119900.0
2000-12-21,13.44,13.94,13.44,13.63,1316300.0
2000-12-20,13.31,13.63,12.81,13.5,2029700.0
2000-12-19,13.13,13.88,13.0,13.44,1249800.0
2000-12-18,13.13,13.5,13.13,13.31,1079400.0
2000-12-15,13.31,13.63,13.13,13.13,1577400.0
2000-12-14,13.88,13.94,13.38,13.44,1326600.0
2000-12-13,14.31,14.38,14.0,14.06,980700.0
2000-12-12,14.31,14.5,14.19,14.31,755900.0
2000-12-11,14.31,14.44,13.94,14.38,827800.0
2000-12-08,14.19,14.31,13.94,14.25,586200.0
2000-12-07,14.5,14.63,14.06,14.19,625800.0
2000-12-06,14.75,14.81,14.38,14.5,650500.0
2000-12-05,14.38,14.88,14.31,14.69,878300.0
2000-12-04,14.13,14.69,14.13,14.5,779600.0
2000-12-01,14.5,14.56,14.0,14.31,1164100.0
2000-11-30,14.56,14.75,14.31,14.38,1173300.0
2000-11-29,14.63,14.69,14.56,14.56,585400.0
2000-11-28,14.44,14.56,14.25,14.56,750900.0
2000-11-27,14.38,14.44,14.19,14.44,563000.0
2000-11-24,14.19,14.5,14.06,14.38,524900.0
2000-11-22,14.44,14.5,14.06,14.25,591000.0
2000-11-21,14.63,14.75,14.25,14.56,493800.0
2000-11-20,15.0,15.0,14.25,14.75,1691600.0
2000-11-17,15.19,15.38,14.56,14.94,1084200.0
2000-11-16,15.44,15.63,15.31,15.44,725900.0
2000-11-15,15.19,15.44,15.13,15.44,666600.0
2000-11-14,15.0,15.31,15.0,15.19,1057200.0
2000-11-13,14.56,15.13,14.5,14.94,1150700.0
2000-11-10,14.63,14.75,14.5,14.56,1149000.0
2000-11-09,14.69,14.75,14.63,14.75,564400.0
2000-11-08,14.94,14.94,14.5,14.75,944400.0
2000-11-07,15.06,15.25,14.81,14.94,1131400.0
2000-11-06,15.06,15.25,14.94,15.19,884700.0
2000-11-03,14.56,15.31,14.56,15.06,1968200.0
2000-11-02,14.06,14.63,14.06,14.63,1007400.0
2000-11-01,14.13,14.38,13.88,14.19,1401000.0
2000-10-31,13.63,14.44,13.63,14.13,1477000.0
2000-10-30,13.0,13.81,13.0,13.63,1897600.0
2000-10-27,12.88,13.06,12.81,13.0,1156500.0
2000-10-26,12.63,13.06,12.56,13.06,1618100.0
2000-10-25,12.63,12.88,12.5,12.63,1175900.0
2000-10-24,12.19,12.88,12.13,12.69,1886600.0
2000-10-23,12.31,12.38,11.94,12.0,1243000.0
2000-10-20,12.25,12.44,12.25,12.31,1256200.0
2000-10-19,12.19,12.38,12.19,12.25,881500.0
2000-10-18,12.31,12.38,12.0,12.19,1574300.0
2000-10-17,12.56,12.56,12.19,12.31,896900.0
2000-10-16,12.63,13.06,12.5,12.56,959200.0
2000-10-13,12.69,12.75,12.5,12.63,753900.0
2000-10-12,12.75,12.88,12.25,12.69,1045700.0
2000-10-11,12.94,13.0,12.63,12.63,1619300.0
2000-10-10,13.31,13.44,12.88,13.06,1648400.0
2000-10-09,13.94,13.94,13.31,13.38,1021700.0
2000-10-06,13.94,14.31,13.75,13.81,565900.0
2000-10-05,14.13,14.25,13.63,13.69,1008200.0
2000-10-04,14.06,14.63,13.94,14.19,1797000.0
2000-10-03,13.56,14.13,13.56,13.88,963800.0
2000-10-02,14.0,14.0,13.44,13.5,1387900.0
2000-09-29,14.5,14.81,14.38,14.5,681300.0
2000-09-28,14.63,14.81,14.38,14.44,947500.0
2000-09-27,14.5,14.69,14.13,14.56,1341800.0
2000-09-26,15.13,15.19,14.56,14.63,1261000.0
2000-09-25,15.25,15.31,15.0,15.13,621600.0
2000-09-22,15.38,15.5,15.0,15.31,565000.0
2000-09-21,15.38,15.63,15.31,15.31,459800.0
2000-09-20,15.38,15.5,15.25,15.31,775900.0
2000-09-19,15.75,15.75,15.31,15.38,677000.0
2000-09-18,15.75,15.81,15.63,15.69,603900.0
2000-09-15,15.75,15.88,15.69,15.75,776900.0
2000-09-14,15.94,16.13,15.63,15.75,429500.0
2000-09-13,15.88,16.19,15.81,15.94,1082300.0
2000-09-12,15.81,15.88,15.56,15.88,566700.0
2000-09-11,15.81,15.94,15.69,15.81,780000.0
2000-09-08,15.81,16.0,15.63,15.75,760900.0
2000-09-07,16.06,16.19,15.75,15.88,1073700.0
2000-09-06,16.25,16.63,16.0,16.06,671700.0
2000-09-05,16.0,16.19,16.0,16.06,763200.0
2000-09-01,16.06,16.19,15.94,16.0,1222300.0
2000-08-31,16.31,16.31,16.06,16.08,839600.0
2000-08-30,16.44,16.44,16.19,16.19,570800.0
2000-08-29,16.69,16.81,16.25,16.25,535000.0
2000-08-28,16.94,16.94,16.44,16.63,677500.0
2000-08-25,16.88,17.0,16.81,16.88,333200.0
2000-08-24,17.06,17.31,16.81,16.88,724700.0
2000-08-23,17.5,17.56,16.75,17.06,742800.0
2000-08-22,17.5,17.88,17.13,17.75,509300.0
2000-08-21,17.56,17.88,17.25,17.63,584600.0
2000-08-18,17.06,18.0,17.06,17.94,859500.0
2000-08-17,18.0,18.0,17.69,17.69,529900.0
2000-08-16,18.06,18.31,18.0,18.06,665700.0
2000-08-15,18.81,18.81,18.19,18.25,765600.0
2000-08-14,18.69,18.75,18.31,18.63,605200.0
2000-08-11,18.25,19.06,18.19,19.0,1431900.0
2000-08-10,18.5,18.81,18.5,18.56,852300.0
2000-08-09,18.94,19.13,18.44,18.63,952100.0
2000-08-08,19.38,19.75,19.13,19.75,1184200.0
2000-08-07,19.25,19.44,19.19,19.38,1254000.0
2000-08-04,19.31,19.44,18.88,19.31,1161900.0
2000-08-03,19.06,19.69,19.0,19.19,1242400.0
2000-08-02,18.63,19.13,18.63,19.06,1435100.0
2000-08-01,18.81,19.0,18.69,18.81,1116800.0
2000-07-31,18.94,19.25,18.63,18.68,1572400.0
2000-07-28,18.75,18.94,18.69,18.75,1353500.0
2000-07-27,17.94,18.94,17.81,18.69,1711400.0
2000-07-26,16.75,18.06,16.5,17.56,3410600.0
2000-07-25,15.63,15.81,15.5,15.63,842000.0
2000-07-24,15.81,15.81,15.44,15.5,620400.0
2000-07-21,16.25,16.31,15.63,15.63,433100.0
2000-07-20,15.88,16.44,15.88,16.0,688500.0
2000-07-19,16.25,16.81,15.63,15.88,803400.0
2000-07-18,16.81,16.81,16.25,16.31,411700.0
2000-07-17,16.94,17.19,16.75,16.88,673600.0
2000-07-14,16.44,16.88,16.25,16.5,947100.0
2000-07-13,16.38,16.56,16.0,16.31,583000.0
2000-07-12,16.5,16.69,16.31,16.44,495500.0
2000-07-11,16.38,16.56,16.13,16.5,725000.0
2000-07-10,16.5,16.75,16.38,16.38,487300.0
2000-07-07,16.5,16.69,16.38,16.44,907800.0
2000-07-06,16.25,16.44,15.81,16.25,1037900.0
2000-07-05,15.5,16.19,15.5,15.69,719800.0
2000-07-03,15.19,15.75,15.13,15.63,506500.0
2000-06-30,15.69,15.81,14.75,14.88,1557600.0
2000-06-29,15.94,16.0,15.56,15.75,706500.0
2000-06-28,15.88,16.25,15.75,15.95,1119800.0
2000-06-27,15.75,15.88,15.38,15.56,510600.0
2000-06-26,15.31,15.75,15.31,15.63,812600.0
2000-06-23,15.13,15.69,15.06,15.19,950000.0
2000-06-22,15.31,15.69,14.94,15.06,1284700.0
2000-06-21,16.0,16.0,15.56,15.69,729400.0
2000-06-20,16.0,16.06,15.38,15.5,1106000.0
2000-06-19,16.38,16.69,15.94,16.13,896500.0
2000-06-16,16.63,16.88,16.38,16.4,932900.0
2000-06-15,17.13,17.31,16.5,16.69,808300.0
2000-06-14,17.63,17.88,17.06,17.19,483600.0
2000-06-13,18.44,18.44,17.75,17.88,522000.0
2000-06-12,18.19,18.5,17.81,18.06,458700.0
2000-06-09,17.88,18.0,17.44,17.94,430400.0
2000-06-08,18.0,18.0,17.19,17.44,434500.0
2000-06-07,17.88,18.38,17.75,17.81,381700.0
2000-06-06,18.06,18.69,17.56,17.88,579800.0
2000-06-05,19.31,19.56,18.63,18.75,499700.0
2000-06-02,19.0,19.69,18.81,19.56,892300.0
2000-06-01,18.0,19.0,17.94,18.69,907800.0
2000-05-31,17.63,17.88,17.63,17.75,996100.0
2000-05-30,17.31,17.81,17.31,17.63,1239100.0
2000-05-26,17.5,17.94,16.88,17.25,887400.0
2000-05-25,18.38,18.69,17.5,17.5,502200.0
2000-05-24,18.63,18.63,18.0,18.44,739000.0
2000-05-23,18.38,18.63,18.13,18.38,513300.0
2000-05-22,18.88,18.94,18.19,18.56,687800.0
2000-05-19,19.0,19.19,18.69,18.75,722300.0
2000-05-18,19.13,19.56,19.06,19.31,721300.0
2000-05-17,19.5,19.69,19.06,19.25,346400.0
2000-05-16,19.06,19.69,19.0,19.69,576500.0
2000-05-15,19.31,19.44,18.94,19.0,612100.0
2000-05-12,19.06,19.56,19.0,19.31,939200.0
2000-05-11,18.63,19.25,18.63,19.0,1309400.0
2000-05-10,18.81,18.88,18.38,18.63,1242600.0
2000-05-09,18.19,19.0,18.19,18.81,1114100.0
2000-05-08,17.25,18.06,17.25,17.94,587500.0
2000-05-05,16.31,17.56,16.31,17.25,1003500.0
2000-05-04,16.75,16.81,16.25,16.31,634900.0
2000-05-03,17.06,17.5,16.88,16.88,786100.0
2000-05-02,17.5,17.5,17.0,17.38,781100.0
2000-05-01,17.88,18.0,17.31,17.63,841700.0
2000-04-28,17.5,17.75,16.63,17.63,840500.0
2000-04-27,17.88,18.13,17.44,17.69,857100.0
2000-04-26,18.63,18.88,17.88,18.13,592900.0
2000-04-25,17.81,18.63,17.72,18.44,725500.0
2000-04-24,17.13,17.63,17.0,17.44,711000.0
2000-04-20,17.56,17.56,16.63,17.13,739700.0
2000-04-19,17.25,17.88,16.94,17.5,772300.0
2000-04-18,16.81,17.5,16.31,17.25,884500.0
2000-04-17,17.0,17.25,16.63,16.88,912400.0
2000-04-14,16.94,17.25,16.31,17.06,983700.0
2000-04-13,17.75,17.75,16.75,17.44,719600.0
2000-04-12,18.0,19.19,17.63,18.26,1431300.0
2000-04-11,16.31,18.0,16.31,17.63,1667100.0
2000-04-10,16.31,16.44,16.19,16.31,908100.0
2000-04-07,15.94,16.5,15.56,16.38,1865200.0
2000-04-06,16.0,16.63,15.88,15.88,1329300.0
2000-04-05,15.0,16.13,15.0,15.94,1770300.0
2000-04-04,14.5,15.13,14.5,14.81,1387000.0
2000-04-03,14.38,14.75,14.19,14.38,1347800.0
2000-03-31,14.06,14.63,13.81,14.25,1318100.0
2000-03-30,14.0,14.38,13.88,14.13,914800.0
2000-03-29,14.0,14.44,13.88,14.0,726200.0
2000-03-28,14.69,14.94,13.81,13.88,958300.0
2000-03-27,14.5,15.0,14.25,15.0,1018400.0
2000-03-24,14.25,14.69,13.94,14.25,955000.0
2000-03-23,14.75,14.94,14.31,14.38,792000.0
2000-03-22,15.0,15.19,14.56,14.94,875200.0
2000-03-21,14.69,15.06,14.38,15.0,755100.0
2000-03-20,15.94,16.0,14.69,15.0,1052800.0
2000-03-17,15.13,15.94,15.0,15.88,2308700.0
2000-03-16,13.88,15.13,13.81,15.13,2207900.0
2000-03-15,12.88,13.69,12.75,13.63,1619900.0
2000-03-14,12.88,12.88,12.69,12.75,1871700.0
2000-03-13,12.88,13.13,12.69,12.94,1201400.0
2000-03-10,12.94,13.19,12.81,13.19,1382200.0
2000-03-09,13.0,13.25,12.75,13.19,1030600.0
2000-03-08,13.0,13.31,12.88,12.94,1023800.0
2000-03-07,13.38,13.5,12.69,12.94,1652600.0
2000-03-06,13.75,13.75,13.06,13.38,1080500.0
2000-03-03,13.44,14.13,13.38,13.94,1200500.0
2000-03-02,13.94,13.94,13.13,13.44,1834500.0
2000-03-01,13.63,14.19,13.44,13.88,1533600.0
2000-02-29,13.94,14.13,13.44,13.56,2224400.0
2000-02-28,14.06,14.13,13.56,13.94,2864500.0
2000-02-25,13.75,14.06,13.69,13.75,1923700.0
2000-02-24,14.75,14.75,13.69,13.75,2180200.0
2000-02-23,14.88,15.0,14.69,14.75,1218800.0
2000-02-22,14.69,15.31,14.69,15.13,1024400.0
2000-02-18,14.94,15.12,14.81,14.81,1047000.0
2000-02-17,14.81,15.19,14.69,14.81,1176800.0
2000-02-16,15.25,15.38,14.69,15.25,1664900.0
2000-02-15,15.13,15.5,15.0,15.19,1072600.0
2000-02-14,15.0,15.63,14.81,15.13,2381300.0
2000-02-11,15.31,15.31,14.56,14.63,986200.0
2000-02-10,15.5,15.75,15.0,15.0,1809900.0
2000-02-09,15.88,15.94,15.31,15.31,1693300.0
2000-02-08,16.0,16.25,15.31,15.38,1128600.0
2000-02-07,16.0,16.44,15.75,16.25,1249800.0
2000-02-04,16.06,16.06,15.63,15.75,1264800.0
2000-02-03,16.38,16.5,16.0,16.06,1025200.0
2000-02-02,16.56,16.75,16.25,16.31,1065900.0
2000-02-01,16.75,17.25,16.75,16.75,1023700.0
2000-01-31,17.25,17.31,16.56,17.0,1309500.0
2000-01-28,17.25,17.69,17.06,17.25,1595000.0
2000-01-27,18.13,18.44,17.31,17.5,1854000.0
2000-01-26,18.44,18.75,17.31,17.75,1686100.0
2000-01-25,19.0,19.81,18.31,18.81,848000.0
2000-01-24,19.94,19.94,18.94,18.94,743800.0
2000-01-21,20.0,20.0,19.44,19.69,728400.0
2000-01-20,20.06,20.25,19.19,19.75,2308200.0
2000-01-19,20.25,20.44,20.0,20.06,1144700.0
2000-01-18,21.0,21.0,20.13,20.38,1251300.0
2000-01-14,21.75,21.88,21.25,21.44,871300.0
2000-01-13,21.44,22.75,21.31,21.75,1058900.0
2000-01-12,21.63,21.81,20.94,21.19,666400.0
2000-01-11,21.13,21.69,21.13,21.38,749700.0
2000-01-10,20.81,21.31,20.38,21.31,700400.0
2000-01-07,21.25,21.38,20.5,20.69,730800.0
2000-01-06,20.19,21.56,19.69,21.31,1390700.0
2000-01-05,20.38,20.38,19.81,19.88,969300.0
2000-01-04,20.13,20.38,19.88,20.25,859600.0
2000-01-03,20.25,20.38,19.88,20.13,694200.0
1999-12-31,20.44,20.5,20.0,20.5,367100.0
1999-12-30,20.56,20.75,20.38,20.69,477700.0
1999-12-29,20.75,20.88,20.56,20.81,415700.0
1999-12-28,20.63,21.06,20.5,20.63,631600.0
1999-12-27,20.63,21.31,20.44,20.5,739000.0
1999-12-23,19.69,20.63,19.69,20.44,885300.0
1999-12-22,20.13,20.19,19.63,19.75,1750100.0
1999-12-21,21.0,21.06,19.75,20.38,1199800.0
1999-12-20,22.5,22.5,21.0,21.58,1092800.0
1999-12-17,21.19,23.0,21.06,22.38,1415300.0
1999-12-16,21.0,21.31,20.88,21.19,1614900.0
1999-12-15,21.06,21.38,20.69,21.13,1212500.0
1999-12-14,21.25,21.38,20.69,21.19,769400.0
1999-12-13,21.31,21.56,21.13,21.37,2151000.0
1999-12-10,20.88,21.31,20.75,21.31,1031700.0
1999-12-09,21.13,21.44,20.81,20.81,1744400.0
1999-12-08,21.38,21.69,20.94,21.13,775700.0
1999-12-07,21.38,21.5,21.0,21.31,1382400.0
1999-12-06,21.31,21.44,21.19,21.38,708300.0
1999-12-03,21.06,21.69,21.0,21.44,1637600.0
1999-12-02,21.44,21.5,21.13,21.13,834500.0
1999-12-01,21.44,21.5,21.31,21.44,780700.0
1999-11-30,21.5,21.63,21.38,21.38,1097400.0
1999-11-29,21.94,22.0,21.5,21.5,945800.0
1999-11-26,21.63,22.13,21.63,21.94,158000.0
1999-11-24,22.25,22.25,21.63,21.81,679100.0
1999-11-23,22.5,22.5,21.88,22.44,668300.0
1999-11-22,23.19,23.25,22.38,22.38,838800.0
1999-11-19,23.63,23.69,23.13,23.19,417700.0
1999-11-18,23.88,23.94,23.0,23.75,557700.0
1999-11-17,24.69,24.81,23.19,24.0,2812600.0
1999-11-16,24.25,24.88,24.0,24.81,529000.0
1999-11-15,24.38,24.44,23.94,24.25,509100.0
1999-11-12,23.75,24.38,23.75,24.38,451200.0
1999-11-11,23.63,23.94,23.44,23.75,369500.0
1999-11-10,23.5,24.0,23.25,23.88,626100.0
1999-11-09,24.19,24.25,23.5,23.75,511000.0
1999-11-08,23.44,23.81,23.25,23.69,629300.0
1999-11-05,23.81,23.94,23.38,23.44,474400.0
1999-11-04,23.69,24.19,23.69,23.81,527800.0
1999-11-03,24.19,24.25,23.69,23.69,1498200.0
1999-11-02,24.69,24.69,24.25,24.31,604800.0
1999-11-01,24.44,24.88,24.13,24.69,762000.0
